326.06427335739136
325.31285309791565
324.9836492538452
324.53812050819397
324.37465238571167
323.52686190605164
323.75516057014465
323.3704934120178
323.31089425086975
322.5509932041168
322.74878787994385
322.39672589302063
322.2878375053406
321.97128200531006
321.71746158599854
321.68228101730347
321.4907944202423
321.0457606315613
321.3484961986542
320.5872735977173
320.4913561344147
320.31777691841125
320.0038025379181
319.70993733406067
319.61731457710266
318.67559719085693
319.7476089000702
318.16530680656433
318.5657572746277
317.8443169593811
317.99208664894104
318.62580466270447
318.18560314178467
317.8995051383972
317.1088798046112
316.94652009010315
316.29257440567017
316.16408133506775
313.73127484321594
310.71543979644775
303.6281189918518
290.4889211654663
270.6846270561218
268.3735122680664
232.0950142145157
221.87839376926422
214.0577404499054
203.74552083015442
199.07343095541
187.05529218912125
180.0456992983818
176.2638317346573
165.737118601799
154.69038519263268
147.6649078130722
133.0190201997757
129.36704233288765
116.40527719259262
119.39548736810684
111.94749948382378
95.18240514397621
90.96155732870102
90.47590458393097
81.19362515211105
79.87592560052872
74.52664989233017
73.35352903604507
76.01205241680145
62.32492220401764
61.32961991429329
49.52179178595543
46.53100523352623
52.065247029066086
40.5262171626091
43.364812821149826
37.9062976539135
38.62278997898102
36.06088763475418
29.899762988090515
32.67737153172493
31.412366598844528
21.709677755832672
23.449798196554184
28.735283732414246
24.51507067680359
19.545970261096954
18.689885437488556
22.09553438425064
15.9208904504776
10.838938176631927
14.402439594268799
17.85654240846634
12.819427847862244
15.550481736660004
12.100207507610321
10.39936900138855
10.613662481307983
11.88172197341919
8.289601564407349
8.568452537059784
10.128620147705078
10.152830302715302
3.8414283990859985
4.37957626581192
10.05161589384079
3.6936216354370117
5.7230183482170105
6.655717611312866
8.662477433681488
1.4875006675720215
4.461526393890381
7.040444791316986
3.5711631178855896
6.1056787967681885
1.693585216999054
11.540283679962158
7.078783452510834
2.6901965141296387
2.6872392892837524
7.696137011051178
5.06378310918808
2.0253490209579468
4.4249550104141235
0.7979037761688232
0.3400796055793762
0.6106243133544922
3.2348214387893677
6.086318135261536
3.0982980728149414
0.5576668977737427
0.3304264545440674
0.19547796249389648
0.11938369274139404
0.09935057163238525
0.11987602710723877
0.10825657844543457
2.33803653717041
0.4364349842071533
0.6306465864181519
0.45099711418151855
4.577818751335144
4.7007434368133545
2.515596389770508
0.5227870941162109
0.30946242809295654
0.15250372886657715
0.17234110832214355
0.15960729122161865
0.13636624813079834
0.0848156213760376
0.07371950149536133
0.07642173767089844
0.07693469524383545
0.07965219020843506
0.032425642013549805
0.06340289115905762
0.031934380531311035
0.030722618103027344
0.03810596466064453
0.08651125431060791
0.048441290855407715
0.029895782470703125
0.029090166091918945
0.026965737342834473
0.02666604518890381
0.023158669471740723
0.02818882465362549
0.0202639102935791
0.019709348678588867
0.017777562141418457
0.02467656135559082
0.01377415657043457
0.020037055015563965
0.018245458602905273
0.01623845100402832
0.012209415435791016
0.028409242630004883
0.016086816787719727
0.015551924705505371
0.015440940856933594
0.012725830078125
0.008812665939331055
0.01420605182647705
0.014568328857421875
0.014650344848632812
0.011262655258178711
0.009740233421325684
0.013373374938964844
0.03398323059082031
0.02086353302001953
0.0205916166305542
0.023934483528137207
0.012232542037963867
0.013138532638549805
0.015246152877807617
0.011877059936523438
0.0126800537109375
0.01206827163696289
0.010887384414672852
0.008547544479370117
0.00867915153503418
0.0082550048828125
0.009793639183044434
0.008299589157104492
0.009734392166137695
0.008604288101196289
0.009749650955200195
0.01155388355255127
0.008163213729858398
0.008289813995361328
0.009407520294189453
0.009215235710144043
0.008074283599853516
0.013008832931518555
0.008159160614013672
0.0072820186614990234
0.0061244964599609375
0.005410194396972656
0.008074522018432617
0.009337306022644043
0.005385160446166992
0.0077016353607177734
0.00842142105102539
0.008280754089355469
0.01109004020690918
0.006949901580810547
0.006900310516357422
0.006231069564819336
0.005557656288146973
0.0034766197204589844
0.007956981658935547
0.008344411849975586
0.007454991340637207
0.008124232292175293
0.004489421844482422
0.007714033126831055
0.007141828536987305
0.004981517791748047
0.007823705673217773
0.008387327194213867
0.004500627517700195
0.005426168441772461
0.005960226058959961
0.006166815757751465
0.0030260086059570312
0.005846261978149414
0.005913496017456055
0.004704952239990234
0.0059435367584228516
0.005135774612426758
0.004324913024902344
0.007438182830810547
0.0043659210205078125
0.0048923492431640625
0.0057086944580078125
0.005226612091064453
0.003592967987060547
0.006667613983154297
0.0049648284912109375
0.004399776458740234
0.006861209869384766
0.006453514099121094
0.005316734313964844
0.005125761032104492
0.00393986701965332
0.0056416988372802734
0.0047321319580078125
0.005614519119262695
0.004758358001708984
0.0050048828125
0.004977703094482422
0.0048847198486328125
0.004701137542724609
0.004381656646728516
0.00537872314453125
0.003803730010986328
0.002810239791870117
0.005158185958862305
0.006299018859863281
0.00511622428894043
0.004541158676147461
0.003943681716918945
0.0035097599029541016
0.005548238754272461
0.0037832260131835938
0.0032320022583007812
0.005046844482421875
0.00419926643371582
0.003401041030883789
0.004298090934753418
0.0043528079986572266
0.003629446029663086
0.0033195018768310547
0.0036787986755371094
0.004106998443603516
0.0036122798919677734
0.00440526008605957
0.0026307106018066406
0.004021167755126953
0.0036661624908447266
0.003431558609008789
0.0034922361373901367
0.004499912261962891
0.004033803939819336
0.003378629684448242
0.004795074462890625
0.0034084320068359375
0.002769947052001953
0.0036809444427490234
0.004088163375854492
0.0030846595764160156
0.003700733184814453
0.0034346580505371094
0.004225611686706543
0.0036351680755615234
0.004695415496826172
0.004244327545166016
0.0037453174591064453
0.00469660758972168
0.002920866012573242
0.0037108659744262695
0.002335071563720703
0.0026040077209472656
0.003432035446166992
0.003170013427734375
0.003565073013305664
0.0026400089263916016
0.002866029739379883
0.002470254898071289
0.0034928321838378906
0.0027976036071777344
0.0032782554626464844
0.003430604934692383
0.0023353099822998047
0.0034258365631103516
0.003942728042602539
0.002764463424682617
0.0029277801513671875
0.0020148754119873047
0.004186391830444336
0.0028159618377685547
0.0036499500274658203
0.003573179244995117
0.0025436878204345703
0.002495288848876953
0.0029463768005371094
0.0028704404830932617
0.002559661865234375
0.002786874771118164
0.003159046173095703
0.0026407241821289062
0.0026578903198242188
0.002286195755004883
0.0023267269134521484
0.0037643909454345703
0.0021402835845947266
0.0032172203063964844
0.002480030059814453
0.0031926631927490234
0.002517223358154297
0.002346038818359375
0.0026884078979492188
0.0020759105682373047
0.003084421157836914
0.00341796875
0.003519773483276367
0.0033044815063476562
0.0024628639221191406
0.0022857189178466797
0.0024013519287109375
0.0027725696563720703
0.0030057430267333984
0.0022461414337158203
0.003317594528198242
0.002134561538696289
0.0027768611907958984
0.0026073455810546875
0.002563953399658203
0.002720355987548828
0.0016067028045654297
0.002881765365600586
0.002758026123046875
0.0015940666198730469
0.0019598007202148438
0.0023822784423828125
0.0021729469299316406
0.0020351409912109375
0.003316164016723633
0.002964019775390625
0.002548694610595703
0.002080678939819336
0.0022263526916503906
0.0023467540740966797
0.0024156570434570312
0.0027379989624023438
0.0025703907012939453
0.0021085739135742188
0.002912759780883789
0.0020864009857177734
0.001949310302734375
0.0024862289428710938
0.0028426647186279297
0.0024220943450927734
0.0021507740020751953
0.0024633407592773438
0.003160715103149414
0.002606630325317383
0.00222015380859375
0.002280712127685547
0.0021066665649414062
0.002205371856689453
0.00312042236328125
0.0025081634521484375
0.0016071796417236328
0.0019965171813964844
0.0023145675659179688
0.0021359920501708984
0.0019600391387939453
0.001619577407836914
0.002756834030151367
0.0018296241760253906
0.0021626949310302734
0.0035147666931152344
0.0017371177673339844
0.0017168521881103516
0.0030286312103271484
0.0021512508392333984
0.0024902820587158203
0.0020194053649902344
0.0018172264099121094
0.0016684532165527344
0.0017485618591308594
0.002260446548461914
0.0013566017150878906
0.0016629695892333984
0.0016906261444091797
0.002082347869873047
0.003049612045288086
0.0022509098052978516
0.002130746841430664
0.0019330978393554688
0.0018668174743652344
0.0019369125366210938
0.0024366378784179688
0.002064943313598633
0.0019112825393676758
0.0017766952514648438
0.0017442703247070312
0.002242565155029297
0.0024089813232421875
0.0012843608856201172
0.002132892608642578
0.0022318363189697266
0.0021164417266845703
0.0018382072448730469
0.001978158950805664
0.002207517623901367
0.0020821094512939453
0.001142263412475586
0.002052783966064453
0.0013871192932128906
0.0016834735870361328
0.0013866424560546875
0.0021758079528808594
0.0018451213836669922
0.0021758079528808594
0.001880645751953125
0.001708984375
0.001986980438232422
0.0023648738861083984
0.001539468765258789
0.0015671253204345703
0.0018587112426757812
0.002338409423828125
0.0018761157989501953
0.0016646385192871094
0.0018324851989746094
0.001653909683227539
0.0020990371704101562
0.002103567123413086
0.0011243820190429688
0.0021088123321533203
0.0032529830932617188
0.001597285270690918
0.0016260147094726562
0.0020787715911865234
0.00154876708984375
0.0016644001007080078
0.0009686946868896484
0.0015244483947753906
0.001500844955444336
0.0019490718841552734
0.0016553401947021484
0.0021505355834960938
0.002215862274169922
0.0013041496276855469
0.0021636486053466797
0.0014955997467041016
0.0015635490417480469
0.0017864704132080078
0.0013229846954345703
0.0015735626220703125
0.001615285873413086
0.0018947124481201172
0.0015497207641601562
0.0014684200286865234
0.0014464855194091797
0.0015139579772949219
0.001878976821899414
0.001546621322631836
0.001486063003540039
0.0020034313201904297
0.0012390613555908203
0.0015366077423095703
0.001348257064819336
0.0015192031860351562
0.0021867752075195312
0.0017611980438232422
0.0022432804107666016
0.0017495155334472656
0.0020689964294433594
0.0015473365783691406
0.0017218589782714844
0.0019168853759765625
0.0017597675323486328
0.0007157325744628906
0.0010194778442382812
0.0011124610900878906
0.00164794921875
0.0012061595916748047
0.0015816688537597656
0.001688241958618164
0.0011229515075683594
0.0018301010131835938
0.0016617774963378906
0.00186920166015625
0.001415252685546875
0.0012538433074951172
0.0019087791442871094
0.0011441707611083984
0.0014317035675048828
0.0012497901916503906
0.001753091812133789
0.0015316009521484375
0.0019147396087646484
0.0012569427490234375
0.0016012191772460938
0.0017583370208740234
0.0010516643524169922
0.0014312267303466797
0.0019354820251464844
0.0013992786407470703
0.0014901161193847656
0.0018754005432128906
0.0017838478088378906
0.0013132095336914062
0.001775979995727539
0.0010273456573486328
0.001813650131225586
0.0019266605377197266
0.0010695457458496094
0.0008058547973632812
0.0012469291687011719
0.0011646747589111328
0.0017538070678710938
0.0011093616485595703
0.0014200210571289062
0.0009336471557617188
0.0013210773468017578
0.0009694099426269531
0.0011799335479736328
0.002343416213989258
0.0012927055358886719
0.001216888427734375
0.0010175704956054688
0.0016765594482421875
0.0012285709381103516
0.0020606517791748047
0.0013833045959472656
0.0008962154388427734
0.001495361328125
0.001837015151977539
0.0014753341674804688
0.0013895034790039062
0.001451730728149414
0.0010263919830322266
0.00179290771484375
0.0011992454528808594
0.0014379024505615234
0.0013034343719482422
0.0016970634460449219
0.0018694400787353516
0.0012950897216796875
0.0011451244354248047
0.001020669937133789
0.0015399456024169922
0.0010902881622314453
0.0015347003936767578
0.0008666515350341797
0.0015783309936523438
0.0016760826110839844
0.0015494823455810547
0.0008881092071533203
0.0009949207305908203
0.0011074542999267578
0.0012633800506591797
0.0009586811065673828
0.0012967586517333984
0.001033782958984375
0.001049041748046875
0.0014827251434326172
0.0016248226165771484
0.0009267330169677734
0.0017936229705810547
0.0012481212615966797
0.0014492273330688477
0.0012907981872558594
0.0015337467193603516
0.0012097358703613281
0.0013387203216552734
0.0015614032745361328
0.0011148452758789062
0.001191854476928711
0.001298666000366211
0.0018126964569091797
0.0010731220245361328
0.0010349750518798828
0.0012733936309814453
0.0009930133819580078
0.0011227130889892578
0.0010190010070800781
0.0015003681182861328
0.0010542869567871094
0.0008897781372070312
0.0011169910430908203
0.0018303394317626953
0.0011696815490722656
0.0010180473327636719
0.0011456012725830078
0.0011951923370361328
0.0012500286102294922
0.001405954360961914
0.0006587505340576172
0.0008244514465332031
0.0013725757598876953
0.0011420249938964844
0.0010709762573242188
0.0009548664093017578
0.00093841552734375
0.0009489059448242188
0.001222848892211914
0.0008587837219238281
0.0013575553894042969
0.0010838508605957031
0.0009229183197021484
0.001199960708618164
0.0014095306396484375
0.0013120174407958984
0.0010640621185302734
0.001321554183959961
0.001329183578491211
0.0009653568267822266
0.001069784164428711
0.0009510517120361328
0.0009534358978271484
0.0009951591491699219
0.0008649826049804688
0.0014307498931884766
0.0011241436004638672
0.0010614395141601562
0.0008723735809326172
0.001249074935913086
0.0016591548919677734
0.001129150390625
0.0011475086212158203
0.0013203620910644531
0.0014214515686035156
0.0017213821411132812
0.0015871524810791016
0.0010914802551269531
0.0014069080352783203
0.0006003379821777344
0.0011444091796875
0.0010380744934082031
0.0009527206420898438
0.0008630752563476562
0.0011305809020996094
0.0011489391326904297
0.0008475780487060547
0.0008141994476318359
0.0015807151794433594
0.0010731220245361328
0.0016436576843261719
0.0013387203216552734
0.0010612010955810547
0.0011131763458251953
0.0012810230255126953
0.0008273124694824219
0.0009562969207763672
0.0009942054748535156
0.0011794567108154297
0.0009179115295410156
0.0010745525360107422
0.001520395278930664
0.001262664794921875
0.001322031021118164
0.0011720657348632812
0.0007071495056152344
0.0011625289916992188
0.0007884502410888672
0.0009286403656005859
0.0010221004486083984
0.0014133453369140625
0.0007531642913818359
0.0011255741119384766
0.0006964206695556641
0.0011038780212402344
0.0006914138793945312
0.0014107227325439453
0.0011594295501708984
0.0009779930114746094
0.0007765293121337891
0.0016231536865234375
0.0009264945983886719
0.0008289813995361328
0.001024007797241211
0.0010461807250976562
0.0009467601776123047
0.0010967254638671875
0.0009570121765136719
0.0012454986572265625
0.0010333061218261719
0.0008759498596191406
0.0008432865142822266
0.0011034011840820312
0.00095367431640625
0.0017406940460205078
0.0008039474487304688
0.000904083251953125
0.0011031627655029297
0.0009164810180664062
0.0010995864868164062
0.0015325546264648438
0.0009500980377197266
0.0009989738464355469
0.0008256435394287109
0.0008015632629394531
0.00087738037109375
0.0010387897491455078
0.0011534690856933594
0.00092315673828125
0.0008592605590820312
0.0007939338684082031
0.0008385181427001953
0.0006778240203857422
0.0009255409240722656
0.0010313987731933594
0.0006082057952880859
0.0010828971862792969
0.0009386539459228516
0.0007269382476806641
0.0006277561187744141
0.000812530517578125
0.0011224746704101562
0.0010447502136230469
0.0008018016815185547
0.0010724067687988281
0.0009276866912841797
0.001093149185180664
0.0013053417205810547
0.0016925334930419922
0.0008304119110107422
0.0007452964782714844
0.0010950565338134766
0.0007638931274414062
0.0009665489196777344
0.0011768341064453125
0.0009448528289794922
0.0014290809631347656
0.0010488033294677734
0.0012173652648925781
0.0006973743438720703
0.0008909702301025391
0.0009677410125732422
0.0010633468627929688
0.0013613700866699219
0.0007283687591552734
0.0013203620910644531
0.0006229877471923828
0.00047779083251953125
0.0007531642913818359
0.0012469291687011719
0.001028299331665039
0.0008442401885986328
0.0008699893951416016
0.0010342597961425781
0.0007627010345458984
0.0013606548309326172
0.0006422996520996094
0.0008337497711181641
0.0006866455078125
0.0010538101196289062
0.0009720325469970703
0.0009183883666992188
0.0007798671722412109
0.0005693435668945312
0.0008392333984375
0.0008206367492675781
0.0009615421295166016
0.0010726451873779297
0.0008912086486816406
0.0011339187622070312
0.0007822513580322266
0.0007233619689941406
0.0012629032135009766
0.0009202957153320312
0.0009069442749023438
0.00087738037109375
0.0009107589721679688
0.0008199214935302734
0.0009932518005371094
0.0008821487426757812
0.0006773471832275391
0.0006723403930664062
0.0008494853973388672
0.0009143352508544922
0.0011479854583740234
0.0008759498596191406
0.0008864402770996094
0.0009555816650390625
0.0008292198181152344
0.0007877349853515625
0.0009598731994628906
0.0010349750518798828
0.0010960102081298828
0.0009303092956542969
0.0012197494506835938
0.0006089210510253906
0.0007679462432861328
0.0009741783142089844
0.0007207393646240234
0.0005614757537841797
0.0007925033569335938
0.0009586811065673828
0.0006940364837646484
0.0007512569427490234
0.0007328987121582031
0.0011377334594726562
0.000762939453125
0.0010347366333007812
0.0007870197296142578
0.0009622573852539062
0.0012149810791015625
0.0004911422729492188
0.0007448196411132812
0.0007274150848388672
0.000986337661743164
0.0008521080017089844
0.0007357597351074219
0.0009610652923583984
0.001010894775390625
0.0007023811340332031
0.0011222362518310547
0.0007405281066894531
0.0006515979766845703
0.0006380081176757812
0.00078582763671875
0.0004677772521972656
0.0008652210235595703
0.0007121562957763672
0.0007426738739013672
0.0006923675537109375
0.0009589195251464844
0.0011572837829589844
0.001009225845336914
0.0008859634399414062
0.0007166862487792969
0.00109100341796875
0.0009419918060302734
0.0010499954223632812
0.0006573200225830078
0.0006809234619140625
0.00066375732421875
0.0009126663208007812
0.0009019374847412109
0.0007405281066894531
0.0007948875427246094
0.0006816387176513672
0.0008683204650878906
0.0010118484497070312
0.0007054805755615234
0.0008614063262939453
0.0007655620574951172
0.0006606578826904297
0.0008180141448974609
0.000499725341796875
0.0007369518280029297
0.0005662441253662109
0.0008566379547119141
0.0005979537963867188
0.0005583763122558594
0.0009975433349609375
0.0008418560028076172
0.0005960464477539062
0.0005431175231933594
0.000919342041015625
0.0006749629974365234
0.0007598400115966797
0.0007081031799316406
0.0010306835174560547
0.0008597373962402344
0.0008494853973388672
0.0010223388671875
0.0010929107666015625
0.0008454322814941406
0.001035451889038086
0.0007162094116210938
0.0008819103240966797
0.0005905628204345703
0.0007376670837402344
0.0010423660278320312
0.0008001327514648438
0.0006122589111328125
0.0007138252258300781
0.0006926059722900391
0.0006673336029052734
0.0006730556488037109
0.0008456707000732422
0.0008032321929931641
0.0008914470672607422
0.0007429122924804688
0.00063323974609375
0.0010976791381835938
0.0007030963897705078
0.0007455348968505859
0.000797271728515625
0.0007464885711669922
0.0005037784576416016
0.0008463859558105469
0.0011703968048095703
0.0005176067352294922
0.0006337165832519531
0.0009245872497558594
0.0009071826934814453
0.0006971359252929688
0.0007171630859375
0.0006070137023925781
0.0007016658782958984
0.0008845329284667969
0.0006108283996582031
0.0008535385131835938
0.0006971359252929688
0.0009124279022216797
0.0006506443023681641
0.0007467269897460938
0.0004546642303466797
0.0008308887481689453
0.0006976127624511719
0.0008013248443603516
0.0007042884826660156
0.0004146099090576172
0.0007822513580322266
0.0008068084716796875
0.0005562305450439453
0.0006949901580810547
0.0005445480346679688
0.0009565353393554688
0.0006642341613769531
0.000986337661743164
0.0009715557098388672
0.0008156299591064453
0.0006237030029296875
0.0007507801055908203
0.0007236003875732422
0.0005393028259277344
0.0008051395416259766
0.0006303787231445312
0.0005190372467041016
0.000705718994140625
0.0006961822509765625
0.0006968975067138672
0.0009126663208007812
0.00045680999755859375
0.0010457038879394531
0.0008428096771240234
0.0006048679351806641
0.0006582736968994141
0.0007848739624023438
0.0006983280181884766
0.0009479522705078125
0.00069427490234375
0.0006909370422363281
0.0008292198181152344
0.0006160736083984375
0.0006897449493408203
0.0007677078247070312
0.0004456043243408203
0.0004677772521972656
0.0008137226104736328
0.0006482601165771484
0.0006351470947265625
0.0008168220520019531
0.0007593631744384766
0.0006515979766845703
0.0007660388946533203
0.0008721351623535156
0.0007274150848388672
0.0005412101745605469
0.000514984130859375
0.0004253387451171875
0.000476837158203125
0.0007307529449462891
0.0007009506225585938
0.0009522438049316406
0.0007205009460449219
0.0006134510040283203
0.0006053447723388672
0.0008447170257568359
0.0006337165832519531
0.0006394386291503906
0.0007197856903076172
0.00066375732421875
0.0004940032958984375
0.0007536411285400391
0.0008223056793212891
0.0006732940673828125
0.0008723735809326172
0.0006346702575683594
0.0010159015655517578
0.0005438327789306641
0.0006096363067626953
0.0007963180541992188
0.0006127357482910156
0.0005922317504882812
0.0005707740783691406
0.0006680488586425781
0.00048732757568359375
0.0005881786346435547
0.0006389617919921875
0.0010402202606201172
0.0008859634399414062
0.0007188320159912109
0.0004572868347167969
0.0007064342498779297
0.0005507469177246094
0.0006165504455566406
0.000396728515625
0.0006167888641357422
0.0008368492126464844
0.0004646778106689453
0.0007002353668212891
0.0009248256683349609
0.0004737377166748047
0.0006971359252929688
0.0006546974182128906
0.0006358623504638672
0.00084686279296875
0.0006449222564697266
0.0006048679351806641
0.001024007797241211
0.0006437301635742188
0.0006585121154785156
0.0004467964172363281
0.0008339881896972656
0.0006256103515625
0.0005006790161132812
0.0007216930389404297
0.0006251335144042969
0.0005965232849121094
0.0005440711975097656
0.0004353523254394531
0.0006597042083740234
0.0005536079406738281
0.0005967617034912109
0.0005710124969482422
0.0008032321929931641
0.0006735324859619141
0.0005462169647216797
0.000804901123046875
0.0005366802215576172
0.0006167888641357422
0.0004582405090332031
0.0006008148193359375
0.0007421970367431641
0.0007753372192382812
0.0007550716400146484
0.00038361549377441406
0.0007970333099365234
0.000614166259765625
0.0005638599395751953
0.0004677772521972656
0.0004899501800537109
0.0005085468292236328
0.0004558563232421875
0.0007131099700927734
0.00054931640625
0.0009043216705322266
0.0010371208190917969
0.0007548332214355469
0.0007381439208984375
0.0005517005920410156
0.0007374286651611328
0.0005130767822265625
0.0005254745483398438
0.00047969818115234375
0.0007419586181640625
0.0006437301635742188
0.0008363723754882812
0.0007421970367431641
0.0006678104400634766
0.0006537437438964844
0.0007545948028564453
0.000469207763671875
0.0006206035614013672
0.0004177093505859375
0.0004584789276123047
0.00048732757568359375
0.0007903575897216797
0.0005402565002441406
0.0005805492401123047
0.0006470680236816406
0.00044798851013183594
0.0006914138793945312
0.0007357597351074219
0.0006022453308105469
0.0006992816925048828
0.0004127025604248047
0.0007266998291015625
0.0006768703460693359
0.0005445480346679688
0.0003447532653808594
0.0005214214324951172
0.0009362697601318359
0.000621795654296875
0.0004432201385498047
0.0006461143493652344
0.0006833076477050781
0.0006501674652099609
0.0006542205810546875
0.0006170272827148438
0.0005562305450439453
0.0006654262542724609
0.0005352497100830078
0.0006077289581298828
0.0006206035614013672
0.0005164146423339844
0.000675201416015625
0.0005161762237548828
0.0004870891571044922
0.00044798851013183594
0.0006730556488037109
0.0007202625274658203
0.0005593299865722656
0.0005958080291748047
0.0006575584411621094
0.0004642009735107422
0.0007944107055664062
0.0005381107330322266
0.0005779266357421875
0.0005109310150146484
0.0006341934204101562
0.0004985332489013672
0.0010597705841064453
0.0007684230804443359
0.00047707557678222656
0.0004496574401855469
0.0005862712860107422
0.0004477500915527344
0.0005679130554199219
0.0007839202880859375
0.00034880638122558594
0.0004856586456298828
0.0005846023559570312
0.0006330013275146484
0.0005877017974853516
0.00033664703369140625
0.0006134510040283203
0.0006868839263916016
0.000720977783203125
0.0006110668182373047
0.0004634857177734375
0.0006976127624511719
0.0005726814270019531
0.00052642822265625
0.0006225109100341797
0.0004916191101074219
0.0005555152893066406
0.0006322860717773438
0.0005013942718505859
0.00041604042053222656
0.0004754066467285156
0.00058746337890625
0.0007336139678955078
0.0008065700531005859
0.0006234645843505859
0.0007536411285400391
0.0005326271057128906
0.0006802082061767578
0.0005888938903808594
0.00038170814514160156
0.0006365776062011719
0.0005283355712890625
0.0006866455078125
0.0005719661712646484
0.0003845691680908203
0.0007398128509521484
0.0005574226379394531
0.0005211830139160156
0.0005033016204833984
0.00038504600524902344
0.0004277229309082031
0.0004634857177734375
0.0006320476531982422
0.0006449222564697266
0.0004584789276123047
0.0005199909210205078
0.0005393028259277344
0.00040602684020996094
0.0004172325134277344
0.0006709098815917969
0.0005640983581542969
0.0005211830139160156
0.0005245208740234375
0.0006127357482910156
0.0004913806915283203
0.0007054805755615234
0.00047135353088378906
0.0006952285766601562
0.0005013942718505859
0.0005600452423095703
0.00048065185546875
0.00044608116149902344
0.0005142688751220703
0.0005660057067871094
0.000579833984375
0.0005383491516113281
0.00040531158447265625
0.0004878044128417969
0.0005588531494140625
0.0006890296936035156
0.0006988048553466797
0.0004298686981201172
0.0004322528839111328
0.0005817413330078125
0.00046253204345703125
0.0005519390106201172
0.0004684925079345703
0.0006136894226074219
0.0007410049438476562
0.00044798851013183594
0.0004546642303466797
0.0005424022674560547
0.0006225109100341797
0.00061798095703125
0.0006477832794189453
0.0005471706390380859
0.0006086826324462891
0.0004184246063232422
0.0005054473876953125
0.0007922649383544922
0.0005967617034912109
0.0005049705505371094
0.0005140304565429688
0.00040912628173828125
0.00036263465881347656
0.0004050731658935547
0.0005753040313720703
0.00042128562927246094
0.00042939186096191406
0.0005054473876953125
0.0006821155548095703
0.0003154277801513672
0.0005633831024169922
0.0005681514739990234
0.0005242824554443359
0.0003905296325683594
0.00039649009704589844
0.0005369186401367188
0.0009036064147949219
0.0007033348083496094
0.0004024505615234375
0.0005867481231689453
0.0005033016204833984
0.0005691051483154297
0.0005123615264892578
0.00048351287841796875
0.000370025634765625
0.00048661231994628906
0.0006198883056640625
0.0005486011505126953
0.0005428791046142578
0.0006699562072753906
0.0007832050323486328
0.0005939006805419922
0.00043511390686035156
0.00034880638122558594
0.0005025863647460938
0.0005133152008056641
0.00044083595275878906
0.0005142688751220703
0.0005671977996826172
0.0005655288696289062
0.0004601478576660156
0.0008678436279296875
0.0003962516784667969
0.0005521774291992188
0.0005905628204345703
0.0004210472106933594
0.0005202293395996094
0.0004227161407470703
0.000507354736328125
0.0004906654357910156
0.0005078315734863281
0.0003826618194580078
0.0005364418029785156
0.0003581047058105469
0.0003159046173095703
0.0006537437438964844
0.0005700588226318359
0.0005514621734619141
0.00046896934509277344
0.000446319580078125
0.0007257461547851562
0.000453948974609375
0.0006148815155029297
0.00042510032653808594
0.0007255077362060547
0.0007834434509277344
0.0004200935363769531
0.0006649494171142578
0.0004582405090332031
0.0005974769592285156
0.0004725456237792969
0.0003745555877685547
0.00052642822265625
0.0005240440368652344
0.00029015541076660156
0.0005712509155273438
0.0004875659942626953
0.0003352165222167969
0.0004496574401855469
0.0005476474761962891
0.0004858970642089844
0.0005033016204833984
0.000518798828125
0.0005588531494140625
0.0003638267517089844
0.00044417381286621094
0.0007779598236083984
0.00045299530029296875
0.0005259513854980469
0.0003826618194580078
0.0004570484161376953
0.00044846534729003906
0.00040221214294433594
0.00043320655822753906
0.0005970001220703125
0.0004146099090576172
0.0005929470062255859
0.00040435791015625
0.0003955364227294922
0.00069427490234375
0.00045680999755859375
0.0004799365997314453
0.0005218982696533203
0.00037741661071777344
0.0004715919494628906
0.00077056884765625
0.00046253204345703125
0.0005991458892822266
0.0004520416259765625
0.0006003379821777344
0.0004742145538330078
0.0004913806915283203
0.0003261566162109375
0.0005178451538085938
0.00038170814514160156
0.0004596710205078125
0.0005409717559814453
0.0003478527069091797
0.0003981590270996094
0.00047850608825683594
0.00033283233642578125
0.0004775524139404297
0.0004100799560546875
0.0006029605865478516
0.00040602684020996094
0.00048542022705078125
0.0005886554718017578
0.0004570484161376953
0.0006635189056396484
0.0005762577056884766
0.00036525726318359375
0.00035953521728515625
0.0003924369812011719
0.0003421306610107422
0.0004603862762451172
0.0003933906555175781
0.0004730224609375
0.0005459785461425781
0.00042819976806640625
0.0003082752227783203
0.0003402233123779297
0.0004420280456542969
0.0003304481506347656
0.00037479400634765625
0.00040078163146972656
0.00030803680419921875
0.00055694580078125
0.0005428791046142578
0.00036597251892089844
0.0006086826324462891
0.0006375312805175781
0.0005538463592529297
0.0005517005920410156
0.0004286766052246094
0.0005495548248291016
0.0004944801330566406
0.0006291866302490234
0.0005867481231689453
0.0004181861877441406
0.00042748451232910156
0.0004220008850097656
0.0004215240478515625
0.0006260871887207031
0.000453948974609375
0.0006837844848632812
0.0005028247833251953
0.00051116943359375
0.0005342960357666016
0.00037860870361328125
0.0002560615539550781
0.0006220340728759766
0.0005052089691162109
0.0003478527069091797
0.00042629241943359375
0.0003421306610107422
0.00033211708068847656
0.0003170967102050781
0.0004229545593261719
0.0004189014434814453
0.0004718303680419922
0.000476837158203125
0.0003600120544433594
0.0006194114685058594
0.0004546642303466797
0.0008044242858886719
0.0003287792205810547
0.0004994869232177734
0.00044274330139160156
0.0005431175231933594
0.0002868175506591797
0.0005230903625488281
0.0004048347473144531
0.0007381439208984375
0.0005176067352294922
0.0005404949188232422
0.0003619194030761719
0.0006084442138671875
0.0003807544708251953
0.0004055500030517578
0.0004222393035888672
0.0005218982696533203
0.00041675567626953125
0.0003695487976074219
0.0007824897766113281
0.0005176067352294922
0.0002663135528564453
0.00040793418884277344
0.00047898292541503906
0.0005347728729248047
0.0005257129669189453
0.0005764961242675781
0.00047087669372558594
0.0004703998565673828
0.0005784034729003906
0.00047707557678222656
0.00039768218994140625
0.0005404949188232422
0.0005300045013427734
0.0003829002380371094
0.0004611015319824219
0.0005967617034912109
0.0003094673156738281
0.0004298686981201172
0.00046539306640625
0.00038433074951171875
0.00045013427734375
0.00033020973205566406
0.0004260540008544922
0.0004971027374267578
0.0002613067626953125
0.00024509429931640625
0.000415802001953125
0.00032138824462890625
0.0003619194030761719
0.0003237724304199219
0.00045561790466308594
0.0005447864532470703
0.000518798828125
0.0004527568817138672
0.0005011558532714844
0.0003657341003417969
0.0003826618194580078
0.00040459632873535156
0.0004367828369140625
0.0003657341003417969
0.0003681182861328125
0.0005249977111816406
0.0003676414489746094
0.0004928112030029297
0.0002779960632324219
0.0003428459167480469
0.00040721893310546875
0.0003581047058105469
0.0005598068237304688
0.0003924369812011719
0.0005409717559814453
0.000335693359375
0.0005052089691162109
0.00040340423583984375
0.0004363059997558594
0.0005214214324951172
0.0006058216094970703
0.0004105567932128906
0.0003879070281982422
0.00040221214294433594
0.0005440711975097656
0.000370025634765625
0.000583648681640625
0.0004711151123046875
0.0003190040588378906
0.00047659873962402344
0.00036263465881347656
0.000446319580078125
0.0003399848937988281
0.0003452301025390625
0.0005576610565185547
0.0005495548248291016
0.00037932395935058594
0.00025200843811035156
0.00048422813415527344
0.000492095947265625
0.0003819465637207031
0.00039196014404296875
0.0004279613494873047
0.00041484832763671875
0.0005059242248535156
0.00048041343688964844
0.0004298686981201172
0.0003352165222167969
0.0005095005035400391
0.00037169456481933594
0.00029659271240234375
0.0004391670227050781
0.00042724609375
0.0003993511199951172
0.00044155120849609375
0.0004208087921142578
0.00045871734619140625
0.0004088878631591797
0.0006921291351318359
0.0004324913024902344
0.0002982616424560547
0.00040721893310546875
0.0004661083221435547
0.00047659873962402344
0.00038814544677734375
0.0003018379211425781
0.0004589557647705078
0.0004394054412841797
0.0005702972412109375
0.00032401084899902344
0.0004150867462158203
0.0005421638488769531
0.0004324913024902344
0.0005080699920654297
0.0004239082336425781
0.0004591941833496094
0.0004839897155761719
0.00033855438232421875
0.00034546852111816406
0.0004315376281738281
0.00031375885009765625
0.0002837181091308594
0.0003027915954589844
0.00038933753967285156
0.00035071372985839844
0.0003886222839355469
0.0005619525909423828
0.00044083595275878906
0.00040793418884277344
0.0003752708435058594
0.000370025634765625
0.0003972053527832031
0.0005350112915039062
0.0005099773406982422
0.0003199577331542969
0.0005207061767578125
0.0005125999450683594
0.0003604888916015625
0.00044083595275878906
0.0004353523254394531
0.00039505958557128906
0.00043320655822753906
0.0003139972686767578
0.00027108192443847656
0.00048351287841796875
0.00036334991455078125
0.0005412101745605469
0.0004391670227050781
0.00047397613525390625
0.0003833770751953125
0.0004677772521972656
0.00041413307189941406
0.0003864765167236328
0.0005457401275634766
0.00039267539978027344
0.0004429817199707031
0.0004417896270751953
0.00030922889709472656
0.0003314018249511719
0.00024127960205078125
0.0003235340118408203
0.0003383159637451172
0.00043845176696777344
0.00043964385986328125
0.00046324729919433594
0.00025343894958496094
0.0003256797790527344
0.00054931640625
0.00032591819763183594
0.0005068778991699219
0.0004391670227050781
0.0005004405975341797
0.00043320655822753906
0.0004200935363769531
0.0003769397735595703
0.0003731250762939453
0.00035953521728515625
0.0004782676696777344
0.00029850006103515625
0.000308990478515625
0.0003910064697265625
0.00023937225341796875
0.0003573894500732422
0.0004162788391113281
0.0005552768707275391
0.00039005279541015625
0.0002627372741699219
0.0005168914794921875
0.00033473968505859375
0.00035119056701660156
0.0003268718719482422
0.0005543231964111328
0.00039505958557128906
0.00044035911560058594
0.0004048347473144531
0.00040030479431152344
0.0004525184631347656
0.0003647804260253906
0.0003476142883300781
0.000339508056640625
0.0004017353057861328
0.00029206275939941406
0.0004177093505859375
0.00037097930908203125
0.00039696693420410156
0.0004448890686035156
0.0003650188446044922
0.0004520416259765625
0.0004024505615234375
0.00026798248291015625
0.0004405975341796875
0.0003800392150878906
0.0003590583801269531
0.0005104541778564453
0.00038242340087890625
0.0003082752227783203
0.0004138946533203125
0.0003299713134765625
0.0005321502685546875
0.0004870891571044922
0.0004563331604003906
0.0003674030303955078
0.000324249267578125
0.0004372596740722656
0.0002505779266357422
0.00045990943908691406
0.0004792213439941406
0.0003764629364013672
0.0003104209899902344
0.0003371238708496094
0.000408172607421875
0.00034236907958984375
0.0003924369812011719
0.0003330707550048828
0.0004942417144775391
0.0003027915954589844
0.0002968311309814453
