93.08541649580002
88.36498951911926
86.59236365556717
93.40241575241089
86.80720239877701
88.61359560489655
87.33571344614029
88.50059401988983
85.33686709403992
84.91697162389755
80.11748051643372
57.68838541209698
37.76153118163347
25.995636962354183
17.770385429263115
15.211662461981177
11.863685561344028
10.30035796109587
7.537744517438114
7.043083555996418
5.969662730465643
5.284323831088841
4.210125127341598
4.848833332769573
3.862054312718101
3.419792201835662
3.148134298156947
2.4434940345818177
2.401045231381431
2.3839808171615005
1.6850092159147607
1.7614866521616932
1.8456016704440117
1.668558823497733
1.2319598229369149
1.1745229526895855
1.1365834226526204
0.8720979375575553
0.7600746551688644
1.0731963285215897
0.6178918877994874
0.5507085457793437
0.6129284490743885
0.5911943113575262
0.5598716574313585
0.3912806509033544
0.37490260163031053
0.37189262237006915
0.3485915468336316
0.40415763013152173
0.2986785451284959
0.26031139327096753
0.45089421012380626
0.28856686033759615
0.25453770552485366
0.19530108154867776
0.2144729406791157
0.25126800105181246
0.18246047061984427
0.2058238774225174
0.18157147426973097
0.151170797078521
0.1569152751180809
0.1840508891400532
0.19771326283807866
0.12965298630660982
0.12940620543668047
0.07643991159147845
0.20336289521947037
0.10741694273747271
0.06869410230137873
0.0717205911205383
0.08241600899782497
0.04894856498322042
0.043229114435234806
0.03657780904904939
0.09222822907395312
0.06468836562271463
0.04479490309313405
0.03152774596856034
0.03777405612345319
0.057498698428389616
0.14881174730544444
0.07350126813798852
0.04047537978476612
0.028100508810894098
0.03583942900877446
0.03729038988240063
0.03950783843174577
0.019757210844545625
0.036859035386441974
0.009541653678752482
0.016748072965128813
0.01343727798666805
0.022737479826901108
0.008982048544567078
0.008009227582078893
0.00396378904406447
0.006629925570450723
0.020221219674567692
0.026264177286066115
0.01134071437672901
0.011363873130903812
0.02424253211938776
0.03371031684218906
0.04399764086701907
0.028060919867129996
0.026151535334065557
0.0038382915081456304
0.0007758873980492353
0.00233276528888382
0.008487329905619845
0.029616906540468335
0.0037509180838242173
0.0
0.0029856150067644194
0.006628073286265135
0.0
6.120938451203983e-06
0.0042871831683442
0.014709119539475068
0.009142336959484965
0.0
0.01669766817940399
0.001635684362554457
0.011551476156455465
0.010265761840855703
0.0091085205640411
0.012201685218315106
0.0046865917393006384
0.0008075833029579371
0.03246564159053378
0.0020384376221045386
0.008050817996263504
0.0038432800356531516
7.088826532708481e-05
0.008063325338298455
0.0024614472058601677
0.007666266988962889
0.0009899689321173355
0.0016049330006353557
0.0
0.0006441038258344634
0.0
0.0
0.0
0.0
0.00323042951640673
0.0037239192752167583
0.0006967461958993226
0.00048448488814756274
93.8458948135376
86.96668672561646
88.6531275510788
89.57621586322784
86.6950221657753
87.02892017364502
87.28382080793381
88.2324788570404
88.09874641895294
87.35121726989746
87.16620713472366
87.06171399354935
86.29577171802521
87.7145044207573
86.32468557357788
86.21484377980232
86.50347149372101
88.69529420137405
87.30035698413849
85.91912353038788
87.12307703495026
87.68740540742874
83.40414702892303
73.08996552228928
39.52135472744703
29.326491072773933
24.19410341605544
18.587933346629143
15.85478824749589
12.910072535276413
11.206964701414108
8.406318664550781
6.930044061504304
6.771683084778488
5.7288172990083694
4.37329898236203
3.8863224420929328
3.477394942427054
3.4453944331617095
2.644467238569632
2.91543977544643
2.507655816982151
2.113707031006925
1.7815328112337738
1.3452058114344254
1.6514345279429108
1.228455526928883
1.4134677819984063
1.0445384215418017
1.118674061348429
1.0693603913823608
0.8873609765396395
0.789432802637748
0.7237745036836714
0.5494465362571646
0.6943104429665254
0.5614644730521832
0.7040508662757929
0.540082420091494
0.4030413955988479
0.42134991657803766
0.5406079800450243
0.4520071841711797
0.3755790654468001
0.5541847058921121
0.47338887454679934
0.2684953530892926
0.2109891756917932
0.2311059521889547
0.19631656511046458
0.12136613446273259
0.147083786316216
0.1369282935920637
0.0766276045851555
0.15592599171213806
0.1903179742366774
0.12290593200668809
0.12029918364714831
0.08959400009189267
0.11437660625233548
0.1548928844922557
0.11310065479483455
0.10492217372666346
0.09843078762060031
0.11310487322043628
0.07883517592563294
0.07060779080347857
0.07966754676363053
0.07136794249527156
0.05092923702613916
0.06550814847651054
0.08027364918962121
0.061170262517407537
0.044120538848801516
0.07476583539846615
0.09270658794412157
0.05984432503464632
0.08105018475544057
0.07101962866727263
0.03825106975273229
0.044027135682881635
0.05093654736992903
0.019911416555260075
0.03197766478842823
0.04411678099859273
0.026862997910939157
0.024299956363392994
0.0373150507457467
0.021951966527922195
0.03473710568505339
0.025316587183624506
0.01099639195308555
0.009142685565166175
0.009144686628133059
0.015082987185451202
0.010117947720573284
0.011772334750276059
0.028753776001394726
0.015220625908114016
0.02898282909882255
0.017385680210281862
0.009974789099942427
0.017868544076918624
0.013016860852076206
0.017384217389917467
0.01668418780900538
0.03280829009599984
0.024592482019215822
0.0031761733698658645
0.007650336512597278
0.016364911483833566
0.0026083794873557054
0.0170809995761374
0.01105235613295008
0.013892377683077939
0.0032857564747246215
0.006921433727256954
0.006085893255658448
0.002043710323050618
0.009056584007339552
0.0025360355793964118
0.013175824657082558
0.017854096475275583
0.0043961405754089355
0.006825887074228376
0.00042048783507198095
0.002230708414572291
0.001896402012789622
0.006403922867320944
0.0027316029445501044
0.0026608727785060182
0.0028716807391901966
0.01846892072353512
0.01176111979293637
0.0045300515193957835
0.0013679449912160635
0.0010651258053258061
0.0013429842929326696
0.001023361284751445
0.0016349232901120558
0.0008948903996497393
0.002730474981945008
0.009093912900425494
0.00723560486221686
0.010980553342960775
0.004085637163370848
0.012879002737463452
0.016781421814812347
0.0067376997612882406
0.00043537066085264087
0.002498562607797794
0.0004947896213707281
0.0012718301732093096
0.003466154565103352
0.0
0.0
0.0009652009175624698
0.0001778625592123717
0.0
0.0015117617617761425
0.00030911428621038795
0.0027058491250500083
0.0006652978481724858
0.0
0.0
0.0
0.0
0.0
0.001440598425688222
0.0
0.0
0.0
0.005165625014342368
0.001330820407019928
0.0004995923663955182
0.00044549888116307557
0.0
0.00012785769649781287
0.001344919204711914
0.003028443199582398
0.007732093508820981
0.0033480869024060667
0.006096814613556489
0.0
0.0009749852470122278
0.0
0.00011838399223051965
0.00020852226589340717
0.0
0.0013282987056300044
0.0
0.0
0.0
0.0
0.0
0.0
0.0008816627087071538
0.0
0.0
0.0
0.0
0.0004706084873760119
0.0
0.0
0.004423201113240793
0.0030866310553392395
0.0
0.0
0.0
0.0
0.0
0.0
0.0
0.0012283004180062562
0.0
0.0017970020417124033
0.0
0.0019823221082333475
0.001519271987490356
0.0
0.0
0.0009545821230858564
0.0
0.0
0.004976841271854937
0.0
0.0
0.00014069906319491565
0.00042980449507012963
0.0008332591969519854
0.00022119742061477154
0.0032542303088121116
0.000810247176559642
0.0026582295540720224
0.0
0.002152905974071473
0.0
0.0
0.0017882081447169185
0.0
0.0
0.0
0.0
0.0
0.0
0.0
0.0
0.0
0.0014630442019551992
0.00016569174476899207
0.0
0.0
0.0
0.0002915400837082416
0.0
0.0004270122735761106
0.0
0.0
0.0
0.0
0.0
0.0
0.000741073745302856
0.0
0.0
0.0
0.0
0.0016768161731306463
0.0
0.0004257376422174275
0.0
0.0
0.0
0.0
0.0
0.0
0.0
0.0
0.0
0.0
0.0
0.0
0.0
0.0
0.0
0.0
0.0
0.0
0.0
0.0
0.0
0.0
0.0
0.0
0.0
0.0
0.0002340811915928498
0.0
0.0
0.0
0.0011623501777648926
0.0
0.0
0.0012512161629274487
0.0
0.0
0.0009868970373645425
0.0
0.0
0.0
0.0
0.0
0.0
0.0
0.0
0.0
0.0
0.0
0.0
0.0007722607115283608
0.0
0.0
0.0
0.0
0.0
0.0
0.0
0.0
0.0
0.0
0.0
0.0
0.0
0.0
0.0
0.0
0.0
0.0
0.0
0.0
0.0
0.0
0.0
0.0
0.0
0.0
0.0
0.0
0.0002475930959917605
0.0
0.0
0.0
0.0
0.0
0.0
0.0
0.0
0.0
0.0
0.0
0.0
0.0
0.0
0.0
0.0
0.0
0.0
0.0
0.0
0.0
0.0
0.0
0.0
0.0
0.0
0.0
0.0
0.0
0.0
0.0005592657835222781
0.0
0.0
0.0
0.0
0.0
0.0
0.0
0.0
0.0
0.0
0.0
0.0
0.0
0.0
0.0
0.0
0.0
0.0
0.0
0.0
0.0
0.0
0.0
0.0
0.0
0.0
0.0
0.0
0.0
0.0
0.0
0.0
0.0
0.0
0.0
0.0
0.0
0.0
0.0
0.0
0.0
0.0
0.0
0.0
0.0
0.0
0.0
0.0
0.0
0.0
0.0
0.0
0.0
0.0
0.0
0.0
0.0
0.0
0.0
0.0
0.0
0.0
0.0
0.0
0.0
0.0
0.0
0.0
0.0
0.0
0.0
0.0
0.0
0.0
0.0
0.0
0.0
0.0
0.0
0.0
0.0
0.0
0.0
0.0
0.0
0.0
0.0
0.0
0.0
0.0
0.0
0.0
0.0
0.0
0.0
0.0
0.0
0.0
0.0
0.0
0.0
0.0
0.0
0.0
0.0
0.0
0.0
0.0
0.0
0.0
0.0
0.0
0.0
0.0
0.0
0.0
0.0
0.0
0.0
0.0
0.0
0.0
0.0
0.0
0.0
0.0
0.0
0.0
0.0
0.0
0.0
0.0
0.0
0.0
0.0
0.0
0.0
0.0
0.0
0.0
0.0
0.0
0.0
0.0
0.0
0.0
0.0
0.0
0.0
0.0
0.0
0.0
0.0
0.0
0.0
0.0
0.0
0.0
0.0
0.0
0.0
0.0
0.0
0.0
0.0
0.0
0.0
0.0
0.0
0.0
0.0
0.0
0.0
0.0
0.0
0.0
0.0
0.0
0.0
0.0
0.0
0.0
0.0
0.0
0.0
0.0
0.0
0.0
0.0
0.0
0.0
0.0
0.0
0.0
0.0
0.0
0.0
0.0
0.0
0.0
0.0
0.0
0.0
0.0
0.0
0.0
0.0
0.0
0.0
0.0
0.0
0.0
0.0
0.0
0.0
0.0
0.0
0.0
0.0
0.0
0.0
0.0
0.0
0.0
0.0
0.0
0.0
0.0
0.0
0.0
0.0
0.0
0.0
0.0
0.0
0.0
0.0
0.0
0.0
0.0
0.0
0.0
0.0
0.0
0.0
0.0
0.0
0.0
0.0
0.0
0.0
0.0
0.0
0.0
0.0
0.0
0.0
0.0
0.0
0.0
0.0
0.0
0.0
0.0
0.0
0.0
0.0
0.0
0.0
0.0
0.0
0.0
0.0
0.0
0.0
0.0
0.0
0.0
0.0
0.0
0.0
0.0
0.0
0.0
0.0
0.0
0.0
0.0
0.0
0.0
0.0
0.0
0.0
0.0
0.0
0.0
0.0
0.0
0.0
0.0
0.0
0.0
0.0
0.0
0.0
0.0
0.0
0.0
0.0
0.0
0.0
0.0
0.0
0.0
0.0
0.0
0.0
0.0
0.0
0.0
0.0
0.0
0.0
0.0
0.0
0.0
0.0
0.0
0.0
0.0
0.0
0.0
0.0
0.0
0.0
0.0
0.0
0.0
0.0
0.0
0.0
0.0
0.0
0.0
0.0
0.0
0.0
0.0
0.0
0.0
0.0
0.0
0.0
0.0
0.0
0.0
0.0
0.0
0.0
0.0
0.0
0.0
0.0
0.0
0.0
0.0
0.0
0.0
0.0
0.0
0.0
0.0
0.0
0.0
0.0
0.0
0.0
0.0
0.0
0.0
0.0
0.0
0.0
0.0
0.0
0.0
0.0
0.0
0.0
0.0
0.0
0.0
0.0
0.0
0.0
0.0
0.0
0.0
0.0
0.0
0.0
0.0
0.0
0.0
0.0
0.0
0.0
0.0
0.0
0.0
0.0
0.0
0.0
0.0
0.0
0.0
0.0
0.0
0.0
0.0
0.0
0.0
0.0
0.0
0.0
0.0
0.0
0.0
0.0
0.0
0.0
0.0
0.0
0.0
0.0
0.0
0.0
0.0
0.0
0.0
0.0
0.0
0.0
0.0
0.0
0.0
0.0
0.0
0.0
0.0
0.0
0.0
0.0
0.0
0.0
0.0
0.0
0.0
0.0
0.0
0.0
0.0
0.0
0.0
0.0
0.0
0.0
0.0
0.0
0.0
0.0
0.0
0.0
0.0
0.0
0.0
0.0
0.0
0.0
0.0
0.0
0.0
0.0
0.0
0.0
0.0
0.0
0.0
0.0
0.0
0.0
0.0
0.0
0.0
0.0
0.0
0.0
0.0
0.0
0.0
0.0
0.0
0.0
0.0
0.0
0.0
0.0
0.0
0.0
0.0
0.0
0.0
0.0
0.0
0.0
0.0
0.0
0.0
0.0
0.0
0.0
0.0
0.0
0.0
0.0
0.0
0.0
0.0
0.0
0.0
0.0
0.0
0.0
0.0
0.0
0.0
0.0
0.0
0.0
0.0
0.0
0.0
0.0
0.0
0.0
0.0
0.0
0.0
0.0
0.0
0.0
0.0
0.0
0.0
0.0
0.0
0.0
0.0
0.0
0.0
0.0
0.0
0.0
0.0
0.0
0.0
0.0
0.0
0.0
0.0
0.0
0.0
0.0
0.0
0.0
0.0
0.0
0.0
0.0
0.0
0.0
0.0
0.0
0.0
0.0
0.0
0.0
0.0
0.0
0.0
0.0
0.0
0.0
0.0
0.0
0.0
0.0
0.0
0.0
0.0
0.0
0.0
0.0
0.0
0.0
0.0
0.0
0.0
0.0
0.0
0.0
0.0
0.0
0.0
0.0
0.0
0.0
0.0
0.0
0.0
0.0
0.0
0.0
0.0
0.0
0.0
0.0
0.0
0.0
0.0
0.0
0.0
0.0
0.0
0.0
0.0
0.0
0.0
0.0
0.0
0.0
0.0
0.0
0.0
0.0
0.0
0.0
0.0
0.0
0.0
0.0
0.0
0.0
0.0
0.0
0.0
0.0
0.0
0.0
0.0
0.0
0.0
0.0
0.0
0.0
0.0
0.0
0.0
0.0
0.0
0.0
0.0
0.0
0.0
0.0
0.0
0.0
0.0
0.0
0.0
0.0
0.0
0.0
0.0
0.0
0.0
0.0
0.0
0.0
0.0
0.0
0.0
0.0
0.0
0.0
0.0
0.0
0.0
0.0
0.0
0.0
0.0
0.0
0.0
0.0
0.0
0.0
0.0
0.0
0.0
0.0
0.0
0.0
0.0
0.0
0.0
0.0
0.0
0.0
0.0
0.0
0.0
0.0
0.0
0.0
0.0
0.0
0.0
0.0
0.0
0.0
0.0
0.0
0.0
0.0
0.0
0.0
0.0
0.0
0.0
0.0
0.0
0.0
0.0
0.0
0.0
0.0
0.0
0.0
0.0
0.0
0.0
0.0
0.0
0.0
0.0
0.0
0.0
0.0
0.0
0.0
0.0
0.0
0.0
0.0
0.0
0.0
0.0
0.0
0.0
0.0
0.0
0.0
0.0
0.0
0.0
0.0
0.0
0.0
0.0
0.0
0.0
0.0
0.0
0.0
0.0
0.0
0.0
0.0
0.0
0.0
0.0
0.0
0.0
0.0
0.0
0.0
0.0
0.0
0.0
0.0
0.0
0.0
0.0
0.0
0.0
0.0
0.0
0.0
0.0
0.0
0.0
0.0
0.0
0.0
0.0
0.0
0.0
0.0
0.0
0.0
0.0
0.0
0.0
0.0
0.0
0.0
0.0
0.0
0.0
0.0
0.0
0.0
0.0
0.0
0.0
0.0
0.0
0.0
0.0
0.0
0.0
0.0
0.0
0.0
0.0
0.0
0.0
0.0
0.0
0.0
0.0
0.0
0.0
0.0
0.0
0.0
0.0
0.0
0.0
0.0
0.0
0.0
0.0
0.0
0.0
0.0
0.0
0.0
0.0
0.0
0.0
0.0
0.0
0.0
0.0
0.0
0.0
0.0
0.0
0.0
0.0
0.0
0.0
0.0
0.0
0.0
0.0
0.0
0.0
0.0
0.0
0.0
0.0
0.0
0.0
0.0
0.0
0.0
0.0
0.0
0.0
0.0
0.0
0.0
0.0
0.0
0.0
0.0
0.0
0.0
0.0
0.0
0.0
0.0
0.0
0.0
0.0
0.0
0.0
0.0
0.0
0.0
0.0
0.0
0.0
0.0
0.0
0.0
0.0
0.0
0.0
0.0
0.0
0.0
0.0
0.0
0.0
0.0
0.0
0.0
0.0
0.0
0.0
0.0
0.0
0.0
0.0
0.0
0.0
0.0
0.0
0.0
0.0
0.0
0.0
0.0
0.0
0.0
0.0
0.0
0.0
0.0
0.0
0.0
0.0
0.0
0.0
0.0
0.0
0.0
0.0
0.0
0.0
0.0
0.0
0.0
0.0
0.0
0.0
0.0
0.0
0.0
0.0
0.0
0.0
0.0
0.0
0.0
0.0
0.0
0.0
0.0
0.0
0.0
0.0
0.0
0.0
0.0
0.0
0.0
0.0
0.0
0.0
0.0
0.0
0.0
0.0
0.0
0.0
0.0
0.0
0.0
0.0
0.0
0.0
0.0
0.0
0.0
0.0
0.0
0.0
0.0
0.0
0.0
0.0
0.0
0.0
0.0
0.0
0.0
0.0
0.0
0.0
0.0
0.0
0.0
0.0
0.0
0.0
0.0
0.0
0.0
0.0
0.0
0.0
0.0
0.0
0.0
0.0
0.0
0.0
0.0
0.0
0.0
0.0
0.0
0.0
0.0
0.0
0.0
0.0
0.0
0.0
0.0
0.0
0.0
0.0
0.0
0.0
0.0
0.0
0.0
0.0
0.0
0.0
0.0
0.0
0.0
0.0
0.0
0.0
0.0
0.0
0.0
0.0
0.0
0.0
0.0
0.0
0.0
0.0
0.0
0.0
0.0
0.0
0.0
0.0
0.0
0.0
0.0
0.0
0.0
0.0
0.0
0.0
0.0
0.0
0.0
0.0
0.0
0.0
0.0
0.0
0.0
0.0
0.0
0.0
0.0
0.0
0.0
0.0
0.0
0.0
0.0
0.0
0.0
0.0
0.0
0.0
0.0
0.0
0.0
0.0
0.0
0.0
0.0
0.0
0.0
0.0
0.0
0.0
0.0
0.0
0.0
0.0
0.0
0.0
0.0
0.0
0.0
0.0
0.0
0.0
0.0
0.0
0.0
0.0
0.0
0.0
0.0
0.0
0.0
0.0
0.0
0.0
0.0
0.0
0.0
0.0
0.0
0.0
0.0
0.0
0.0
0.0
0.0
0.0
0.0
0.0
0.0
0.0
0.0
0.0
0.0
0.0
0.0
0.0
0.0
0.0
0.0
0.0
0.0
0.0
0.0
0.0
0.0
0.0
0.0
0.0
0.0
0.0
0.0
0.0
0.0
0.0
0.0
0.0
0.0
0.0
0.0
0.0
0.0
0.0
0.0
0.0
0.0
0.0
0.0
0.0
0.0
0.0
0.0
0.0
0.0
0.0
0.0
0.0
0.0
0.0
0.0
0.0
0.0
0.0
0.0
0.0
0.0
0.0
0.0
0.0
0.0
0.0
0.0
0.0
0.0
0.0
0.0
0.0
0.0
0.0
0.0
0.0
0.0
0.0
0.0
0.0
0.0
0.0
0.0
0.0
0.0
0.0
0.0
0.0
0.0
0.0
0.0
0.0
0.0
0.0
0.0
0.0
0.0
0.0
0.0
0.0
0.0
0.0
0.0
0.0
0.0
0.0
0.0
0.0
0.0
0.0
0.0
0.0
0.0
0.0
0.0
0.0
0.0
0.0
0.0
0.0
0.0
0.0
0.0
0.0
