92.7636696100235
86.83761739730835
87.38920843601227
86.5648148059845
87.50349849462509
85.2485408782959
83.56823772192001
81.97594660520554
64.497703820467
55.752202823758125
37.37745901942253
24.772898517549038
20.4703181758523
16.447054255753756
17.2580695040524
13.563237991183996
10.024186155758798
8.473776856437325
7.675804587081075
5.58527235686779
4.683332123764558
3.7389316419430543
3.366675213590497
3.37185222026892
3.1056027390877716
2.2073048869497143
1.9768959059147164
1.911627958616009
1.7704514071519952
1.779234447501949
1.6175132892967667
1.4090718798070156
0.9039901556243422
1.224834416865633
0.8192494252070901
0.5597399822036095
0.5853216145114857
0.6002225195534265
0.48416132767920317
0.4392896201607073
0.5184856033283722
0.381027628085576
0.49370461185208114
0.4658744916014257
0.3121512816305767
0.28221326925995527
0.4597748327196314
0.2043029411433963
0.1611375897191465
0.24552287879487267
0.19587412797409343
0.21530738219735213
0.21995816409841495
0.15365183332323795
0.16870300257141935
0.26686740385048324
0.15138351962377783
0.0641887726233108
0.1290436589042656
0.09757171294768341
0.20770720300788525
0.1435800613326137
0.20151092660307768
0.07026419475732837
0.12946828451822512
0.0683647760306485
0.03412413627575006
0.03644100782548776
0.03143752810250078
0.018528291999245994
0.042580043140333146
0.015052699134685099
0.03610553180442366
0.07128419145738008
0.06540920375846326
0.034292393022042233
0.03894111193949357
0.02380249122506939
0.014526293642120436
0.011099581723101437
0.030300278842332773
0.009249562266631983
0.014190912181220483
0.016733946722524706
0.014122933091130108
0.03722476289840415
0.005843643972184509
0.006959236488910392
0.04540001658824622
0.06399186026828829
0.04450613725930452
0.014147570508612262
0.012397245795000345
0.015025482745841146
0.013818250412896305
0.019503288422129117
0.014174594194628298
0.016721427491575014
0.07776047982042655
0.03097307223106327
0.025909710384439677
0.007400787872029468
0.0009575073490850627
0.004160385855357163
0.0023205279649118893
0.0010776611543406034
0.006811967265093699
0.0
0.0031884726195130497
0.005751685450377408
0.008055492045969004
95.95324796438217
95.65423846244812
95.15248042345047
94.60097813606262
94.58828967809677
94.34234696626663
93.73737967014313
92.73347234725952
92.65347754955292
90.20580804347992
88.14776563644409
88.29442542791367
86.59687948226929
86.29917430877686
86.0152079463005
86.37376391887665
87.98254764080048
88.55721187591553
87.0067932009697
85.85700160264969
88.45123100280762
82.89325797557831
87.84101217985153
85.50992894172668
86.40317487716675
86.19475388526917
85.0190218091011
85.97094660997391
85.86257600784302
85.10403287410736
83.0963494181633
77.76475155353546
74.64524984359741
69.93289592862129
65.8541205227375
58.97095921635628
56.49059273302555
50.72484831511974
47.25064215064049
44.620648577809334
38.77361387759447
37.369948245584965
32.93851041793823
31.548715338110924
28.725503653287888
25.29683704301715
25.309022530913353
25.615067526698112
22.136234521865845
20.982563197612762
20.42442425340414
20.15069342404604
19.3995562158525
18.703848611563444
18.038310281932354
16.839947015047073
15.486679147928953
15.53557724878192
15.401619706302881
16.72626295313239
13.786783825606108
12.953736433759332
12.585288681089878
12.815863560885191
12.05998606979847
12.0833825385198
10.840223735198379
10.720311135053635
10.450908619910479
11.08150365576148
9.309262758120894
10.127399759367108
9.458169247955084
8.871558973565698
9.127475055865943
9.324690366629511
9.111369689926505
8.977580931968987
8.622977362014353
8.676076838746667
8.409414889290929
8.935433297418058
8.577482212334871
8.246000867336988
7.583959799259901
7.638922756304964
6.403467461466789
7.169912845827639
7.170024421066046
6.59845704305917
6.399469135794789
7.017524347640574
7.08073396072723
6.224477583542466
5.936455262126401
5.7605393985286355
6.4720683274790645
6.42206560773775
6.333214155398309
5.935000421479344
6.137221287935972
5.487548879813403
5.123540064319968
4.950246848165989
5.544771816115826
5.091504817828536
4.107651703059673
4.922283106483519
4.770683172158897
4.152645502705127
4.901175293140113
4.969658823218197
4.911563963862136
4.513839386403561
4.089067445835099
4.512960379826836
4.085861476603895
4.157470030884724
3.883253681473434
4.184944278211333
4.043102967552841
4.127136119175702
3.9660789923509583
3.8466408168897033
4.196158445905894
3.365678678790573
4.1458557937294245
3.878102181944996
3.875687400053721
3.4092944125877693
3.038206189405173
3.115554765696288
3.4217581381381024
3.5500929603585973
3.353211749577895
3.588857733135228
2.757185078924522
3.2480635037645698
3.388805830734782
2.8400888851319905
3.483225484378636
2.7042765715159476
2.930743561591953
2.8050717898877338
2.941446950659156
2.7023492564912885
2.5832338796171825
2.7875558198429644
2.66451969568152
2.7403153940394986
2.5718019803753123
2.3835543107707053
2.924273522250587
2.4776132968690945
2.1821652023354545
2.662498592362681
2.3605154596152715
2.0920725869364105
2.6583490795455873
2.362933888914995
2.035543476595194
2.319952790043317
2.1606488170109515
2.116745444945991
2.122670563374413
2.1454359408235177
2.261980255949311
2.2252124254591763
2.2948127869458403
2.2925838415976614
1.5784353066701442
1.919197271148164
1.9976516423630528
2.025600289765862
2.0265711797692347
1.83509707194753
1.8081914534850512
1.6763313583796844
1.809706018655561
1.6453965925611556
1.472582540474832
1.9690785359125584
1.6114263248746283
1.5257333885674598
1.6675430582254194
2.0482419017644133
1.8974782187724486
1.5680534359962621
1.6317986376679983
1.8286005517584272
1.602165531818173
1.46915309796168
1.9593649529524555
1.572130211890908
1.65416929301864
1.3013127116655596
1.5694750046823174
1.485601185246196
1.31942212980357
1.6608040495557361
1.4740364117678837
1.5039190133247757
1.5679017262009438
1.702426596719306
1.2371765597781632
1.1558531028767902
1.1937778893043287
1.16584878845606
1.1937765136099188
1.1249397499705083
1.177484616104266
1.5516314251945005
1.3566498957225122
1.0976935698126908
1.202234140156179
1.0948430849857687
1.2239379061938962
1.2266127361071995
1.4843548991575517
1.2038288583426038
1.1863526977685979
1.1637156946235336
0.9942184157916927
0.998428561113542
1.1422986025863793
1.082260732044233
1.206804031649881
0.9100880861806218
1.1577750011165335
1.077049458232068
0.9770009429339552
0.9277813507014798
1.32122283395438
1.100771937839454
0.8401683213014621
1.0877529079298256
0.9783308053229121
0.9220262383751106
0.9514608215831686
0.9007962447358295
1.0638858968159184
0.8028297134114837
1.0323499759106198
0.8224892333382741
0.7097209605872195
0.8771443099249154
0.7952054903435055
0.6029848495018086
0.8750519955501659
0.6451703908314812
0.8370795469471659
0.8636250956624281
0.8952459184656618
0.5972553667234024
0.9668776290927781
0.6310486979200505
0.8376661068177782
0.7768553195419372
0.6021134184848052
0.923053804828669
0.8851675022087875
0.7948753339514951
0.7295801333748386
0.8296178189921193
0.9371163608157076
0.5915601371962111
0.5652743367172661
0.7102023827610537
0.6202749889707775
0.6649328020539542
0.6618566008010021
0.5840606854744692
0.6152873870123585
0.5073124742848449
0.4686010925552182
0.5489060774852987
0.5758003855276002
0.6286025232402608
0.5184303546375304
0.4186749957898428
0.6620652819692623
0.6417774852743605
0.6374614191008732
0.5761147551820613
0.5421774619317148
0.46221380491624586
0.5968535429492476
0.6115674972097622
0.76828488951287
0.588040706657921
0.48080122235114686
0.4424452151542937
0.6147435298989876
0.7171055720245931
0.7188138104975224
0.6193082159588812
0.3917012300130409
0.5991549569589552
0.48892613955104025
0.5412798112665769
0.3823034026136156
0.5076130401575938
0.3822570119082229
0.4463582146963745
0.47392535172912176
0.44286015555553604
0.3467440439562779
0.3693941479723435
0.34699837610241957
0.4227441247430761
0.32073286397280754
0.4492908489482943
0.7148838752036681
0.4227322572260164
0.3760114587348653
0.4367187551979441
0.38712619400030235
0.3416201066720532
0.4420247649832163
0.35192567355625215
0.33749048379263513
0.3469856334659198
0.46484950299782213
0.47716186262550764
0.36300621650298126
0.31530466936237644
0.31149763183202595
0.34979742616019394
0.35149256731165224
0.33778727056778735
0.3534189429410617
0.3491494481568225
0.45972746350162197
0.37225926147948485
0.3438090712770645
0.2652459749569971
0.35664867144078016
0.39714410874876194
0.355180069564085
0.25855213307704616
0.3849014195568543
0.3665926191024482
0.2720666960158269
0.22733399940625532
0.3561001749640127
0.3113378606894912
0.3213290304702241
0.2452200487095979
0.2392159964865641
0.2683521964827378
0.29923356491781306
0.2762469010667701
0.18430534886647365
0.25647839052180643
0.27334063895978034
0.28316096277558245
0.28338633937528357
0.21623560513398843
0.3408970773934925
0.33359331580868457
0.2628656076849438
0.33589635881071445
0.21835057905445865
0.325137279163755
0.33095920261985157
0.2583909236564068
0.23389414943267184
0.3405562398620532
0.23789489102637162
0.16132494776684325
0.28772478352766484
0.43466148640436586
0.30453338992083445
0.3052177396393745
0.254785019918927
0.27648332888202276
0.2404638437074027
0.1758123602867272
0.2414689086490398
0.27347698176890844
0.20943701353098731
0.27169828249316197
0.21013070509388854
0.23409750655991957
0.23673786435392685
0.2098075487447204
0.1752910828236054
0.17712958641823207
0.2670653625500563
0.18182101982165477
0.17486820373233058
0.1792975836287951
0.1549519400432473
0.12057579510292271
0.14734920411501662
0.17896934910459095
0.18529929886062746
0.25003439456486376
0.24321437961043557
0.1724662918204558
0.3000972450372501
0.2155775244209508
0.1654342849215027
0.15326133322651003
0.17790836875792593
0.1710137695481535
0.21298319551078748
0.17871541076601716
0.32559700243291445
0.20697241387097165
0.1978114864177769
0.1480632840348335
0.13737050532654393
0.20336958570806019
0.12901514043551288
0.15580095298355445
0.21679974954349746
0.1183902234188281
0.12895483413240072
0.11806933465140901
0.11441351148823742
0.2118924818605592
0.10735178000686574
0.16621603356907144
0.1517079365439713
0.1344488633903893
0.1430822235533924
0.16189379639399704
0.1371998341201106
0.15941360868600896
0.14343405965519196
0.10503184160916135
0.12419207949278643
0.1351620344357798
0.145884849189315
0.16423784571816213
0.13200714317918028
0.1400648672738498
0.18716729629522888
0.12730937965807243
0.16405545992552106
0.14048726498003816
0.09081326751038432
0.09341995726936148
0.14121274757781066
0.09867979003320215
0.11488282807476935
0.14674147677942528
0.13219579098222312
0.09365898021314933
0.11618775639544765
0.13234619228023803
0.08049588427456911
0.1094822068043868
0.1809681284812541
0.13947722126067674
0.08826014397345716
0.15154685526249523
0.13344493984186556
0.1081287128617987
0.14647387654258637
0.15148408692039084
0.10374184481770499
0.13982616069552023
0.11614610492620159
0.10153232459560968
0.1035851907072356
0.0921868273162545
0.18134471640951233
0.08641525241182535
0.14581766993842393
0.08768519333534641
0.07222533560707234
0.10519368425593711
0.10435397130959245
0.11170248744019773
0.12934933582437225
0.07574888765520882
0.05999884437187575
0.14403885749197798
0.09784115142156224
0.08714772500570689
0.06044288368320849
0.06888341686476451
0.08570903155259657
0.08521709712658776
0.06613378046313301
0.09619416149507742
0.07342374961444875
0.09502313104894711
0.07605025383509201
0.0774701309237571
0.09251045272594638
0.11262752149195876
0.07423481137266208
0.08437059333118668
0.10917931012409099
0.06665418559840397
0.10493330024928582
0.08303813570137208
0.083444477932062
0.09082912261192178
0.08143395294791844
0.08855453584510542
0.05071883253913256
0.06428711280750576
0.10826219805312576
0.1300108668510802
0.07348951703170314
0.1001868103085144
0.05847996662669175
0.08623680554410385
0.0718804778316553
0.06002138396797818
0.05687154227598512
0.0675211801280966
0.10006815375527367
0.0997867831865733
0.048769761924631894
0.05526381035815575
0.048923260928859236
0.05320740115712397
0.0781473358074436
0.13688944468231057
0.07733513565653993
0.061920127907796996
0.07863096743983533
0.11131039157044142
0.06358260774140945
0.06796381415915675
0.10099268844351172
0.12035013392596738
0.06947204227617476
0.06720402563223615
0.0765263638622855
0.06913342180996551
0.06276889957371168
0.06430665326479357
0.0787049200025649
0.06823610635183286
0.05168542101455387
0.03889763192637474
0.047125094053626526
0.04464061946782749
0.09053178160411335
0.07625696043032804
0.056152678454054694
0.035959951994300354
0.06246977734554093
0.05352323072293075
0.08658814441150753
0.04757793896715157
0.06823234945386503
0.07489752514766224
0.09270565124643326
0.05411249616736313
0.07824221345435944
0.03684212801454123
0.06646535278196097
0.04868494105176069
0.0626267859042855
0.050100072046916466
0.04393595025817376
0.06405938786701881
0.036503899696981534
0.029222274886706145
0.06668517189245904
0.04451714234892279
0.0404930562908703
0.051035750456321693
0.07230009693012107
0.03890522227476012
0.06358091864967719
0.06317556769499788
0.055095044737754506
0.049962234503254876
0.057173796216375194
0.04501407248608302
0.061275115695025306
0.03629594518861268
0.04654302523158549
0.05507877501077019
0.04656321688435128
0.03787268570977176
0.046597478081821464
0.04610615561978193
0.04503330838633701
0.026154554543609265
0.049825695394247305
0.061035256368086266
0.0600358038500417
0.05310406100034015
0.03316486375842942
0.0231637839024188
0.04720286975498311
0.023310426056468714
0.04261475262319436
0.06470568531585741
0.055532602291350486
0.04518949054181576
0.06434255113344989
0.06669135927768366
0.03533804158359999
0.0424678551244142
0.057564487113268115
0.07956829300019308
0.046137705008732155
0.06852207680276479
0.04362724868951773
0.04792415379779413
0.057197428948711604
0.05655164665222401
0.02630871763903997
0.040341429579711985
0.023994092756765895
0.03044993159483056
0.041482943765004165
0.02628270255991083
0.03629354303848231
0.04251111658231821
0.03794401642517187
0.05448964233073639
0.039808290122891776
0.06163983362603176
0.02584244676563685
0.03857861153664999
0.05377687917643925
0.042732263944344595
0.02951543385279365
0.05656493430433329
0.06078277457254444
0.03170303314982448
0.018298681010492146
0.024144151771906763
0.05602146802357311
0.09030769745004363
0.04507229648879729
0.0614919906220166
0.04064833694792469
0.031065298834164423
0.052080149558605626
0.030456268003035802
0.0399737036350416
0.03386748261527828
0.03141143592802109
0.022852217152831145
0.011112751999462489
0.03038606527115917
0.029844999146007467
0.02686138618082623
0.01657525359041756
0.029822959291777806
0.02479473227140261
0.023712214388069697
0.04529210165492259
0.026040930028102593
0.0448466768648359
0.02879443312122021
0.031723458028864115
0.038117056385999604
0.011896520896698348
0.035083466073956515
0.023891208078566706
0.022832758419099264
0.01978909264289541
0.048751909567727125
0.0215141867629427
0.019775095035583945
0.02870317128690658
0.036982971636462025
0.08806287032075488
0.03948906232290028
0.03362408970860997
0.024261997248686384
0.057925277138565434
0.03903310662917647
0.028713226496620337
0.07085182559967507
0.028245737663382897
0.03921727020997423
0.03545745632436592
0.03728919927715868
0.012394973648952146
0.03520576105984219
0.028698884038021788
0.03024078546150122
0.030260375133366324
0.02239018489854061
0.030968315644713584
0.028652259872615105
0.017231022193300305
0.03456922643817961
0.03315267324796878
0.02420584728679387
0.019139010393701028
0.030763791161916743
0.0241402205756458
0.020399180648382753
0.02324211838276824
0.020178451289666555
0.04844190778203483
0.02899308651103638
0.02527189905049454
0.04769998128449515
0.06168696252126438
0.035965463716365775
0.019715309048478957
0.018421764572849497
0.01982748142836499
0.03400995653191785
0.04335599418845959
0.03280892461100393
0.01691760005087417
0.023782860641404113
0.03406287168763811
0.022621235439146403
0.03680541917128721
0.03723995735344943
0.026931075124593917
0.03107281336997403
0.02224617257979844
0.026218171132597945
0.01230061753449263
0.030582678788050544
0.013813795885653235
0.03401166226467467
0.0326651974755805
0.028846466671893722
0.02273271285230294
0.01993088521703612
0.025751503684773525
0.03479519944812637
0.026428389915963635
0.014832574668616871
0.017847879753105644
0.0430057651574316
0.035959220891527366
0.03053904522676021
0.023439265343768056
0.02331040227727499
0.028503151726908982
0.02596308362444688
0.01528029714609147
0.01737220938508699
0.02829661249415949
0.030253128290496534
0.033289255829004105
0.02355270682983246
0.016275953656077036
0.029238556600411414
0.024331562821316766
0.01985141501063481
0.012790530774509534
0.017675010018137982
0.00737873645266518
0.02079686497017974
0.019442929602519143
0.02842115463135997
0.022853787124404334
0.03121491544152377
0.020864289548626402
0.013617981043353211
0.015056167932925746
0.027591476136876736
0.015597107405483257
0.01563863132832921
0.06026472261874005
0.03579763934976654
0.025340167645481415
0.023184423800557852
0.016090003671706654
0.029208384334197035
0.014607287390390411
0.018677337910048664
0.036583881643309724
0.018033158106845804
0.01424841692642076
0.02589825025643222
0.034376642492134124
0.026236444697133265
0.02329750651415452
0.02222607233125018
0.013585140804480034
0.027377786944271065
0.027670999572364963
0.019528698700014502
0.014408214505237993
0.014300059599918313
0.015199076595308725
0.039504213782493025
0.030061249941354617
0.016913024253881304
0.012390437274007127
0.02217796936747618
0.025271207392506767
0.013824009103700519
0.014775679592275992
0.025813180631303112
0.015257252898663864
0.012314058243646286
0.016071186521003256
0.03196630080128671
0.030403937089431565
0.017278625313338125
0.015965427504852414
0.021245731913950294
0.013950707605545176
0.015999243947590003
0.012629572855075821
0.004109809065994341
0.01715278168558143
0.03937322153410605
0.03778006075299345
0.03578986596403411
0.022029858502719435
0.026238610901600623
0.008583864396086938
0.029741117570665665
0.021535036703426158
0.030886743850714993
0.023246022261446342
0.01394454561159364
0.01678803080721991
0.022320504031085875
0.007854828523704782
0.011897073411091696
0.020594245967913594
0.03283127922259155
0.008261059338110499
0.012522995675681159
0.020046195219038054
0.008963869317085482
0.01927965414870414
0.03188045146816876
0.014390336098585976
0.015550150419585407
0.06503072576742852
0.014810333115747198
0.008710499008884653
0.022228351161174942
0.020129337324760854
0.0075184748875472
0.015510806554402734
0.008821510535199195
0.012684095345321111
0.012060612469213083
0.011465936790045816
0.03752513984363759
0.02222153329057619
0.025930173345841467
0.03302577014983399
0.01699735772490385
0.0025055042060557753
0.02671913487938582
0.014396018617844675
0.0058090664897463284
0.020513200070126913
0.02296963795015472
0.012057563391863368
0.01060826491448097
0.018703158188145608
0.014571612977306359
0.007722497008217033
0.018840338084828545
0.01728192787777516
0.01968044729073881
0.010708176334446762
0.007256292356032645
0.018484223135601496
0.015720427269116044
0.027518039034475805
0.037526296247961
0.015872833757839544
0.015286672591173556
0.02795487883622627
0.02338456611869333
0.02018449622164553
0.012062994279403938
0.014996539939602371
0.006083758924432914
0.017298684518209484
0.018465349524376506
0.011217708728509024
0.013977752103528474
0.004106897569727153
0.016201014743273845
0.00751056565422914
0.015007745882030576
0.005720718552765902
0.011874694944708608
0.017301240954111563
0.027462996113172267
0.026612393718096428
0.013968584575195564
0.019190906950825593
0.01582799274183344
0.01981318426260259
0.012631245539523661
0.011345569886543672
0.010614053491735831
0.007107198165613227
0.003310125593088742
0.021698043870856054
0.00983163019100175
0.008786179576418363
0.025992075126850978
0.010622606649121735
0.022150672171846963
0.015701021332461096
0.015837050646950956
0.008287895233479503
0.02860023421135338
0.005930465064011514
0.017454740904213395
0.023535939482826507
0.012390835647238418
0.021106800457346253
0.021101488870044705
0.017521060421813672
0.012824803459807299
0.018697765078286466
0.023728393629426137
0.01441731827071635
0.0026867459127970506
0.021162406694202218
0.015507986005673047
0.0047163045987872465
0.006722493808410945
0.005357329566322733
0.0073468800701448345
0.020665775991801638
0.009900029021082446
0.011448683799244463
0.010028836783931183
0.012918234060634859
0.01302779169054702
0.014351113655720837
0.006377247678756248
0.03360567150139104
0.03738559006887954
0.006486149999545887
0.02543029680964537
0.00871095994807547
0.017954805422050413
0.013764830873697065
0.010986878480252926
0.021951980250378256
0.014736202894710004
0.007907464045274537
0.01552448327129241
0.02515632810536772
0.01047181844660372
0.016609689315373544
0.015792484358826187
0.009693760498066695
0.02273019144195132
0.005337890594091732
0.023823094419640256
0.0085003626300022
0.01983209308309597
0.0031613936571375234
0.02734318355214782
0.008250076081935731
0.007618155512318481
0.008617710594990058
0.016141985208378173
0.012530686624813825
0.009581969352439046
0.03435986126351054
0.012088615196262253
0.010318419150280533
0.027096964528027456
0.017702806464512832
0.01345773853972787
0.012692540884017944
0.006511761548608774
0.009901418059598655
0.00545245182729559
0.004597753313873909
0.008618100364401471
0.009209410647599725
0.011681478914397303
0.008384940836549504
0.008737025418668054
0.01868641353212297
0.013732590553445334
0.012860917253419757
0.021381997497883276
0.008706138614797965
0.015754431748064235
0.006640393170528114
0.017916035327289137
0.0033396298604202457
0.01298013797349995
0.03395820566947805
0.009123820484091993
0.004634137352695689
0.012611629674211144
0.013852115055669856
0.012946076050866395
0.00416636245790869
0.019237942153267795
0.010585328760498669
0.031907159529509954
0.00896563907735981
0.004058287697262131
0.01567853391316021
0.009798808830964845
0.008640094587462954
0.011947748738748487
0.0067296498964424245
0.012191784131573513
0.009817593429033877
0.018411206372547895
0.0042340045802120585
0.03244120349336299
0.009224538532407678
0.012637103951419704
0.005187535512959585
0.014916341890057083
0.011410784034524113
0.009584310013451613
0.012654760877921944
0.008619302621809766
0.015644754050299525
0.015235733546433039
0.012474770788685419
0.008366921745619038
0.00625323096755892
0.008687183435540646
0.0205708442414263
0.013287253059388604
0.013879720958357211
0.014194988205417758
0.02126526413485408
0.028086616774089634
0.014459836977039231
0.0163622041909548
0.024121685841237195
0.010314742190530524
0.013919708933826769
0.01397045065095881
0.009838037774898112
0.0022227764584386023
0.012508479297139274
0.006366200097545516
0.00207107794994954
0.012324489216553047
0.0090176737821821
0.0034796985855791718
0.011280201611668872
0.015772095096508565
0.006058917599148117
0.0070730953630118165
0.009225211550074164
0.00324767367919776
0.006562741851666942
0.003733765595825389
0.013186397536628647
0.006133703028353921
0.013516180953956791
0.010222214958048426
0.008691235110745765
0.00858326384332031
0.015559306251816452
0.008503077224304434
0.010379694969742559
0.01955988083682314
0.004747514576592948
0.010179180433624424
0.031765825653565116
0.01844447788243997
0.010175604111282155
0.018216078060504515
0.009545415707634675
0.018349211817621836
0.007316839175473433
0.0025294698225479806
0.019306473806864233
0.012874486317741685
0.022329059822368436
0.01074988667096477
0.010097611328092171
0.004716712784102128
0.0069303191512517515
0.010400814295280725
0.0043858495919266716
0.026691815117374063
0.010879034060053527
0.008824199219816364
0.014828191415290348
0.00762535289322841
0.012807676575903315
0.012857914058258757
0.00390899418562185
0.011262020248977933
0.008386724097363185
0.003828903711109888
0.01213049638317898
0.014135284989606589
0.00811757495830534
0.0032822627035784535
0.008260115009761648
0.005015783506678417
0.011541274705450633
0.005235746531980112
0.005578178632276831
0.0020082317814740236
0.060861520702019334
0.013446904402371729
0.014016980923770461
0.006543668385347701
0.005328675746568479
0.034506442434576456
0.013070022847387008
0.003392510647245217
0.016491181115270592
0.012193278678751085
0.010986699508066522
0.004565926690702327
0.0037768598049296997
0.011551102659723256
0.006854874693090096
0.01565187273081392
0.006242110175662674
0.0068912779079255415
0.016284837045532186
0.0055368932080455124
0.008333325444255024
0.008156352356309071
0.01000378680691938
0.014693693578010425
0.010050328899524175
0.004618792547262274
0.004785753262694925
0.0058347353151475545
0.010718375342548825
0.0027635831356747076
0.01899625272835692
0.0163477479472931
0.015036749970022356
0.025091783492825925
0.006746585520431836
0.0251384103030432
0.004647137931897305
0.0013814659832860343
0.016503492181072943
0.003066152352403151
0.006547249405855382
0.02498385065700859
0.007450809702731931
0.005669311758538242
0.006373410093146958
0.014213083020877093
0.003840937133645639
0.016195746764424257
0.014213346548785921
0.017337849520117743
0.018018775444943458
0.005216583625951898
0.015235492726787925
0.003736438709893264
0.00434917903112364
0.0015434668675879948
0.00368366793190944
0.015766006283229217
0.0065234005596721545
0.01899990683159558
0.00793858932229341
0.014465208286310371
0.009993023573770188
0.010703962550905999
0.004531211459834594
0.01262941247841809
0.0015635582385584712
0.002713758178288117
0.01041931621148251
0.01387235528727615
0.006804656615713611
0.004214582451822935
0.00527117103774799
0.004491475923714461
0.011290712995105423
0.009584754647221416
0.021286858478561044
0.004086783170350827
0.02162724006211647
0.013217020624779252
0.01647592050721869
0.004978338169166818
0.016472878225613385
0.0051420674863038585
0.008146462561853696
0.018683371192310005
0.007359011640801327
0.027827730854596666
0.008471420351270353
0.012744564126478508
0.01684968105109874
0.005103352037622244
0.006103247447754256
0.012696981308636168
0.012356130158877932
0.01442345860414207
0.011759794717363548
0.00804564610007219
0.0007558556535514072
0.0013287136243889108
0.01116865400399547
0.004876214617979713
0.006912997108884156
0.01397885249753017
0.007741011097095907
0.008779833015978511
0.016640436229863553
0.008827525743981823
0.01677399176696781
0.004168148217104317
0.005068141579613439
0.006872844271128997
0.008390864622015215
0.006119539990322664
0.009720549969642889
0.00738229660782963
0.012461946156690829
0.0028042563717463054
0.010617198655381799
0.004792250103491824
0.008922380986177814
0.002919997155913734
0.02289005435886793
0.012713469048321713
0.010281780560035259
0.0026879173383349553
0.01686232673455379
0.006090026615311217
0.0024754175756243058
0.007061609765514731
0.0028050312103005126
0.001709532288259652
0.003109365643467754
0.01446158130056574
0.007380455754173454
0.0033517066622152925
0.000868121027451707
0.017090133202145807
0.008016994361241814
0.010240336880087852
0.021196151990665157
0.00793950587103609
0.008386206172872335
0.00910120974003803
0.007337283663218841
0.021438231895444915
0.011801332191680558
0.008078513099462725
0.007917065027868375
0.01527266873017652
0.006899822139530443
0.011247213100432418
0.0011967787249886896
0.014456569770118222
0.008655710968014318
0.00826360160135664
0.008811936962956679
0.008132208095048554
0.008209331735997694
0.01691559623577632
0.012902397617835959
0.003395351090148324
0.0035609786318673287
0.0020133417565375566
0.0025538870941090863
0.00704803148028077
0.007696876011323184
0.002450878826493863
0.008353269964572974
0.022480856614947697
0.010787147699375055
0.0032651264118612744
0.010774229434900917
0.008744855640543392
0.00510110776667716
0.0016120672012220894
0.006364457935887913
0.013927067833719775
0.005695244413800538
0.015259488252922893
0.010100403618707787
0.011049784257920692
0.024720790977880824
0.015033469841000624
0.01223402540290408
0.006193093446199782
0.001139374879130628
0.01033534935049829
0.006467415747465566
0.0030830182495265035
0.021484356839209795
0.010365392165113008
0.0009279434598283842
0.007967960380483419
0.009519865867332555
0.009443741626455449
0.006288154749199748
0.005713637081498746
0.005295939106872538
0.006658593123574974
0.004429942157003097
0.005543346691410989
0.012340614412096329
0.010179994147620164
0.0006070962263038382
0.012451222362869885
0.01782495943371032
0.02047351909459394
0.01472235370601993
0.003655094331406872
0.005716064857551828
0.010804646675751428
0.00800948656979017
0.015843616158235818
0.01209590749704148
0.0048794426111271605
0.0061807541314919945
0.022428138516261242
0.00504109495159355
0.014631351241405355
0.003252671202062629
0.0060355193563736975
0.024721510340896202
0.007165120361605659
0.001326469297055155
0.002205601092100551
0.004552435508230701
0.01769765387143707
0.0030560722907466698
0.00802483699953882
0.012492069822656049
0.00481282745658973
0.010719572208472528
0.011455959652721504
0.016440579729533056
0.001768410213117022
0.015509781588889382
0.005242737461230718
0.0149641037278343
0.010069633863167837
0.0037462205909832846
0.0021905531802985934
0.011255976212851238
0.025236512748961104
0.010679143990273587
0.006864698891433818
0.0013077282019366976
0.00239972653798759
0.006178385978273582
0.007090440169122303
0.00750508441706188
0.003412058809772134
0.003069015685468912
0.010164925733988639
0.004901498664708015
0.0007102672661858378
0.022169090327224694
0.012667037066421472
0.01071584245073609
0.002171674568671733
0.00671076071466814
0.00624539773525612
0.004468752718821634
0.008939087318140082
0.0009843546722549945
0.005155081758857705
0.003950364328375144
0.015080544113516225
0.014869797862047562
0.017560138163389638
0.0037813415401615202
0.009525597019091947
0.002733998514031555
0.007825129043339984
0.004727693623863161
0.009701150993350893
0.005571631219936535
0.007229163202282507
0.012156976998085156
0.018498026526231115
0.011426783406932373
0.0010108466376550496
0.013525864313123748
0.010581373990135035
0.009344901060103439
0.006404071025826852
0.012700837549346033
0.0004597375009325333
0.007349474952206947
0.004975334972641576
0.0034571129854157334
0.003959706136811292
0.006290632840176613
0.007694812880799873
0.0032683405152056366
0.007606921455590054
0.012640528533665929
0.0066425248951418325
0.006778320399462245
0.004130391025682911
0.018817003063304583
0.02100787243398372
0.012656674920435762
0.016137714563228656
0.006091734752772027
0.004802476905751973
0.010535400633671088
0.004588496149153798
0.0022989499902905663
0.015956471655954374
0.0021115334893693216
0.002206820716310176
0.0033642810813034885
0.009164083377982024
0.013058412470854819
0.00776062099612318
0.011718483747245045
0.00823127749026753
0.01161545276409015
0.01969370248480118
0.0024291643348988146
0.008690150956681464
0.006947934525669552
0.007028084479316021
0.010052158213511575
0.0022717370484315325
0.008140316319895646
0.0017808630364015698
0.009292256385379005
0.009832143667154014
0.01052974748017732
0.007278112274434534
0.005407396296504885
0.007857765165681485
0.009053617483004928
0.0020369130761537235
0.0033019711263477802
0.03392992868612055
0.0024791291070869192
0.021142934332601726
0.0009670876315794885
0.010574891297437716
0.00575197199214017
0.004164165002293885
0.0017404419086233247
0.009663329739566962
0.014602656793499591
0.006805275523220189
0.009937942115357146
0.01405130053171888
0.008524626447524497
0.011325636893161573
0.008834547772494261
0.002898335473219049
0.010175585804972798
0.00503210372698959
0.015482010581763461
0.0005072355234005954
0.005806893223052612
0.010365004658524413
0.006104964399128221
0.0013744831285293913
0.0037816924013895914
0.006420431309379637
0.007028531530522741
0.0005678007073584013
0.002767065445368644
0.003006779221323086
0.012358319228951586
0.007841495303182455
0.004728888103272766
0.009439991184990504
0.017698888826998882
0.007568935718154535
0.011565864107978996
0.003153502941131592
0.027780083819379797
0.010961148552041777
0.021080893341263618
0.01414829958230257
0.0025205818528775126
0.0010528930979489814
0.013462779621477239
0.006430204070056789
0.004732627116027288
0.009495929989498109
0.003922136889741523
0.008220690906455275
0.007688451485591941
0.003519170611980371
0.013015575357712805
0.010457414744450944
0.009244063927326351
0.004493273358093575
0.01083622065198142
0.005859634234866462
0.004036403646750841
0.0021726833656430244
0.016662806140629982
0.002763271357252961
0.00822967644489836
0.011775184068028466
0.007876299947383814
0.004904313667793758
0.004673398536397144
0.005457713021314703
0.006195996817041305
0.0055945562198758125
0.006560644283126749
0.02772303304664092
0.0006024355898262002
0.013729904596402775
0.003288899431936443
0.013812892808346078
0.00440805694233859
0.017546455143019557
0.004661945182306226
0.004776821691848454
0.0006241156370379031
0.008649269002489746
0.013798706906527514
0.007839159341529012
0.009315045817857026
0.008624993832199834
0.002662138285813853
0.005888700408831937
0.006441185134463012
0.004483553015234065
0.00510677247075364
0.0013686051443073666
0.009256771070795367
0.015266473597876029
0.0009042253950610757
0.0037189308495726436
0.006582056084880605
0.002467989888828015
0.01395796809811145
0.004335355362854898
0.007111714643542655
0.004722552796010859
0.010615085058816476
0.006979444864555262
0.015066859838469782
0.012318161949224304
0.008727268359507434
0.01841209927079035
0.010255712557409424
0.001854538963016239
0.008254728505562525
0.003314096189569682
0.005301851555373105
0.002129949118170771
0.01601708888028952
0.005891325396078173
0.01921053333353484
0.013931914079876151
0.021443050594371016
0.010517383905607858
0.003003679690664285
0.003914963835995877
0.006185263474890235
0.007762716533761704
0.0007511377334594727
0.008157056177878985
0.004465112311663688
0.0029329313329071738
0.01518932229555503
0.00024599065727670677
0.0009744626095198328
0.01307995394381578
0.011454531791969202
0.005832131017086795
0.0
0.005415077388533973
0.00646391513873823
0.0034822569182324514
0.0033666009694570675
0.0038585341794714623
0.014258396142395213
0.008623272166005336
0.012793550151400268
0.006486912228865549
0.009190568562189583
0.005684839019522769
0.027914521957427496
0.01831454987586767
0.006077161269786302
0.006829517500591464
0.002814476374624064
0.008397643241551123
0.006917740451171994
0.006049820971384179
0.005235445001744665
0.008287824093713425
0.016279768431559205
0.0037247515138005838
0.008148032965891616
0.0029071202006889507
0.005108925015520072
0.008671560858147132
9.924631740432233e-05
0.0024684667605470167
0.0033979026375163812
0.005938055647675355
0.005387735043768771
0.0011049508902942762
0.017730437924910802
0.005772037955466658
0.009955983667168766
0.0012673048040596768
0.011325265302730259
0.010110602928762091
0.011442812532550306
0.0028691658735624515
0.012176558524515713
0.015746414748718962
0.003787494618791243
0.003143124959024135
0.0029326677804419887
0.019160882658979972
0.014390028492925921
0.011757520592254878
0.007820122609700775
0.009460043373110238
0.005756220081821084
0.011487607844173908
0.0014478632947430015
0.008408722842432326
0.008728283050004393
0.0035651601720019244
0.006112137594641354
0.0049545330339242355
0.01029033162194537
0.0011012256145477295
0.006118488025094848
0.0030651562119601294
0.005828564098919742
0.020608572073342657
0.007641727999725845
0.0031295395419874694
0.009589507026248612
0.008300247136503458
0.008163344231434166
0.023785710134461624
0.003621319116291488
0.0013826397917000577
0.007320094540773425
0.010836938337888569
0.011055088965804316
0.005449372851217049
0.0016565552086831303
0.002052366738098499
0.007600756754982285
0.007677582495034585
0.02733785843156511
0.004588922594848555
0.004241241786075989
0.008952207259426359
0.00994487712978298
0.017180786802782677
0.01869059557793662
0.006002976369927637
0.0010422789200674742
0.01234681330379317
0.003399729757802561
0.0018384960712864995
0.004797907788542943
0.004611336163179658
0.008563293809856987
0.016163597181730438
0.013695398333766207
0.004133836533583235
0.00936638383063837
0.0037468843765964266
0.0006976678050705232
0.005294093694828916
0.00708567863330245
0.017827877611125587
0.0025268517129006796
0.002995706585352309
0.0031402408494614065
0.016114693804411218
0.012655648024519905
0.00246461303322576
0.0022326593425532337
0.0059820230162586085
0.010377246682764962
0.011507829823131033
0.0027466187020763755
0.00819793545815628
0.003591564978705719
0.006811339146224782
