324.1208143234253
321.98338079452515
320.8360085487366
319.7249457836151
320.1313600540161
320.2505280971527
319.67426586151123
318.39984464645386
319.31508779525757
316.5225703716278
310.09599781036377
291.2693247795105
260.15335059165955
232.70284688472748
197.42581224441528
182.6510301232338
152.58497262001038
131.07445019483566
118.80410349369049
104.93424811959267
98.4930791258812
69.40263971686363
63.94722881913185
57.9502292573452
52.221212178468704
58.259084939956665
43.513808995485306
40.80684679746628
35.4707787334919
41.559396743774414
41.33694103360176
27.084083944559097
21.713098287582397
34.89107063412666
25.766739308834076
14.135292023420334
19.93062174320221
14.526268094778061
4.602670818567276
8.604948341846466
24.466561883687973
20.38996398448944
11.993705153465271
19.165880143642426
25.503609389066696
7.801391959190369
10.835866570472717
48.78417405486107
11.573877602815628
34.09111246466637
21.974148005247116
10.88243055343628
14.263066470623016
17.591866761446
1.7318570613861084
21.975448071956635
13.319878220558167
16.1169596016407
8.818059831857681
31.845713287591934
24.96732208132744
19.355618178844452
14.395638287067413
24.268699049949646
27.43444550037384
26.912312120199203
45.237100660800934
31.13072207570076
12.347654610872269
5.977443277835846
9.819491893053055
5.9798871874809265
9.37809133529663
36.44940546154976
18.861153453588486
19.139842361211777
24.493485242128372
43.92810985445976
25.38774660229683
5.1228839457035065
6.520863711833954
3.8408886194229126
5.458155572414398
8.454076498746872
31.49929302930832
11.969162583351135
12.614607185125351
53.4151648581028
12.467978954315186
16.057994484901428
9.065891832113266
11.136221438646317
6.600143492221832
16.37998914718628
26.043817400932312
17.640660881996155
15.981848001480103
37.4628641307354
28.421405851840973
16.631271541118622
31.470820367336273
11.137571156024933
39.17901265621185
15.642836034297943
8.877944827079773
25.030740827322006
9.934900492429733
3.60035902261734
2.2004241347312927
70.85430759191513
20.097529411315918
9.47090807557106
10.21014553308487
11.079938232898712
14.69530388712883
2.237583100795746
0.18150579929351807
0.16212928295135498
0.6000125408172607
0.23579072952270508
0.01983773708343506
0.021906137466430664
1.7731316089630127
35.12184777855873
12.198019742965698
18.02928563952446
42.044588565826416
5.849238276481628
52.26133993268013
32.09559169411659
27.758350610733032
28.201018631458282
28.11604979634285
10.71589919924736
22.617446169257164
14.967348530888557
2.6889222860336304
5.905032604932785
26.66158077120781
14.290658444166183
4.893790364265442
12.848569571971893
4.3433636128902435
0.8053296804428101
0.20878493785858154
0.08899426460266113
2.7049171328544617
57.7688310444355
52.53012818098068
7.11199626326561
5.912260830402374
14.726432412862778
8.079377353191376
8.967609107494354
8.88663399219513
17.67676441371441
22.855320662260056
28.1447511613369
8.644753903150558
25.6680428981781
2.2914375960826874
3.5679907500743866
1.0330752730369568
0.1973106861114502
0.08108961582183838
0.15257370471954346
2.3155431151390076
10.829662263393402
7.564511835575104
19.949390679597855
38.029655367136
23.249360352754593
24.813640415668488
58.30576449632645
57.321708142757416
33.64381518959999
18.324991315603256
13.74338161945343
52.876117676496506
11.992530941963196
10.00582341849804
57.57282131910324
29.943463787436485
14.922169119119644
18.109797477722168
44.32111740112305
12.433052957057953
5.304874897003174
12.388930916786194
3.326371818780899
1.0865570902824402
8.91129645705223
2.7528597116470337
6.1699458956718445
6.3656851053237915
32.01054581999779
41.71564716100693
74.12163579463959
34.1882708966732
5.715165704488754
20.188359677791595
60.28107461333275
25.98073372244835
17.794839650392532
8.396958589553833
4.793356835842133
29.13933816552162
13.296323776245117
12.559488639235497
3.29405677318573
65.79732045531273
31.382975563406944
6.960009872913361
3.7873018980026245
9.150918185710907
15.26640397310257
9.440907776355743
7.013371586799622
4.312356233596802
0.5471585988998413
4.054505944252014
0.39095914363861084
0.10225880146026611
0.8270801305770874
1.2274945974349976
24.444929897785187
17.01403918862343
5.046914041042328
1.414880484342575
0.8060526251792908
0.1761215627193451
0.18694478273391724
0.04397904872894287
0.004373908042907715
0.006480753421783447
1.296013593673706
0.20617938041687012
0.0011969804763793945
0.00038826465606689453
0.0007882118225097656
0.001173257827758789
0.0016509294509887695
0.0003216266632080078
0.0007681846618652344
0.0007123947143554688
0.007894396781921387
0.0009036064147949219
0.0005052089691162109
0.00044798851013183594
0.004922032356262207
0.0006837844848632812
0.0007380247116088867
0.0007908344268798828
0.0005792379379272461
0.0005284547805786133
0.0005688667297363281
0.0007143020629882812
0.0011456012725830078
0.0003325939178466797
0.0004870891571044922
9.965896606445312e-05
0.0008901357650756836
0.0010633468627929688
0.0011025667190551758
0.004987001419067383
0.0028040409088134766
0.0003237724304199219
0.0004200935363769531
8.654594421386719e-05
0.004552721977233887
0.00021886825561523438
0.0003218650817871094
0.0003679990768432617
0.0008245706558227539
0.0005620718002319336
0.0008876323699951172
0.0006157159805297852
0.00037097930908203125
0.0010124444961547852
0.0003370046615600586
0.0005363225936889648
0.001355290412902832
6.67572021484375e-05
0.0002815723419189453
0.0001380443572998047
0.000110626220703125
0.0001404285430908203
0.00035643577575683594
0.0005376338958740234
9.66787338256836e-05
9.751319885253906e-05
0.0007394552230834961
0.0004475116729736328
0.0004818439483642578
9.942054748535156e-05
0.0001952648162841797
0.00014281272888183594
0.0002816915512084961
0.0003027915954589844
0.00032722949981689453
0.0003788471221923828
0.00021576881408691406
0.0003777742385864258
0.00023615360260009766
0.00017011165618896484
0.00043845176696777344
0.00032448768615722656
0.0003552436828613281
9.691715240478516e-05
0.00025904178619384766
0.00010752677917480469
5.793571472167969e-05
7.033348083496094e-05
0.0002728700637817383
0.0003465414047241211
0.0005224943161010742
0.0005381107330322266
0.0007015466690063477
0.0001575946807861328
0.0007548332214355469
0.00011241436004638672
0.0002900362014770508
0.0001475811004638672
8.058547973632812e-05
0.00025069713592529297
0.0002669095993041992
0.0001780986785888672
0.00034606456756591797
7.617473602294922e-05
0.0001430511474609375
0.0008622407913208008
0.001262068748474121
0.00016224384307861328
0.0004521608352661133
0.0004296302795410156
0.00025594234466552734
0.0001926422119140625
0.00011420249938964844
0.00036406517028808594
0.00028324127197265625
7.343292236328125e-05
0.00032329559326171875
0.00014698505401611328
0.00024259090423583984
0.00019860267639160156
0.00031948089599609375
0.0005589723587036133
8.177757263183594e-05
0.0004878044128417969
0.00034296512603759766
0.00026595592498779297
8.749961853027344e-05
0.0002715587615966797
0.0003070831298828125
0.0004438161849975586
0.0005489587783813477
0.00021195411682128906
0.0003637075424194336
0.00018358230590820312
0.00027751922607421875
8.511543273925781e-05
0.0007433891296386719
0.00010776519775390625
0.00019741058349609375
6.508827209472656e-05
0.0001819133758544922
0.0003910064697265625
6.008148193359375e-05
0.00022983551025390625
0.0001590251922607422
0.0001825094223022461
0.0008317232131958008
9.870529174804688e-05
0.00020241737365722656
0.0001615285873413086
0.00018024444580078125
0.0008423328399658203
0.0005332231521606445
0.00017750263214111328
0.0003771781921386719
0.0003432035446166992
0.0003199577331542969
0.0004181861877441406
4.76837158203125e-05
0.0004413127899169922
0.00012183189392089844
0.0001119375228881836
0.0003319978713989258
0.00025963783264160156
2.9325485229492188e-05
0.00013184547424316406
0.0001373291015625
7.486343383789062e-05
5.1975250244140625e-05
8.082389831542969e-05
0.00010502338409423828
0.0004222393035888672
9.942054748535156e-05
0.0002644062042236328
0.0004303455352783203
0.0001366138458251953
0.0004831552505493164
0.0002570152282714844
7.295608520507812e-05
8.547306060791016e-05
0.00017905235290527344
0.00010609626770019531
0.0003706216812133789
0.0003606081008911133
0.0002808570861816406
0.00022912025451660156
0.0004642009735107422
0.00012040138244628906
0.00016880035400390625
0.00019860267639160156
3.600120544433594e-05
0.0003421306610107422
0.000141143798828125
0.0001016855239868164
0.00018310546875
0.00022399425506591797
2.2172927856445312e-05
0.0002607107162475586
0.0001513957977294922
0.0007555484771728516
0.00020885467529296875
0.0001493692398071289
0.00029718875885009766
0.0003298521041870117
0.0004731416702270508
7.367134094238281e-05
9.322166442871094e-05
8.7738037109375e-05
0.0001742839813232422
0.0003132820129394531
0.00028443336486816406
2.2649765014648438e-05
0.0001367330551147461
0.0003648996353149414
0.0001876354217529297
0.0001590251922607422
0.00017023086547851562
6.437301635742188e-05
0.0002747774124145508
5.1021575927734375e-05
6.604194641113281e-05
0.0002543926239013672
0.0001838207244873047
0.00030434131622314453
0.00041365623474121094
0.00012958049774169922
0.0001220703125
4.601478576660156e-05
7.772445678710938e-05
0.0001417398452758789
0.0001270771026611328
5.602836608886719e-05
0.00017070770263671875
0.00041866302490234375
0.0008873939514160156
0.00017571449279785156
0.000152587890625
0.0005296468734741211
0.00019109249114990234
0.00012755393981933594
0.0004401206970214844
0.00010395050048828125
9.369850158691406e-05
0.00019025802612304688
0.0002067089080810547
7.486343383789062e-05
0.0003361701965332031
8.416175842285156e-05
0.00012040138244628906
0.00017499923706054688
0.00012826919555664062
0.0003228187561035156
0.0001995563507080078
0.00020492076873779297
4.1484832763671875e-05
0.0005391836166381836
5.340576171875e-05
3.62396240234375e-05
9.679794311523438e-05
0.00017917156219482422
0.00024199485778808594
4.2438507080078125e-05
0.00019919872283935547
0.0001938343048095703
8.20159912109375e-05
0.0003205537796020508
0.00019311904907226562
0.00023221969604492188
0.00037860870361328125
0.000186920166015625
0.00014925003051757812
7.653236389160156e-05
6.842613220214844e-05
0.00028014183044433594
8.368492126464844e-05
1.2636184692382812e-05
0.00019431114196777344
0.0005397796630859375
6.175041198730469e-05
4.744529724121094e-05
0.00020051002502441406
0.0002193450927734375
0.0001666545867919922
0.00034308433532714844
0.000385284423828125
0.00023627281188964844
7.367134094238281e-05
0.0003190040588378906
0.00014650821685791016
0.00011110305786132812
0.0001704692840576172
0.0006910562515258789
0.00044608116149902344
6.318092346191406e-05
5.245208740234375e-05
0.00014925003051757812
0.00014984607696533203
0.0003229379653930664
0.0001900196075439453
0.00013899803161621094
0.0002993345260620117
0.00011205673217773438
0.0001195669174194336
0.0001087188720703125
0.00026154518127441406
0.00037407875061035156
0.0001671314239501953
3.981590270996094e-05
0.00025904178619384766
6.937980651855469e-05
0.00025272369384765625
0.00021398067474365234
7.283687591552734e-05
4.124641418457031e-05
0.00012767314910888672
6.532669067382812e-05
7.200241088867188e-05
5.173683166503906e-05
0.000202178955078125
7.581710815429688e-05
0.0001404285430908203
9.894371032714844e-05
0.0002117156982421875
0.00011539459228515625
0.00021135807037353516
0.0001742839813232422
0.00014829635620117188
0.00012671947479248047
5.459785461425781e-05
0.00014829635620117188
9.942054748535156e-05
0.00011050701141357422
0.0002415180206298828
0.0002307891845703125
0.00011014938354492188
7.510185241699219e-05
0.0003224611282348633
0.00019621849060058594
0.00023508071899414062
0.000377655029296875
6.258487701416016e-05
0.00011754035949707031
5.078315734863281e-05
0.0003273487091064453
0.0001138448715209961
9.083747863769531e-05
0.0001761913299560547
5.626678466796875e-05
0.0005927085876464844
0.00012803077697753906
0.0001125335693359375
0.0002359151840209961
0.00012862682342529297
0.0001380443572998047
0.0002117156982421875
0.0001163482666015625
0.00027370452880859375
0.0003396272659301758
0.0004366636276245117
0.0001442432403564453
0.00011396408081054688
0.0002484321594238281
6.556510925292969e-05
0.0001456737518310547
1.9311904907226562e-05
0.00014281272888183594
1.9311904907226562e-05
0.00017905235290527344
0.00021469593048095703
0.00010561943054199219
0.00020825862884521484
4.744529724121094e-05
0.00019371509552001953
0.00029158592224121094
0.00016379356384277344
0.00011610984802246094
5.602836608886719e-05
8.52346420288086e-05
0.0005259513854980469
0.0001552104949951172
0.00040209293365478516
7.486343383789062e-05
4.1484832763671875e-05
0.0001766681671142578
7.343292236328125e-05
0.0001347064971923828
0.00013113021850585938
0.00018918514251708984
8.463859558105469e-05
0.0001323223114013672
0.0002028942108154297
0.00012683868408203125
5.626678466796875e-05
0.0001499652862548828
0.00020742416381835938
0.00014781951904296875
0.0001996755599975586
5.435943603515625e-05
0.0002378225326538086
0.0005702972412109375
0.0001766681671142578
1.8835067749023438e-05
0.0002633333206176758
0.000125885009765625
0.0003987550735473633
8.58306884765625e-05
0.0002981424331665039
0.0001283884048461914
0.0001366138458251953
4.315376281738281e-05
0.0002429485321044922
0.000102996826171875
7.319450378417969e-05
0.0002474784851074219
0.00030362606048583984
0.00021314620971679688
8.034706115722656e-05
0.00011277198791503906
2.7894973754882812e-05
5.602836608886719e-05
5.53131103515625e-05
0.00010776519775390625
0.00033915042877197266
0.00023221969604492188
0.0001735687255859375
1.5735626220703125e-05
4.100799560546875e-05
6.961822509765625e-05
0.0001220703125
0.0003453493118286133
0.000484466552734375
8.118152618408203e-05
0.0002460479736328125
0.00020599365234375
2.8848648071289062e-05
0.00014019012451171875
5.0067901611328125e-05
0.0001304149627685547
0.00012183189392089844
8.7738037109375e-05
0.00021469593048095703
0.0002357959747314453
0.00013208389282226562
0.00011456012725830078
0.00052642822265625
1.1920928955078125e-05
8.320808410644531e-05
6.532669067382812e-05
0.00014162063598632812
0.0002219676971435547
9.083747863769531e-05
8.416175842285156e-05
0.0002646446228027344
6.318092346191406e-05
0.00021386146545410156
0.0005379915237426758
0.00014507770538330078
0.00011706352233886719
0.00011801719665527344
8.64267349243164e-05
0.0001455545425415039
0.00018548965454101562
0.00015306472778320312
2.4080276489257812e-05
3.504753112792969e-05
0.00014913082122802734
0.00013267993927001953
9.489059448242188e-05
0.00011873245239257812
9.059906005859375e-05
5.316734313964844e-05
0.00011682510375976562
0.00014281272888183594
0.0004291534423828125
0.00028252601623535156
2.8848648071289062e-05
0.0002760887145996094
0.00030159950256347656
0.0001354217529296875
0.00011861324310302734
0.00010514259338378906
0.0003826618194580078
0.0001285076141357422
2.9087066650390625e-05
9.584426879882812e-05
0.00010585784912109375
0.00016295909881591797
1.4066696166992188e-05
0.00014138221740722656
6.508827209472656e-05
0.00030934810638427734
0.00011181831359863281
5.054473876953125e-05
0.0002582073211669922
0.0001010894775390625
0.00016438961029052734
3.802776336669922e-05
1.8596649169921875e-05
9.059906005859375e-05
0.0003337860107421875
0.00010025501251220703
0.0002200603485107422
7.152557373046875e-06
0.00013434886932373047
0.0001952648162841797
0.00023281574249267578
7.82012939453125e-05
0.00024187564849853516
0.00020360946655273438
0.00010514259338378906
0.00023663043975830078
4.863739013671875e-05
4.410743713378906e-05
0.00013375282287597656
3.457069396972656e-05
0.00026154518127441406
0.0002123117446899414
0.0005213022232055664
8.106231689453125e-05
8.678436279296875e-05
6.747245788574219e-05
6.079673767089844e-05
0.0002009868621826172
0.00010514259338378906
6.723403930664062e-05
8.821487426757812e-05
5.173683166503906e-05
0.00013256072998046875
8.893013000488281e-05
3.4809112548828125e-05
4.124641418457031e-05
2.765655517578125e-05
0.00021648406982421875
0.00026094913482666016
5.7697296142578125e-05
5.364418029785156e-05
3.337860107421875e-05
0.00010943412780761719
0.00017917156219482422
0.0005861520767211914
0.00017118453979492188
6.723403930664062e-05
8.320808410644531e-05
0.00024247169494628906
0.00029206275939941406
0.00021386146545410156
0.00022530555725097656
7.581710815429688e-05
0.0001704692840576172
0.00019824504852294922
6.67572021484375e-05
0.00010466575622558594
0.00024056434631347656
0.00027561187744140625
0.00014030933380126953
0.00023043155670166016
0.00015306472778320312
0.0001207590103149414
3.337860107421875e-05
3.314018249511719e-05
0.00012302398681640625
0.0001647472381591797
0.00010991096496582031
3.4332275390625e-05
0.00018143653869628906
0.0001270771026611328
0.00028204917907714844
0.0004488229751586914
0.0002474784851074219
0.00010418891906738281
0.00013947486877441406
0.00019752979278564453
0.00011014938354492188
4.792213439941406e-05
4.100799560546875e-05
0.0001442432403564453
4.315376281738281e-05
0.0001862049102783203
0.00010943412780761719
0.00011110305786132812
6.532669067382812e-05
0.00018978118896484375
0.00011992454528808594
0.0003312826156616211
0.00042510032653808594
5.507469177246094e-05
0.00012969970703125
1.4066696166992188e-05
0.0002709627151489258
0.00018310546875
0.0001399517059326172
4.649162292480469e-05
4.696846008300781e-05
6.115436553955078e-05
0.0001704692840576172
0.00019633769989013672
7.557868957519531e-05
0.00022077560424804688
8.034706115722656e-05
5.2928924560546875e-05
7.033348083496094e-05
0.00048673152923583984
0.00017547607421875
9.989738464355469e-05
0.0001214742660522461
0.00019097328186035156
9.250640869140625e-05
0.00011277198791503906
0.00012159347534179688
0.00021076202392578125
0.0001627206802368164
1.8358230590820312e-05
0.00015616416931152344
0.00018596649169921875
4.220008850097656e-05
0.00019657611846923828
0.00018990039825439453
5.161762237548828e-05
0.0005702972412109375
0.00011551380157470703
0.00012159347534179688
0.00012111663818359375
7.176399230957031e-05
0.00012111663818359375
0.0002092123031616211
0.0001735687255859375
7.092952728271484e-05
0.00022792816162109375
0.0003720521926879883
0.0001723766326904297
4.100799560546875e-05
6.842613220214844e-05
0.00010609626770019531
0.00015020370483398438
0.00013017654418945312
2.09808349609375e-05
0.000179290771484375
2.9087066650390625e-05
0.00020360946655273438
0.00014507770538330078
9.34600830078125e-05
7.3909759521484375e-06
7.987022399902344e-05
6.651878356933594e-05
0.0002676248550415039
0.00020635128021240234
0.0001379251480102539
9.965896606445312e-05
0.0003924369812011719
0.00011014938354492188
2.9802322387695312e-05
0.0001544952392578125
0.00017440319061279297
0.00026595592498779297
5.1975250244140625e-05
0.00014126300811767578
0.00023674964904785156
0.00023865699768066406
8.285045623779297e-05
4.100799560546875e-05
6.628036499023438e-05
8.654594421386719e-05
0.0005106925964355469
0.00015926361083984375
0.00011944770812988281
9.298324584960938e-05
9.560585021972656e-05
0.00015723705291748047
0.00015425682067871094
7.843971252441406e-05
5.173683166503906e-05
0.0001900196075439453
0.00018477439880371094
6.42538070678711e-05
9.942054748535156e-05
0.00014269351959228516
5.6743621826171875e-05
0.00025212764739990234
6.67572021484375e-05
6.306171417236328e-05
0.00013566017150878906
0.0002033710479736328
0.0003719329833984375
8.7738037109375e-05
4.279613494873047e-05
6.341934204101562e-05
2.4080276489257812e-05
1.1444091796875e-05
0.00022363662719726562
0.00014662742614746094
0.0001735687255859375
0.0003548860549926758
0.00030803680419921875
0.0002014636993408203
0.00010848045349121094
0.0001671314239501953
0.00019931793212890625
0.00041115283966064453
6.413459777832031e-05
0.00014269351959228516
2.0265579223632812e-05
4.291534423828125e-05
0.00010991096496582031
6.818771362304688e-05
9.036064147949219e-05
0.00010228157043457031
0.00014007091522216797
0.00041306018829345703
0.00015294551849365234
8.499622344970703e-05
0.00018310546875
7.915496826171875e-05
0.00016450881958007812
6.508827209472656e-05
0.00017583370208740234
5.173683166503906e-05
0.00018095970153808594
0.00020182132720947266
6.508827209472656e-05
0.00030362606048583984
0.00014793872833251953
0.00012445449829101562
0.0001366138458251953
6.687641143798828e-05
9.72747802734375e-05
0.00015091896057128906
2.0265579223632812e-05
0.00019860267639160156
8.90493392944336e-05
0.0001081228256225586
0.0001323223114013672
7.200241088867188e-05
0.00013446807861328125
0.0001074075698852539
0.00014901161193847656
0.00016832351684570312
0.00025975704193115234
9.250640869140625e-05
1.8358230590820312e-05
0.00012087821960449219
8.58306884765625e-05
6.556510925292969e-05
0.00014340877532958984
6.389617919921875e-05
8.225440979003906e-05
4.5299530029296875e-05
1.4543533325195312e-05
0.00012922286987304688
0.00011670589447021484
0.00033092498779296875
0.00016689300537109375
4.0531158447265625e-05
0.00025081634521484375
8.165836334228516e-05
0.0004132986068725586
8.296966552734375e-05
0.00024890899658203125
0.0002104043960571289
0.0002593994140625
0.00010085105895996094
0.0002123117446899414
0.0004080533981323242
0.00014901161193847656
8.7738037109375e-05
4.673004150390625e-05
0.0002372264862060547
0.00010800361633300781
9.298324584960938e-06
9.393692016601562e-05
0.0008375644683837891
0.00013327598571777344
2.6941299438476562e-05
0.0001544952392578125
0.00018787384033203125
6.341934204101562e-05
0.0002938508987426758
4.374980926513672e-05
7.617473602294922e-05
7.212162017822266e-05
0.00028336048126220703
4.553794860839844e-05
4.38690185546875e-05
4.863739013671875e-05
2.8133392333984375e-05
0.0001685619354248047
0.00014734268188476562
0.0001308917999267578
4.982948303222656e-05
8.130073547363281e-05
0.00014519691467285156
6.461143493652344e-05
0.0001666545867919922
0.00011146068572998047
0.00010561943054199219
0.0001366138458251953
0.0001322031021118164
6.628036499023438e-05
0.00020551681518554688
3.886222839355469e-05
9.906291961669922e-05
7.295608520507812e-05
1.3828277587890625e-05
5.2928924560546875e-05
7.653236389160156e-05
0.00011110305786132812
0.0001087188720703125
5.936622619628906e-05
0.00014281272888183594
0.0002090930938720703
0.0002636909484863281
5.888938903808594e-05
0.0002675056457519531
0.0001876354217529297
0.00019097328186035156
0.00021457672119140625
8.845329284667969e-05
0.0002460479736328125
0.00016319751739501953
0.00020647048950195312
4.029273986816406e-05
7.605552673339844e-05
0.00011706352233886719
4.744529724121094e-05
0.000171661376953125
4.792213439941406e-05
0.0004278421401977539
5.054473876953125e-05
8.988380432128906e-05
0.0003949403762817383
6.0439109802246094e-05
0.00013720989227294922
3.886222839355469e-05
0.0002168416976928711
0.00016427040100097656
0.0001277923583984375
8.487701416015625e-05
6.890296936035156e-05
6.818771362304688e-05
0.0001659393310546875
0.0003908872604370117
0.00022232532501220703
0.000148773193359375
9.429454803466797e-05
0.00012564659118652344
0.0001773834228515625
0.00014162063598632812
5.340576171875e-05
0.00011396408081054688
4.100799560546875e-05
8.213520050048828e-05
0.00022554397583007812
4.1484832763671875e-05
0.00017511844635009766
0.0003343820571899414
2.6702880859375e-05
0.0002799034118652344
0.00015997886657714844
0.0001590251922607422
0.00022852420806884766
9.512901306152344e-05
0.0001214742660522461
0.00010585784912109375
3.170967102050781e-05
0.00011897087097167969
9.918212890625e-05
0.00022721290588378906
8.368492126464844e-05
0.0002143383026123047
9.608268737792969e-05
5.2928924560546875e-05
0.0001354217529296875
8.511543273925781e-05
0.00011873245239257812
8.130073547363281e-05
6.604194641113281e-05
7.82012939453125e-05
5.984306335449219e-05
3.707408905029297e-05
0.00012040138244628906
0.0002532005310058594
0.00011086463928222656
0.00013375282287597656
7.319450378417969e-05
0.00013375282287597656
0.00033664703369140625
0.0003732442855834961
0.00020003318786621094
5.269050598144531e-05
0.00014281272888183594
0.000156402587890625
9.071826934814453e-05
0.0002899169921875
0.00020813941955566406
0.00017511844635009766
0.00014090538024902344
6.413459777832031e-05
6.103515625e-05
4.267692565917969e-05
3.2901763916015625e-05
8.320808410644531e-05
3.695487976074219e-05
0.0001475811004638672
0.0001499652862548828
0.0003279447555541992
0.0001857280731201172
7.152557373046875e-05
0.00013136863708496094
0.00010263919830322266
9.942054748535156e-05
0.00011587142944335938
9.655952453613281e-05
0.00010037422180175781
0.0001112222671508789
5.507469177246094e-05
0.0002893209457397461
0.00016641616821289062
0.0001049041748046875
0.00034427642822265625
0.0002009868621826172
4.291534423828125e-05
7.510185241699219e-05
3.0994415283203125e-05
4.1961669921875e-05
0.00015425682067871094
0.00024306774139404297
0.00017786026000976562
0.0001232624053955078
0.00011396408081054688
0.00040149688720703125
0.0001628398895263672
4.649162292480469e-05
0.0001366138458251953
0.00016820430755615234
4.8160552978515625e-05
0.0004563331604003906
6.365776062011719e-05
0.00012063980102539062
6.389617919921875e-05
0.00017023086547851562
0.00026667118072509766
6.413459777832031e-05
0.0001220703125
6.890296936035156e-05
0.0001633167266845703
0.00012862682342529297
4.744529724121094e-05
0.0002307891845703125
0.00015044212341308594
0.0001468658447265625
0.00013017654418945312
0.00014340877532958984
4.1484832763671875e-05
4.482269287109375e-05
0.0003757476806640625
0.0001138448715209961
0.00017249584197998047
0.00016307830810546875
8.988380432128906e-05
5.936622619628906e-05
2.5510787963867188e-05
0.00012290477752685547
0.0001767873764038086
0.00018358230590820312
9.334087371826172e-05
8.20159912109375e-05
0.00016951560974121094
0.0002447366714477539
6.699562072753906e-05
7.081031799316406e-05
0.0004717111587524414
5.1021575927734375e-05
0.00018143653869628906
5.078315734863281e-05
0.00017786026000976562
0.00010728836059570312
0.0001798868179321289
0.0001289844512939453
0.00013256072998046875
0.00012969970703125
3.170967102050781e-05
0.0002727508544921875
3.349781036376953e-05
1.6927719116210938e-05
6.0558319091796875e-05
0.000152587890625
5.054473876953125e-05
0.0001232624053955078
0.0004410743713378906
0.0002734661102294922
5.888938903808594e-05
0.000110626220703125
0.00019931793212890625
0.00011944770812988281
0.00012052059173583984
5.602836608886719e-05
6.99758529663086e-05
6.771087646484375e-05
8.308887481689453e-05
0.000141143798828125
0.00010180473327636719
7.605552673339844e-05
0.00022280216217041016
9.369850158691406e-05
0.0001285076141357422
0.0005353689193725586
5.078315734863281e-05
0.0001266002655029297
0.0001518726348876953
0.0001678466796875
7.05718994140625e-05
0.0001087188720703125
9.465217590332031e-05
0.0001697540283203125
0.00011897087097167969
2.1696090698242188e-05
0.00017154216766357422
0.00024199485778808594
1.1444091796875e-05
3.1948089599609375e-05
0.00010919570922851562
0.00014102458953857422
9.679794311523438e-05
6.29425048828125e-05
0.00030243396759033203
0.00010216236114501953
7.224082946777344e-05
9.965896606445312e-05
0.00014781951904296875
0.0001531839370727539
0.00016307830810546875
0.00018799304962158203
8.797645568847656e-05
0.0001919269561767578
0.000133514404296875
4.482269287109375e-05
7.343292236328125e-05
9.226799011230469e-05
8.940696716308594e-05
0.0001888275146484375
0.00024306774139404297
1.6689300537109375e-05
0.0003224611282348633
0.0002148151397705078
0.0001990795135498047
2.3603439331054688e-05
5.245208740234375e-05
0.0001188516616821289
2.6941299438476562e-05
0.00019359588623046875
0.00010967254638671875
0.00014269351959228516
0.0001785755157470703
0.00011706352233886719
7.081031799316406e-05
3.719329833984375e-05
7.295608520507812e-05
0.0003674030303955078
7.867813110351562e-05
3.7670135498046875e-05
0.00038433074951171875
2.7894973754882812e-05
0.00014126300811767578
0.00017702579498291016
0.00040650367736816406
8.225440979003906e-05
6.151199340820312e-05
5.793571472167969e-05
0.00013434886932373047
8.678436279296875e-05
0.0001533031463623047
0.00023043155670166016
2.193450927734375e-05
0.0001480579376220703
2.3365020751953125e-05
9.751319885253906e-05
0.00025212764739990234
0.00012636184692382812
0.00010395050048828125
0.00024878978729248047
0.00010097026824951172
0.00025534629821777344
2.7894973754882812e-05
9.5367431640625e-05
0.00041866302490234375
0.00012230873107910156
0.00012159347534179688
9.584426879882812e-05
0.000171661376953125
8.821487426757812e-05
0.00013947486877441406
0.00025653839111328125
3.647804260253906e-05
3.314018249511719e-05
8.106231689453125e-06
0.00023877620697021484
0.00011992454528808594
6.985664367675781e-05
0.00015616416931152344
7.259845733642578e-05
0.000274658203125
9.250640869140625e-05
2.7418136596679688e-05
0.00037539005279541016
0.00011301040649414062
3.1948089599609375e-05
8.571147918701172e-05
0.0003333091735839844
0.00010013580322265625
4.506111145019531e-05
0.00019538402557373047
0.00035202503204345703
0.00021266937255859375
0.00010788440704345703
8.678436279296875e-05
2.1696090698242188e-05
4.744529724121094e-05
0.00013124942779541016
9.608268737792969e-05
7.653236389160156e-05
9.202957153320312e-05
0.0004101991653442383
0.0004448890686035156
3.600120544433594e-05
8.034706115722656e-05
9.512901306152344e-05
5.316734313964844e-05
6.556510925292969e-05
0.0001876354217529297
0.0001404285430908203
0.00015282630920410156
0.0001271963119506836
8.797645568847656e-05
2.0742416381835938e-05
9.250640869140625e-05
7.915496826171875e-05
0.0005488395690917969
0.00042951107025146484
4.363059997558594e-05
6.29425048828125e-05
0.00020956993103027344
0.0002866983413696289
0.00014781951904296875
4.506111145019531e-05
0.00016117095947265625
0.00013685226440429688
5.1975250244140625e-05
0.00013899803161621094
0.00013184547424316406
0.00016379356384277344
0.00014603137969970703
0.00010704994201660156
0.0001575946807861328
4.291534423828125e-05
7.855892181396484e-05
5.3882598876953125e-05
0.00010800361633300781
7.605552673339844e-05
0.00014662742614746094
1.8835067749023438e-05
1.5497207641601562e-05
8.83340835571289e-05
0.00011610984802246094
0.00019752979278564453
0.00014030933380126953
9.012222290039062e-05
0.00010156631469726562
0.00025463104248046875
1.4543533325195312e-05
9.131431579589844e-05
8.320808410644531e-05
0.00019431114196777344
0.00031125545501708984
3.9577484130859375e-05
8.45193862915039e-05
0.00014841556549072266
0.00017070770263671875
0.00024139881134033203
0.0004521608352661133
0.00021278858184814453
3.24249267578125e-05
0.0001494884490966797
0.0001761913299560547
0.00021529197692871094
0.00010848045349121094
6.842613220214844e-05
0.00011444091796875
7.05718994140625e-05
0.00014913082122802734
0.0002626180648803711
2.0503997802734375e-05
0.00014829635620117188
5.7220458984375e-05
5.984306335449219e-05
2.9802322387695312e-05
9.524822235107422e-05
8.034706115722656e-05
0.00011730194091796875
8.225440979003906e-05
0.00019598007202148438
7.295608520507812e-05
5.435943603515625e-05
4.756450653076172e-05
0.00024521350860595703
5.14984130859375e-05
0.00020229816436767578
5.507469177246094e-05
0.0001068115234375
5.1021575927734375e-05
6.246566772460938e-05
5.602836608886719e-05
0.00021982192993164062
0.00011944770812988281
9.894371032714844e-05
8.249282836914062e-05
3.170967102050781e-05
0.0002880096435546875
0.0004611015319824219
0.0001233816146850586
0.0001615285873413086
0.000110626220703125
0.0002067089080810547
0.0001627206802368164
0.00018513202667236328
0.0001506805419921875
2.2411346435546875e-05
0.00011622905731201172
0.0002491474151611328
0.00038242340087890625
0.00017547607421875
3.24249267578125e-05
9.703636169433594e-05
2.9802322387695312e-05
8.845329284667969e-05
0.00011301040649414062
4.315376281738281e-05
0.0001380443572998047
0.0001010894775390625
0.00024259090423583984
0.00015342235565185547
0.0001289844512939453
0.00012743473052978516
0.00013446807861328125
6.747245788574219e-05
0.00011396408081054688
0.00010347366333007812
3.62396240234375e-05
4.410743713378906e-05
9.775161743164062e-05
5.6743621826171875e-05
5.221366882324219e-05
0.0001932382583618164
8.702278137207031e-05
0.00011289119720458984
4.673004150390625e-05
3.62396240234375e-05
5.638599395751953e-05
7.677078247070312e-05
0.0001819133758544922
8.64267349243164e-05
0.0004259347915649414
9.846687316894531e-05
0.0002872943878173828
0.0005513429641723633
0.00015151500701904297
0.0002377033233642578
8.7738037109375e-05
0.0001049041748046875
0.0001983642578125
9.012222290039062e-05
2.2411346435546875e-05
8.726119995117188e-05
6.723403930664062e-05
7.104873657226562e-05
0.00011682510375976562
7.927417755126953e-05
0.0001895427703857422
9.942054748535156e-05
0.0003292560577392578
5.030632019042969e-05
0.00026917457580566406
5.269050598144531e-05
9.083747863769531e-05
0.00014448165893554688
5.555152893066406e-05
0.00020742416381835938
9.72747802734375e-05
6.556510925292969e-05
0.00019288063049316406
0.00011014938354492188
4.482269287109375e-05
0.00010585784912109375
0.00011157989501953125
0.00022125244140625
0.00044417381286621094
0.0002231597900390625
0.00023126602172851562
9.131431579589844e-05
3.647804260253906e-05
6.532669067382812e-05
7.915496826171875e-05
0.00012683868408203125
0.0001964569091796875
7.963180541992188e-05
0.0001163482666015625
0.0001291036605834961
0.0001163482666015625
0.00014925003051757812
8.106231689453125e-05
0.0002740621566772461
3.0279159545898438e-05
7.104873657226562e-05
0.000156402587890625
0.00012791156768798828
5.078315734863281e-05
0.0001876354217529297
2.5272369384765625e-05
0.00017726421356201172
0.00012040138244628906
0.000523686408996582
5.0067901611328125e-05
0.0002377033233642578
7.557868957519531e-05
0.00030243396759033203
0.0003396272659301758
9.489059448242188e-05
0.00010538101196289062
5.817413330078125e-05
4.506111145019531e-05
4.267692565917969e-05
0.0001704692840576172
4.851818084716797e-05
7.414817810058594e-05
0.0001571178436279297
0.00017571449279785156
8.630752563476562e-05
0.00010979175567626953
5.2928924560546875e-05
0.00018215179443359375
8.511543273925781e-05
0.00023663043975830078
0.00017189979553222656
0.0001304149627685547
0.00016641616821289062
0.0002008676528930664
0.00016760826110839844
9.870529174804688e-05
0.00011110305786132812
0.0001659393310546875
8.0108642578125e-05
8.440017700195312e-05
0.00016176700592041016
0.0002880096435546875
0.0001895427703857422
9.47713851928711e-05
0.00038802623748779297
2.5510787963867188e-05
5.507469177246094e-05
0.0002707242965698242
5.1021575927734375e-05
9.083747863769531e-05
6.222724914550781e-05
4.7206878662109375e-05
0.00012731552124023438
0.00014841556549072266
6.222724914550781e-05
3.838539123535156e-05
0.00010800361633300781
4.458427429199219e-05
0.00016736984252929688
6.508827209472656e-05
0.0001285076141357422
0.0002378225326538086
9.02414321899414e-05
9.131431579589844e-05
5.364418029785156e-05
9.393692016601562e-05
9.071826934814453e-05
0.0004100799560546875
0.0002067089080810547
8.678436279296875e-05
0.00014019012451171875
0.00019478797912597656
0.00019824504852294922
0.00016927719116210938
3.6716461181640625e-05
0.00023818016052246094
9.870529174804688e-05
9.918212890625e-05
8.845329284667969e-05
5.698204040527344e-05
2.2411346435546875e-05
0.00011110305786132812
2.6226043701171875e-05
0.00014150142669677734
0.00022530555725097656
5.459785461425781e-05
0.00023484230041503906
2.5033950805664062e-05
0.00019657611846923828
7.915496826171875e-05
3.528594970703125e-05
0.00033664703369140625
9.751319885253906e-05
0.00013768672943115234
8.797645568847656e-05
5.650520324707031e-05
0.00032019615173339844
4.696846008300781e-05
0.00011563301086425781
0.0002090930938720703
6.175041198730469e-05
0.0001024007797241211
7.033348083496094e-05
0.00013875961303710938
6.198883056640625e-05
6.651878356933594e-05
4.9114227294921875e-05
0.00023865699768066406
0.00022077560424804688
3.981590270996094e-05
0.00010085105895996094
0.00011730194091796875
0.00013697147369384766
0.00012362003326416016
0.000331878662109375
0.00013244152069091797
7.271766662597656e-05
5.7697296142578125e-05
3.600120544433594e-05
6.842613220214844e-05
6.937980651855469e-05
0.0001087188720703125
0.0002071857452392578
0.0007839202880859375
7.176399230957031e-05
7.319450378417969e-05
0.0001666545867919922
4.9591064453125e-05
9.703636169433594e-05
0.00013566017150878906
0.00018262863159179688
0.00014841556549072266
0.0001652240753173828
0.00024449825286865234
0.00014150142669677734
3.4809112548828125e-05
4.124641418457031e-05
4.76837158203125e-05
0.00014340877532958984
0.00014138221740722656
4.506111145019531e-05
7.390975952148438e-05
7.224082946777344e-05
0.00023114681243896484
0.0002435445785522461
0.00012731552124023438
8.475780487060547e-05
0.00011110305786132812
6.723403930664062e-05
2.4080276489257812e-05
0.00010585784912109375
3.4809112548828125e-05
0.00017952919006347656
0.0002434253692626953
0.00011014938354492188
0.00012946128845214844
0.00032591819763183594
8.082389831542969e-05
0.00012934207916259766
2.765655517578125e-05
5.0067901611328125e-05
6.842613220214844e-05
0.0005106925964355469
0.00019025802612304688
6.413459777832031e-05
325.14787888526917
322.3592908382416
321.1954164505005
319.4670526981354
319.2519328594208
320.1665663719177
