94.6620591878891
89.82062321901321
87.64526098966599
88.06701195240021
88.56403160095215
85.82039475440979
89.21668112277985
85.18719428777695
85.94422000646591
87.86445564031601
87.73228526115417
87.5064304471016
88.50271385908127
87.42344868183136
86.90652275085449
85.7776648402214
87.71280658245087
87.23737984895706
88.75919198989868
87.45882880687714
85.78784221410751
85.21035200357437
86.903235912323
88.01978039741516
84.65061837434769
84.95496660470963
86.15373653173447
87.66420418024063
87.12001031637192
86.36323702335358
86.50301557779312
86.77537548542023
88.57537293434143
84.84979969263077
85.74691796302795
85.08802938461304
86.1661861538887
86.5764172077179
82.2820251584053
74.62510120868683
58.00470896065235
30.96818645298481
24.61311237514019
14.139535628259182
14.933458706364036
11.385445868596435
9.768111014738679
6.633562764618546
6.39707693742821
4.829321536934003
3.913795407861471
4.072756476816721
3.748083589831367
3.0976474771741778
2.327389376994688
2.3420709976926446
2.0548181424092036
2.1733821177622303
1.194909180412651
1.1533023833180778
1.0945380326629675
1.6861902921373257
1.2322890200885013
1.1024372984829824
0.7635056718427222
1.129403673374327
0.6587386773899198
0.8234616779955104
0.5504061436840857
0.5494776273844764
0.44353455209056847
0.37616879829147365
0.3214255677667097
0.37856346188345924
0.3402101672254503
0.2257683243884685
0.23752004637208302
0.4763247101291199
0.448492836963851
0.18100172639242373
0.2703760164149571
0.31065496134669957
0.148254217036083
0.11537990007491317
0.21386965043166128
0.3340596317420932
0.16109015201254806
0.13335810945136473
96.06406199932098
91.99680602550507
88.51503735780716
87.805300116539
89.03981131315231
87.60462546348572
89.60390961170197
87.43211323022842
83.63135021924973
86.42828100919724
88.48427110910416
88.34410744905472
85.36144399642944
88.19453513622284
85.66745364665985
87.94635736942291
86.96043235063553
87.64407086372375
87.394968688488
85.23529982566833
87.52302569150925
86.01950740814209
86.91650611162186
88.12081277370453
86.7956035733223
87.41559773683548
87.99706250429153
86.1763323545456
88.030617415905
87.10347747802734
84.72210454940796
88.82269096374512
86.79139810800552
83.69612193107605
85.1434999704361
87.77482920885086
86.05819529294968
86.43508100509644
88.61425399780273
86.71259161829948
85.84225404262543
88.15687292814255
84.96735697984695
85.19649901986122
86.09138613939285
86.81207287311554
84.43555122613907
84.812604367733
83.76731771230698
84.93668097257614
84.92626142501831
86.69693821668625
86.26595222949982
84.94104307889938
88.2688816189766
85.111826390028
86.05633741617203
89.12473839521408
88.93954247236252
84.98742347955704
84.7998064160347
87.8572569489479
88.8553718328476
87.43343150615692
85.55937260389328
86.72072321176529
87.64932060241699
84.87723368406296
87.79740673303604
84.91904205083847
85.957286298275
85.56707274913788
84.48347020149231
83.79346919059753
85.39127278327942
86.38388574123383
86.18889969587326
87.76383459568024
86.88112145662308
85.1335843205452
88.09121024608612
87.2562370300293
84.69612637162209
83.9116039276123
88.52007991075516
84.89170306921005
87.82095456123352
86.55095255374908
85.68168872594833
88.00603252649307
87.75555804371834
85.1881775856018
86.89642715454102
85.52499735355377
87.26003074645996
85.33634233474731
84.55156537890434
87.51164531707764
85.28036820888519
84.86646234989166
85.9564990401268
86.67812258005142
82.92121586203575
80.31669956445694
68.33286267518997
57.96857571601868
41.441323682665825
31.68661819398403
22.46767646819353
20.62653850018978
17.71863602846861
14.440810481086373
12.488677181303501
11.247248705476522
9.44942189194262
9.749411528930068
8.666626137681305
7.900300323963165
6.8581559378653765
6.289889057632536
5.700787958689034
5.5630690711550415
4.6415921212174
5.202165137045085
4.701606266084127
4.55222004163079
3.817070055520162
3.210832721553743
3.2832539269002154
2.8461241832119413
2.9011955694295466
2.583545555593446
2.8285229166503996
2.2891540229757084
2.0480711250565946
1.7695044177235104
1.3926172735227738
1.1236826014128383
1.2923565304954536
1.2030261424697528
1.0261200633394765
1.021902528271312
1.1844161958615587
0.9708442957489751
0.8932560512039345
0.9399074652319541
0.8921772858302575
0.9713010814157315
0.791356598798302
0.8120913337079401
0.8262618587468751
0.6124958834698191
0.6603022122981201
0.621705251003732
0.8511867960405652
0.549455713653515
0.6408065297582652
0.5728233168629231
0.5938378980499692
0.5019778762070928
0.5375290034135105
0.45889244685531594
0.45421304232877446
0.566887250788568
0.37631376886565704
0.4432389594403503
0.4595264527015388
0.36824924347456545
0.42643360594956903
0.41391102473426145
0.2309476407826878
0.1824480966606643
0.20141860158764757
0.19475376296031754
0.20732055830740137
0.1813227976381313
0.1563842851469417
0.19779046094845398
0.14726282554329373
0.17410602391464636
0.10725591807795354
0.14809613002398692
0.15740797913895221
0.1511468836979475
0.1395259903765691
0.1392293116905421
0.1718673995201243
0.11241294167848537
0.11116346450216952
0.08168089410082757
0.08813996303069871
0.12041819282239885
0.10558924994256813
0.08866921114758952
0.06929450773532153
0.06807026945170946
0.0685302386409603
0.0740808886839659
0.10056822089245543
0.08193820894439341
0.06632082317037202
0.09131671538125374
0.05086069199023768
0.09582273149862885
0.053259176012034004
0.03539437535800971
0.029123109338172526
0.035784448538379365
0.04755555412702961
0.02644101199985016
0.044391283321601804
0.02424055574738304
0.036721779935760424
0.04011834542325232
0.031196630658087088
0.03981670300709084
0.011424825781432446
0.020661049216869287
0.03937506242800737
0.03436039938242175
0.02662335740751587
0.04771033613360487
0.03371592447365401
0.016746337510994636
0.02545486523740692
0.02018391160208921
0.0318462832365185
0.023893718287581578
0.023355223267572
0.017146110292742378
0.02575233839888824
0.00977046205662191
0.010380350635387003
0.013242180633824319
0.007005306419159751
0.018587465907330625
0.03211480617756024
0.026739927394373808
0.018626735953148454
0.007989961537532508
0.01775327997165732
0.009397291170898825
0.014413104654522613
0.005381380204198649
0.003708197473315522
0.012381626904243603
0.00979084917344153
0.004398228978971019
0.016322548457537778
0.014751079230336472
0.005305514787323773
0.00226745693362318
0.00471121533337282
0.009766899776877835
0.0067574380882433616
0.006915697711519897
0.011133982508908957
0.0032219221466220915
0.007099825612385757
0.00580530453225947
0.0024402301969530527
0.0054607392303296365
0.008637116421596147
0.0045003111299593
0.004213269043248147
0.010894901439314708
0.004199844115646556
0.004815381282242015
0.006656921908870572
0.006949397125026735
0.002317721999133937
0.00207709358073771
0.0004620414401870221
0.0009861221769824624
0.001943537819897756
0.005558646589634009
0.003580088814487681
0.000655852840282023
0.001683592825429514
0.0023557130771223456
0.001374437240883708
0.006710648340231273
0.00365605263505131
0.0023066264111548662
0.005208235568716191
0.00045475593651644886
0.0049527011724421754
0.0025972449220716953
0.003958032582886517
0.0033990832598647103
0.005914036926697008
0.0020692165417131037
0.0010828421945916489
0.0016919649060582742
0.0015994172426871955
0.004277889616787434
0.0010093542423419422
0.002144623314961791
0.0009938065668393392
0.004029792093206197
0.0007454936458088923
0.0
0.0010324808536097407
0.00754040931497002
0.0
0.0037979391345288604
0.0004087182169314474
0.0003522267797961831
0.00016632906044833362
0.0
0.002332774514798075
0.0038936506025493145
0.001625487486307975
0.00010811824176926166
0.00433168956078589
0.0
0.0005291333509376273
0.0002371806331211701
0.0
0.00034928320383187383
0.0012777218507835642
0.0027087468188256025
0.0009377919632242993
0.00375084241386503
0.0012341600377112627
0.0010296427644789219
0.0024694663734408095
0.0014983827713876963
0.0016000225077732466
0.0004037458202219568
0.0010946209076792002
0.0007455440645571798
0.0013426175501081161
0.0007679989648750052
0.0014235193957574666
0.0
0.0009042735327966511
0.0007775678022881038
0.0
0.005603240118944086
0.005761370994150639
0.000108269547126838
1.304883244301891e-05
0.0005282346974126995
0.0006500069866888225
0.000514012121129781
0.002653832663781941
0.0
0.0
0.0017895217170007527
0.0
0.0008988334448076785
0.00016479309124406427
0.0009696277265902609
0.0
0.0
0.0012793540954589844
0.0
0.0
3.603788627515314e-06
0.00129380365476095
0.0
0.0
0.0003996904124505818
0.0
0.0
0.001826515537686646
0.0003153177385684103
0.00016681048145983368
0.0012377042148727924
0.0
0.0011997818946838379
0.0014867415884509683
0.0008114690926959156
2.4520433726138435e-05
0.0
0.0
0.0
0.0
0.0
0.0020311290863901377
0.0
0.0
0.0
0.0
0.0
1.0064015441457741e-05
2.792248324112734e-06
0.0
0.0010275107342749834
0.0
0.0005256258300505579
0.0
0.0001386472868034616
0.0
0.0
0.0017169392667710781
0.002174304099753499
0.00026089869788847864
0.000291961885523051
0.00039255619049072266
0.0
0.0
0.0054440314415842295
0.0
0.0003687051575980149
0.0
0.0009284340194426477
0.00010769642540253699
0.00025488322717137635
6.744494839949766e-06
0.0
6.0310729168122634e-05
0.0002683171769604087
0.0
0.0
0.0
0.0005856293719261885
0.0
0.0
0.0013283675070852041
0.0
0.0
0.00010979633952956647
0.0
0.0009154585422948003
0.0
0.0012031381120323204
2.1641071725753136e-05
0.0016455742297694087
0.00014448165893554688
0.0
0.0
0.0
0.0
0.000923381419852376
0.0
7.107166311470792e-05
0.0
0.0
0.0006302319816313684
0.0008583710878156126
0.0
0.0
0.00026365427765995264
0.0
0.0
0.0
2.731268250499852e-05
0.0
0.0
0.0
0.0002125272440025583
0.0
0.0
3.39196267304942e-05
0.0
0.001169741153717041
0.002768269056105055
0.0005019719828851521
0.0
0.00020862542442046106
0.0008327044197358191
0.0
0.0
0.0
0.0
0.0
0.0
0.0
0.0
0.0
0.00045941886492073536
0.0
0.00012423899897839874
0.0001292503729928285
0.0
0.0020401477813720703
0.0
0.0
0.0
0.0
0.0
0.0
0.0
0.0
0.0
0.0
0.0
0.0
0.0
0.0
0.0
0.00034330898779444396
0.0
0.0012152149574831128
0.0
0.0006087605725042522
0.00033731642906786874
0.0007017392199486494
0.0
0.0
0.0
5.2039440561202355e-06
0.0
0.0
0.0
0.0
0.0
0.0
0.0
0.0
7.736682891845703e-05
0.0
0.00045925838639959693
0.0007558877696283162
0.0003425524919293821
0.0
0.0
0.0019085865351371467
0.0
0.0
0.0
0.0
0.0
4.568925214698538e-05
0.0
0.0
0.0
0.0
0.0
0.0
0.0
0.0
0.0
0.0
0.0
0.0
0.0
0.0010494773741811514
0.0
0.0
0.0
0.0
0.0
0.0
0.0
0.002531464211642742
0.0001438030885765329
0.0
0.0
0.0
0.0
0.0
0.0
0.0
0.0
0.0
0.0
0.0
0.0
0.0002586245536804199
0.0
0.0
0.0004321520100347698
0.0
0.0
0.0
0.0
0.0
0.0
0.0
0.0
0.0
0.0
0.0005689996760338545
5.578077616519295e-05
0.0
0.0
0.0
0.0
0.0
0.0005206052892390289
0.0002163419412681833
0.0
0.0
0.00032540468964725733
0.0
0.0
0.0015364426653832197
0.0
0.0
0.00011077752424171194
0.0
0.0
0.0
0.0
0.0
2.317245161975734e-05
0.0
0.0
0.0
0.0008108432521112263
8.221773168770596e-05
0.0
0.0
0.0
0.0
0.0
0.0
0.0
0.0
1.980708248083829e-06
0.0
0.0
0.0
0.001496658893302083
0.0
0.0
0.0
0.0
0.0
0.0
8.649092342238873e-05
0.0
0.0
0.0
0.0
0.0008456110954284668
0.0
0.0
0.0
0.0
0.0
0.0
0.00011991537758149207
0.0
0.0
0.0
0.0
0.0
0.0
0.0
0.0
0.0004412302514538169
0.0003211039808093119
0.0
0.0002563229063525796
0.0
0.0
0.0
0.0
0.0
0.0
0.0
0.0
0.0
0.0
0.0
0.0
0.0007832004339434206
0.0014845499536022544
0.0
0.0
0.0
0.0
0.00010076852777274325
0.0
2.1948264475213364e-05
0.0
0.0
0.0
6.00998209847603e-05
0.0
0.0
0.0
0.0
0.0
0.0
0.0
0.0
0.0
0.0
0.0
9.092000436794478e-05
0.0
0.0
4.586348222801462e-05
0.0
0.000764484575483948
0.0
0.0
0.0
0.0
0.0
0.0
0.0
0.0
0.000387553998734802
0.0
0.0
0.0
0.0
0.0
0.0
0.0013859226601198316
0.0
0.0
0.0003082477196585387
0.0
0.0
0.0
0.0
0.0
0.0
3.109986937488429e-05
0.0
0.0
0.0
0.0
0.0
0.0
0.0
0.0013758952263742685
0.0
0.0002987659827340394
0.0007273462833836675
0.0
0.0
0.0
0.00035671546356752515
4.543249451671727e-05
0.0
0.0
0.0
0.0
3.828452099696733e-05
0.0
0.0
0.0
0.0
0.0
0.0
0.0
0.0
0.0
0.0
0.0
0.0
0.0
0.0006911525269970298
0.001355813117697835
0.0
0.0
0.0
0.0
0.0
0.0
0.0
0.00032660134820616804
1.296630307479063e-05
0.0
0.0
0.0
0.0
0.0
3.3323580282740295e-05
0.0
0.0
0.0
4.382775296107866e-05
0.0
0.00034513839636929333
0.0
0.0
0.0
0.0
0.0
0.0
0.0
0.0
0.0
0.0
2.1984944396535866e-05
0.0
0.0
0.0
2.8330545319477096e-05
0.0
0.0
0.0
0.0
4.225510929245502e-05
0.0
0.0
0.0
0.0
0.0
0.0
0.0
0.00029084773268550634
0.0013486192328855395
0.0
0.0
0.0
0.0
0.0
0.0
0.00033866899320855737
0.0
0.0
0.0
0.000684774830006063
0.0
0.0
0.0
0.0
0.0
0.0
0.0
0.0
0.0
0.0
0.0
0.0
0.0
1.3135946574038826e-05
0.0
0.0
0.0
0.0
0.0
0.0
0.00029722542967647314
0.0
0.0
0.0
2.1430161723401397e-05
0.0
0.0
0.0
0.0013375236885622144
4.905920650344342e-05
0.0
0.0
0.0
0.0003258494252804667
0.0
0.0
0.0006751693435944617
5.2892246458213776e-05
0.0
4.603312390827341e-06
0.0
0.0
0.0
0.0
0.0
0.0
0.0
2.0444393157958984e-05
0.0003210031136404723
0.0
0.0
0.0
0.0
0.0
0.0
0.0
0.0
0.0020045225974172354
0.0
0.0
0.000294043478788808
0.0
0.0
0.0
0.0
0.0
0.0
0.0
0.0
9.105755452765152e-06
0.0
0.0
0.0
0.0
3.05359185404086e-06
2.2975298634264618e-05
0.0
0.0
0.0
0.0
0.0
0.0
0.0
0.0
0.0
0.0
0.0
0.0
0.0
0.0
0.0
0.0
0.0006683376850560308
9.816426427278202e-06
0.000295015488518402
0.0
0.0
0.0
0.0
5.1269165851408616e-05
0.0
0.0
0.0
0.0013256577076390386
0.0
0.0006678104400634766
0.0
5.229620001045987e-05
0.0
6.185128313518362e-06
0.0
0.0
2.055443292192649e-05
0.0
0.0
0.0
0.00029365374939516187
0.0
0.0
0.0
0.0
0.0
0.0003174405696881877
0.0
0.0013222327688708901
0.0
0.0
0.0
0.0
0.0
0.0
0.0
0.0
0.0
0.0
0.0
0.0
0.0
0.0
0.0
0.0
0.0
0.0002956711396109313
5.919199793424923e-06
0.0
0.0
0.0
0.0
0.0006683010142296553
0.0
0.0
0.0
0.0
0.0
0.0003117597952950746
0.0
0.0
0.0
0.0
0.0013206967851147056
0.0
5.107200922793709e-05
0.0
0.0
0.0
0.0
0.0
0.0
0.0
0.0
2.0893719920422882e-05
0.0
0.0
0.0
0.0
0.0
0.0
0.0
0.0
0.00031156264594756067
0.0
0.0
0.0
0.0
0.0
0.00131986232008785
0.0
0.0
0.0
0.0
0.0
0.0
0.0
0.0006665312102995813
0.0
0.00029565737349912524
2.00821796170203e-05
6.606945589737734e-06
0.0
0.0
0.0
0.0
5.0370508688502014e-05
0.0
0.0
0.0
0.0
0.0
0.0
5.199358838581247e-06
0.0
0.00029438274214044213
0.0
0.0
0.0
0.0
0.0
0.0
0.0
0.0
0.0
0.0
0.0
0.0
0.0
0.0
0.0
0.0013206509174779058
0.0
0.0
0.0
0.0
0.0
0.0
0.0
0.0
0.0
0.0010285973403370008
0.0
0.0
1.9550323486328125e-05
0.0
0.0
0.0
0.0
4.969193469150923e-05
0.00029416268807835877
0.0
0.0006670309812761843
0.0013205225113779306
5.15350939167547e-06
0.0
0.0
0.0
0.0
0.0
0.0
0.0
0.0
0.0
0.0
0.0
0.0
0.0
0.0
0.0
1.9284394511487335e-05
0.0
0.0
0.0
0.0003114067658316344
0.0
0.0
0.0
0.0
0.0
0.0
0.0
0.0
1.9123921447317116e-05
0.0
0.0
0.0
0.0
4.960940350429155e-05
0.0
0.0
0.0
0.0
0.0
0.0
0.0
0.0
0.0
0.0
0.0
0.0
0.0
0.0006669209687970579
0.0
0.0003112096164841205
5.162679372006096e-06
0.00029399304185062647
0.0013205225113779306
0.0
0.0
0.0
0.0
0.0
0.0
0.0
0.0
0.0
0.0006668063579127192
0.0
0.0
0.0
0.0013203162234276533
0.0
0.0
0.0
0.0
0.0
0.0
0.0
0.0
0.0
0.00031113624572753906
0.0
0.0
0.0
6.878834574308712e-05
0.0
5.080149549030466e-06
0.00029402971267700195
0.0
0.0
0.0
0.0
0.0
0.0
0.0
0.0
0.0003111820842605084
0.0
0.0
0.0
0.0
0.0
0.0
0.0
0.0
0.0002939655096270144
0.0
0.0
0.0
0.0013203436974436045
5.034300102124689e-06
0.0
0.0
0.0006667879642918706
4.957272540195845e-05
0.0
0.0
0.0
0.0
0.0
0.0
0.0
0.0
0.0
0.0
0.0
1.903222073451616e-05
0.0
0.0
0.0
0.0
0.0
1.900929601106327e-05
0.0
0.0
0.0
0.00031116834725253284
0.0
0.0
0.0
0.0
0.0
0.0
0.0
5.015960141463438e-06
0.0
0.0006667834240943193
0.0002939380065072328
0.0
0.0
0.0
0.0
0.0
0.0
0.0013699393821298145
0.0
0.0
0.0
0.0
0.0
0.0
0.0
0.0
0.0
0.0
0.0
0.0
0.0
0.0
0.0
5.015960141463438e-06
0.0
4.954979885951616e-05
0.0
0.0
0.0
0.0
0.0
0.0
0.0
0.0013203528942540288
0.0
0.0
0.0006667879642918706
1.900929601106327e-05
0.0
0.0
0.0
0.00029395634192042053
0.0
0.0
0.0003111637488473207
0.0
0.0
0.0
0.0
0.0
0.0
0.0006667925626970828
0.0
0.0
0.00029395634192042053
0.0
0.0
0.0
0.0
0.0
1.899554263218306e-05
0.00031114541343413293
0.0
0.0
0.0
0.0
0.0
0.0
0.0
0.0
0.0
0.0
0.0
4.95543863507919e-05
0.0
0.0
5.002205398341175e-06
0.0013203299604356289
0.0
0.0
0.0
0.0
0.0
0.0
0.0
0.0
0.0006667834240943193
0.0013203436974436045
0.0
0.0
0.0
0.0
0.0
0.0
0.0
0.0002989585491377511
0.0
1.899095695989672e-05
0.0
0.0
0.0
0.0
0.0
0.0
0.0
0.00031115917954593897
0.0
0.0
0.0
0.0
0.0
4.954979885951616e-05
0.0
0.0
0.0
0.0
0.0
0.0
0.0
0.0
0.0
0.0
0.0
1.899095695989672e-05
0.0
0.0
0.0
0.0
0.0
0.0
0.0
5.002205398341175e-06
0.00029394717421382666
0.0
0.0
0.0
0.0013203391572460532
0.0
0.0
0.0
0.0
0.0003111545811407268
0.0
0.0
0.0
0.0
0.0
0.0
0.0
0.0006667834240943193
0.0
0.0
4.954521500621922e-05
0.0
0.0
0.000666774227283895
0.0
0.0
0.0
0.001320334617048502
0.0
0.0
0.0003111545811407268
0.0
0.0
0.0
0.00031293354913941585
0.0
4.954979885951616e-05
0.0
0.0
0.0
0.0
0.0
0.0
0.0
0.0
0.0
0.0
0.0
0.0
0.0
0.0
0.0
0.0
5.015960141463438e-06
0.0
0.0
0.0
0.0
0.0
0.0
0.0
0.0
0.0
0.0
0.0
0.0
0.0
0.0
0.0
0.0
0.0
0.0
0.0
0.0
0.00203667692039744
0.0
0.0
0.00031293354913941585
0.0
0.0
0.0
0.0
0.0
0.0
0.0
0.0
0.0003111545811407268
0.0
5.015960141463438e-06
0.0006667925626970828
1.899095695989672e-05
0.0
0.0
0.0013203299604356289
0.0
0.0
0.0
0.0
0.0
0.0
0.0
0.0
0.0
0.0
0.0
0.0
0.0
0.0
5.015960141463438e-06
0.0
0.0
0.0
0.0
4.95543863507919e-05
0.0003111545811407268
0.0
0.0
0.0
0.0
0.0
0.0002939380065072328
0.0
0.0
0.0
0.0
0.0
1.899095695989672e-05
0.0
0.0
0.0006667879642918706
0.0
4.95543863507919e-05
0.0
0.0
0.0
0.0
0.0
0.0
0.0
0.0
0.0
0.0
0.0
0.0
5.015960141463438e-06
0.0
0.0
0.0
0.0013203299604356289
0.0
0.0003111545811407268
0.0002939380065072328
0.0
0.0
0.0
0.0
0.0
0.0
0.0003111545811407268
0.0
0.0
0.0
0.0002939380065072328
0.0013203299604356289
0.0
0.0
5.015960141463438e-06
0.0
0.0
0.0
0.0
0.0
0.0
0.0
0.0
0.0
0.0
0.0
0.0
0.0
0.0
0.0006667788256891072
0.0
0.0
4.95543863507919e-05
1.899095695989672e-05
0.0
0.0
0.0
0.0
0.0
0.0
0.0
0.0
0.0013203299604356289
0.0
0.0
0.0
0.0
0.0
0.0
0.0
0.0
0.0
0.0
0.0
0.0
5.015960141463438e-06
0.0
0.0
0.0
0.0003111545811407268
0.0
0.0
0.0
0.0
0.0
0.0
0.0
0.0006667788256891072
0.0
0.0
0.0003129289634671295
0.0
4.95543863507919e-05
0.0
0.0003111545811407268
0.0
0.0
0.0
0.0
0.0013203299604356289
0.0
0.0
0.0
0.0
0.0
0.0
0.0
0.0
4.95543863507919e-05
0.0
0.0
0.0
0.0
0.0
0.0
0.0
0.0002939380065072328
5.015960141463438e-06
1.899095695989672e-05
0.0
0.0
0.0
0.0
0.0
0.0006667788256891072
0.0
0.0
0.0
0.0
0.0
0.0
0.0
0.0
0.0
0.0
0.0
0.0
6.854534331068862e-05
0.0
0.0002939380065072328
0.0003111545811407268
0.0
0.0
0.0
0.0
0.0013203299604356289
0.0
0.0
0.0
0.0
0.0
0.0
0.0
0.0
0.0
0.0
0.0006667788256891072
0.0
5.015960141463438e-06
0.0
0.0
0.0
0.0
0.001325345947407186
0.0
0.0006667788256891072
0.0
0.0
0.0
0.0
0.0
0.0
0.0003111545811407268
0.0
0.0
0.0
0.0
0.0
0.0
1.899095695989672e-05
0.0
0.0
0.0
0.0
0.0
0.0002939380065072328
0.0
0.0
0.0
0.0
0.0
0.0
4.95543863507919e-05
0.0
0.0
1.899095695989672e-05
0.0
0.0
0.0
0.0
0.0
0.0
0.0003111545811407268
0.0
0.0
0.0
0.0
0.0
0.0
5.457034649225534e-05
0.0
0.0
0.0006667788256891072
0.0002939380065072328
0.0
0.0
0.0
0.0
0.0
0.0013203299604356289
0.0
0.0
0.0
0.0
0.0
0.0
0.0
0.0
0.0
