324.95036911964417
321.64031457901
319.5052926540375
320.29061126708984
320.43488001823425
319.48151087760925
317.6841034889221
316.0635211467743
285.1671483516693
246.07821643352509
210.63058030605316
180.08064460754395
150.1657893061638
137.00612676143646
103.13256520032883
92.12512093782425
75.83669003844261
73.01661068201065
61.709514141082764
49.60749650001526
45.370105028152466
38.15503016114235
29.589106559753418
38.34762969613075
43.371271312236786
25.37064889073372
29.22498971223831
22.55379408597946
37.951401472091675
30.608250319957733
15.36310949921608
30.82277724146843
25.739052057266235
15.72845271229744
12.260931193828583
13.495885223150253
8.292304337024689
10.243405401706696
10.873870611190796
4.433971583843231
8.11461317539215
8.733101427555084
7.7072542905807495
17.231187999248505
18.90561667084694
17.945333391427994
18.520999759435654
14.897936046123505
20.590510666370392
5.21936559677124
9.448280990123749
11.065561056137085
10.715513706207275
10.981770992279053
5.983122885227203
7.0813217759132385
2.448864698410034
9.539698004722595
11.04229086637497
14.117264926433563
5.62459522485733
4.202897071838379
7.6176058650016785
21.92624008655548
14.530352801084518
6.446910560131073
8.352042853832245
18.002816557884216
8.673278331756592
1.1384707689285278
6.206096708774567
7.348498582839966
3.981051802635193
10.457649290561676
15.387053310871124
11.332904160022736
6.757920324802399
18.77305695414543
15.393554627895355
19.855406641960144
5.864992648363113
0.9211926460266113
10.836231291294098
5.914819657802582
1.8717724084854126
0.39533549547195435
2.152087926864624
15.386812716722488
3.2293762266635895
5.699750870466232
14.626158565282822
12.303279519081116
7.762081205844879
8.734567433595657
6.661599338054657
8.24538278579712
6.574511498212814
15.315832108259201
17.978232711553574
14.006097316741943
10.932349741458893
12.790742814540863
40.79237234592438
12.592177718877792
4.7346154153347015
0.6064278483390808
0.13078975677490234
0.03806710243225098
0.06367349624633789
1.8632960319519043
7.323298275470734
4.816813766956329
0.4402387738227844
8.041470319032669
3.3185816407203674
0.7742645740509033
1.266902208328247
0.3313859701156616
6.422567427158356
3.6053468585014343
0.5704826712608337
0.9504531621932983
1.161635160446167
0.1347815990447998
0.013579964637756348
2.1862000226974487
0.33060193061828613
0.060811519622802734
4.145054817199707
8.076911747455597
46.08040642738342
5.750414848327637
9.731580525636673
7.450603395700455
3.3536537289619446
1.8914979100227356
2.447760820388794
0.33849847316741943
0.03209877014160156
0.008051633834838867
0.015917301177978516
0.008920669555664062
0.0047370195388793945
0.0019336938858032227
0.0012590885162353516
0.0033457279205322266
0.0018585920333862305
0.0034629106521606445
0.0026334524154663086
0.004385948181152344
0.012141823768615723
0.004488945007324219
0.0025757551193237305
0.0015041828155517578
0.0043822526931762695
0.0015172958374023438
0.06497836112976074
0.02257668972015381
0.010626673698425293
0.0034646987915039062
0.0018481016159057617
0.0020999908447265625
0.013291478157043457
0.006173849105834961
0.002881646156311035
0.006296396255493164
0.007881641387939453
0.001680612564086914
0.0012958049774169922
0.0015416145324707031
0.0009458065032958984
0.000506281852722168
0.0013254880905151367
0.001790165901184082
0.0013818740844726562
0.00040721893310546875
0.0013259649276733398
0.016817569732666016
0.0008262395858764648
0.0008151531219482422
0.00035572052001953125
0.0007436275482177734
0.0008529424667358398
0.0009057521820068359
0.001138448715209961
0.0011219978332519531
0.00041031837463378906
0.00026798248291015625
0.0008736848831176758
0.004305720329284668
0.0011140108108520508
0.0004146099090576172
0.0004858970642089844
0.001201629638671875
0.000629425048828125
0.0005778074264526367
0.00015926361083984375
0.00024366378784179688
0.0009548664093017578
0.0006544589996337891
0.0005984306335449219
0.0002627372741699219
0.0004570484161376953
0.0005435943603515625
0.0006856918334960938
0.0005888938903808594
0.0005636215209960938
0.0004909038543701172
0.0005042552947998047
0.0005015134811401367
0.0008852481842041016
0.0004286766052246094
0.0005354881286621094
0.0013769865036010742
0.0003483295440673828
0.00047075748443603516
0.0005068778991699219
0.0004131793975830078
0.0003688335418701172
0.00011086463928222656
0.0005230903625488281
0.0011707544326782227
0.00028204917907714844
0.0003590583801269531
0.0011903047561645508
0.00025272369384765625
0.00046753883361816406
0.00048160552978515625
0.00046253204345703125
0.0002701282501220703
0.0004317760467529297
0.00040340423583984375
0.0009943246841430664
0.0002256631851196289
0.000537872314453125
0.000453948974609375
0.0003718137741088867
0.000213623046875
0.0003352165222167969
0.000270843505859375
0.0003628730773925781
0.00034332275390625
0.00037169456481933594
0.0003600120544433594
0.00020074844360351562
0.0003695487976074219
0.0008623600006103516
0.0008823871612548828
0.0003135204315185547
0.0004086494445800781
0.0003851652145385742
0.0002715587615966797
0.0002956390380859375
0.00022077560424804688
0.00048661231994628906
0.0005290508270263672
0.0002657175064086914
0.0005300045013427734
0.000377655029296875
0.000672459602355957
0.00021696090698242188
0.00035512447357177734
0.0006490945816040039
0.0005326271057128906
0.0003139972686767578
0.0006787776947021484
0.00027000904083251953
0.00038874149322509766
0.00024521350860595703
0.0005083084106445312
0.0004951953887939453
0.0002446174621582031
0.0004417896270751953
0.00072479248046875
0.0003592967987060547
0.00013780593872070312
0.0005761384963989258
0.00029730796813964844
0.00013625621795654297
0.0004258155822753906
0.00030541419982910156
0.0003331899642944336
0.00030171871185302734
0.00030541419982910156
0.0002906322479248047
0.0007460117340087891
0.00041604042053222656
0.0005519390106201172
8.320808410644531e-05
0.0002570152282714844
0.0003496408462524414
0.0002155303955078125
0.0003669261932373047
0.00044989585876464844
0.000643610954284668
0.0004184246063232422
0.0003139972686767578
8.082389831542969e-05
0.00047206878662109375
0.00016379356384277344
0.00016236305236816406
0.0004342794418334961
0.0006026029586791992
0.00017523765563964844
9.679794311523438e-05
0.00016224384307861328
0.0002900362014770508
0.0002524852752685547
0.0003142356872558594
0.0001590251922607422
0.0005526542663574219
0.00017964839935302734
0.0003426074981689453
0.00026226043701171875
0.00023412704467773438
0.00023055076599121094
0.00025153160095214844
0.0006442070007324219
0.0003827810287475586
0.0002644062042236328
0.00016689300537109375
0.00025177001953125
0.0005211830139160156
0.00019788742065429688
0.0003643035888671875
0.0006082057952880859
0.0003426074981689453
0.0002818107604980469
0.00026416778564453125
0.00022149085998535156
0.0003439188003540039
0.00030601024627685547
0.0001087188720703125
0.00016391277313232422
0.00043761730194091797
0.00025725364685058594
0.0004222393035888672
0.00046634674072265625
0.00018072128295898438
0.00014019012451171875
0.0005019903182983398
0.0003123283386230469
0.00017786026000976562
0.0002605915069580078
0.0004482269287109375
0.00041472911834716797
0.00022983551025390625
0.0002989768981933594
0.00017142295837402344
0.0003161430358886719
0.0001957416534423828
0.0002390146255493164
0.00037360191345214844
0.000286102294921875
0.00018310546875
0.0003414154052734375
0.00012087821960449219
0.0003687143325805664
0.0002865791320800781
0.0003542900085449219
0.0002086162567138672
0.00015592575073242188
0.00015163421630859375
0.00028705596923828125
0.0005016326904296875
0.0001876354217529297
0.0002516508102416992
0.0002086162567138672
0.00016880035400390625
0.00018167495727539062
0.0002859830856323242
0.0001747608184814453
0.00031876564025878906
0.0003590583801269531
0.00017714500427246094
0.00016808509826660156
0.00024390220642089844
0.0003445148468017578
0.00045108795166015625
0.00013637542724609375
8.630752563476562e-05
0.0002970695495605469
0.0003330707550048828
0.0001819133758544922
0.00035309791564941406
0.0005288124084472656
0.00020647048950195312
0.00011348724365234375
0.00038683414459228516
0.00032210350036621094
0.0002384185791015625
0.0004811286926269531
0.00022685527801513672
0.00012135505676269531
0.0002796649932861328
0.00026106834411621094
0.00024056434631347656
0.00019550323486328125
0.00028133392333984375
0.00023734569549560547
0.00021326541900634766
0.0001671314239501953
0.0002582073211669922
9.775161743164062e-05
0.0002143383026123047
9.59634780883789e-05
0.00017189979553222656
0.00047969818115234375
0.0002052783966064453
0.0001957416534423828
0.00020122528076171875
0.00015020370483398438
0.0001461505889892578
0.0002675056457519531
0.0002129077911376953
0.0001399517059326172
0.00028896331787109375
0.0002646446228027344
0.00015091896057128906
0.00019693374633789062
0.00018596649169921875
0.00018596649169921875
0.00028264522552490234
0.00029277801513671875
0.00029778480529785156
0.00018310546875
0.0001647472381591797
0.00018584728240966797
0.0002377033233642578
0.0004029273986816406
0.00014710426330566406
0.0005290508270263672
0.00034427642822265625
0.00042450428009033203
0.0002307891845703125
0.0003535747528076172
0.0003446340560913086
0.00015497207641601562
0.0001575946807861328
0.00025177001953125
0.00019431114196777344
0.0001838207244873047
0.00026106834411621094
0.00032007694244384766
0.00016951560974121094
0.00017559528350830078
0.00029540061950683594
0.000213623046875
0.00012540817260742188
0.00024628639221191406
0.00017142295837402344
0.00039696693420410156
0.0003223419189453125
0.00012540817260742188
0.0003571510314941406
0.0002665519714355469
0.00013518333435058594
0.00026607513427734375
0.00021839141845703125
0.0002071857452392578
8.130073547363281e-05
0.00024628639221191406
0.00035452842712402344
0.0003464221954345703
0.00011730194091796875
0.0001480579376220703
0.0001766681671142578
0.0003713369369506836
0.00023317337036132812
0.00013446807861328125
0.0002536773681640625
0.00016236305236816406
0.00022125244140625
0.0002448558807373047
0.00021409988403320312
0.0001227855682373047
0.0002117156982421875
0.00019025802612304688
0.000141143798828125
0.00014519691467285156
0.00028955936431884766
0.00025391578674316406
0.00023806095123291016
0.00015473365783691406
0.00017547607421875
0.00024056434631347656
0.00032782554626464844
0.00015115737915039062
0.00017118453979492188
0.00019419193267822266
0.00033867359161376953
8.320808410644531e-05
0.00013256072998046875
0.000354766845703125
0.0001729726791381836
0.0002772808074951172
0.0002143383026123047
0.00023245811462402344
0.00033473968505859375
0.0001595020294189453
0.0001316070556640625
0.00037670135498046875
0.00012814998626708984
0.00035762786865234375
8.940696716308594e-05
0.00022804737091064453
0.0001246929168701172
0.0001844167709350586
0.0001850128173828125
0.00027179718017578125
0.00022530555725097656
0.0001220703125
0.00014412403106689453
0.0002180337905883789
0.00023090839385986328
0.00022339820861816406
0.00011372566223144531
0.00029397010803222656
0.00015974044799804688
0.00013589859008789062
0.0001811981201171875
0.0005015134811401367
0.00035893917083740234
0.00012230873107910156
0.0001552104949951172
0.00017905235290527344
0.00012373924255371094
0.00013589859008789062
0.00022363662719726562
0.00014257431030273438
0.0002014636993408203
0.0001939535140991211
0.0002238750457763672
0.00011205673217773438
0.0001933574676513672
0.00011968612670898438
0.0002758502960205078
0.00017976760864257812
0.0003256797790527344
8.726119995117188e-05
0.0003399848937988281
0.00020265579223632812
0.00031685829162597656
0.00027549266815185547
0.00017249584197998047
0.00015401840209960938
6.222724914550781e-05
0.00013136863708496094
0.0001556873321533203
7.2479248046875e-05
0.0002288818359375
0.0002636909484863281
0.00013184547424316406
0.00016736984252929688
0.00012755393981933594
0.00014328956604003906
0.00022912025451660156
0.0002894401550292969
0.00030744075775146484
0.0005080699920654297
0.00017952919006347656
0.00013875961303710938
0.00012183189392089844
7.82012939453125e-05
0.000274658203125
7.700920104980469e-05
0.0002644062042236328
0.00021886825561523438
0.00018835067749023438
0.0001842975616455078
0.0003571510314941406
0.00028896331787109375
0.00018322467803955078
0.0003656148910522461
0.00015676021575927734
0.00022935867309570312
0.00016069412231445312
0.0002644062042236328
0.0002168416976928711
0.00016570091247558594
0.00015997886657714844
0.0003609657287597656
0.00012969970703125
0.00015246868133544922
0.00015974044799804688
0.00010848045349121094
0.0002484321594238281
0.00016450881958007812
0.00023472309112548828
0.0001232624053955078
0.00015306472778320312
0.00018393993377685547
0.00032770633697509766
0.00022363662719726562
0.0001876354217529297
0.0001537799835205078
0.00021839141845703125
0.00029015541076660156
0.00021386146545410156
0.0006073713302612305
8.225440979003906e-05
0.00018715858459472656
0.00017213821411132812
0.0002511739730834961
0.0001373291015625
0.00022459030151367188
0.0001220703125
0.00013828277587890625
0.00018930435180664062
0.0001461505889892578
0.0001119375228881836
0.00014853477478027344
0.0002512931823730469
0.00018203258514404297
0.00033974647521972656
0.0001628398895263672
0.0002193450927734375
0.0001087188720703125
0.0001207590103149414
0.0001418590545654297
0.00019681453704833984
0.00010514259338378906
5.2928924560546875e-05
0.0002410411834716797
9.965896606445312e-05
0.00014853477478027344
0.00019860267639160156
0.00015425682067871094
9.942054748535156e-05
0.0001550912857055664
0.0002086162567138672
0.00016891956329345703
0.000171661376953125
0.00010442733764648438
7.843971252441406e-05
0.0002624988555908203
0.0001811981201171875
0.00029480457305908203
0.00020956993103027344
0.0004982948303222656
0.00024890899658203125
0.0001304149627685547
0.0002396106719970703
0.00031316280364990234
0.00022327899932861328
0.00019407272338867188
0.00014591217041015625
0.00026106834411621094
0.00013518333435058594
0.000102996826171875
0.0002295970916748047
0.000186920166015625
0.0001289844512939453
0.0001895427703857422
0.0001270771026611328
0.000118255615234375
0.00020825862884521484
0.00016617774963378906
0.00016164779663085938
0.00023984909057617188
0.00020766258239746094
8.869171142578125e-05
0.00015854835510253906
0.0001347064971923828
7.414817810058594e-05
0.0003986358642578125
0.0004235506057739258
0.00011157989501953125
0.0002906322479248047
0.00021004676818847656
0.00014710426330566406
0.00023567676544189453
0.00016868114471435547
8.225440979003906e-05
0.0002110004425048828
0.00013756752014160156
0.0002537965774536133
0.0002086162567138672
0.00018799304962158203
0.00023043155670166016
0.00018739700317382812
0.00017499923706054688
0.0001761913299560547
0.00011014938354492188
0.000225067138671875
0.00022900104522705078
0.00017976760864257812
9.655952453613281e-05
0.00013458728790283203
0.00029659271240234375
0.00023853778839111328
0.00018334388732910156
0.00019407272338867188
0.0002002716064453125
0.00013208389282226562
0.00012433528900146484
8.225440979003906e-05
0.0001289844512939453
0.00013697147369384766
0.00031280517578125
9.918212890625e-05
0.00025916099548339844
0.00013709068298339844
0.0001316070556640625
0.0002046823501586914
0.00016164779663085938
0.0003437995910644531
0.00026345252990722656
0.00012612342834472656
0.00010657310485839844
0.00020039081573486328
0.00016927719116210938
0.0003902912139892578
0.00013017654418945312
0.00015592575073242188
0.00010848045349121094
0.0002574920654296875
0.00027251243591308594
0.0002682209014892578
0.00021386146545410156
0.00012731552124023438
0.00021779537200927734
9.036064147949219e-05
0.0002720355987548828
0.00011539459228515625
0.00019478797912597656
0.0001380443572998047
0.00015544891357421875
0.0001709461212158203
0.00018012523651123047
0.00012218952178955078
0.0001163482666015625
0.0001010894775390625
4.9114227294921875e-05
0.0003609657287597656
0.00011181831359863281
0.00021028518676757812
0.00014162063598632812
0.0001671314239501953
0.00022137165069580078
0.00014448165893554688
0.0002884864807128906
0.00018644332885742188
0.00013947486877441406
0.0003650188446044922
0.0003190040588378906
7.104873657226562e-05
0.00011754035949707031
0.000263214111328125
0.0001251697540283203
0.0001842975616455078
0.00010442733764648438
0.00017917156219482422
0.0002193450927734375
0.00017023086547851562
0.0001227855682373047
9.512901306152344e-05
0.000232696533203125
0.00015878677368164062
0.00029289722442626953
7.200241088867188e-05
0.00021183490753173828
0.00012731552124023438
0.0002231597900390625
0.00022518634796142578
0.0001621246337890625
0.00010180473327636719
0.0001506805419921875
0.0003440380096435547
0.00012493133544921875
0.0001926422119140625
0.00030875205993652344
8.559226989746094e-05
0.0001316070556640625
0.00017523765563964844
0.0001919269561767578
0.00015234947204589844
0.00015616416931152344
0.00032806396484375
0.00015687942504882812
0.00011134147644042969
0.000164031982421875
8.893013000488281e-05
0.00018453598022460938
0.00015437602996826172
0.00014257431030273438
0.00011682510375976562
0.00012743473052978516
0.00012969970703125
8.130073547363281e-05
0.000156402587890625
0.0005280971527099609
0.0001437664031982422
0.0002682209014892578
9.822845458984375e-05
0.0002543926239013672
0.00011444091796875
0.0001876354217529297
0.00020122528076171875
0.00016355514526367188
0.0004093647003173828
0.00020360946655273438
0.00031244754791259766
0.000164031982421875
7.653236389160156e-05
0.00018870830535888672
0.00016617774963378906
0.00014257431030273438
4.839897155761719e-05
0.00010013580322265625
0.0001595020294189453
9.393692016601562e-05
0.00010478496551513672
0.0003294944763183594
0.000255584716796875
0.00012302398681640625
0.00024008750915527344
0.0001163482666015625
0.0002739429473876953
0.00017690658569335938
0.0005803108215332031
0.00021028518676757812
9.965896606445312e-05
0.00017499923706054688
0.0002772808074951172
7.259845733642578e-05
9.655952453613281e-05
0.0001354217529296875
7.82012939453125e-05
0.0002459287643432617
0.00018668174743652344
0.00012087821960449219
9.72747802734375e-05
0.00010824203491210938
0.0001468658447265625
0.00014495849609375
0.00011324882507324219
0.0001914501190185547
9.894371032714844e-05
0.00018548965454101562
0.00010704994201660156
0.0001342296600341797
0.0001423358917236328
0.0002124309539794922
0.00012040138244628906
0.00013196468353271484
0.0003578662872314453
0.0001506805419921875
0.0001266002655029297
0.00025582313537597656
0.00037229061126708984
0.0001735687255859375
0.00014400482177734375
0.0002149343490600586
6.723403930664062e-05
9.036064147949219e-05
0.00018167495727539062
0.0001270771026611328
0.00014400482177734375
9.72747802734375e-05
0.00010585784912109375
0.00020074844360351562
0.0002567768096923828
0.00015401840209960938
0.00017309188842773438
0.00015997886657714844
0.00021457672119140625
0.00015926361083984375
0.00014781951904296875
0.0003333091735839844
0.00018405914306640625
0.0002557039260864258
0.00012612342834472656
0.00014591217041015625
0.00025022029876708984
0.00015115737915039062
0.00019073486328125
0.00018167495727539062
6.580352783203125e-05
0.0002728700637817383
0.00011777877807617188
0.00019478797912597656
0.00020313262939453125
4.410743713378906e-05
9.489059448242188e-05
0.00031280517578125
0.00032532215118408203
0.0001614093780517578
0.00012755393981933594
0.00013327598571777344
0.00015234947204589844
0.00035071372985839844
9.083747863769531e-05
0.00012040138244628906
0.0002636909484863281
0.0002262592315673828
8.726119995117188e-05
0.0002465248107910156
0.00018596649169921875
8.702278137207031e-05
7.939338684082031e-05
0.00021648406982421875
0.00013339519500732422
0.00014638900756835938
0.00020360946655273438
0.00018584728240966797
0.00025391578674316406
0.00020051002502441406
0.00014638900756835938
0.00016641616821289062
0.00019121170043945312
0.00017690658569335938
0.0002391338348388672
9.012222290039062e-05
7.2479248046875e-05
0.00014257431030273438
0.00012302398681640625
0.00010228157043457031
0.0003120899200439453
0.0003504753112792969
0.0001842975616455078
0.0002720355987548828
8.33272933959961e-05
0.0002219676971435547
4.839897155761719e-05
8.630752563476562e-05
0.00014317035675048828
0.00020003318786621094
0.0001800060272216797
8.940696716308594e-05
0.00014257431030273438
0.0001367330551147461
0.0002346038818359375
0.00010752677917480469
0.0001583099365234375
0.00015592575073242188
0.00011515617370605469
0.00023674964904785156
0.00011038780212402344
0.00012302398681640625
0.00017189979553222656
0.0001825094223022461
0.00021708011627197266
0.000156402587890625
0.0002295970916748047
7.605552673339844e-05
0.0001220703125
0.00013637542724609375
0.0001806020736694336
0.00020742416381835938
0.00028061866760253906
0.00016641616821289062
0.00015306472778320312
0.00020456314086914062
8.082389831542969e-05
0.000244140625
0.00024437904357910156
0.0001373291015625
0.0003306865692138672
0.00019788742065429688
0.0001653432846069336
4.076957702636719e-05
0.0002701282501220703
0.0002887248992919922
0.00014352798461914062
0.00015270709991455078
0.00013065338134765625
0.00013971328735351562
0.00012230873107910156
0.00011372566223144531
8.58306884765625e-05
0.00011670589447021484
0.00010848045349121094
0.00010132789611816406
5.7220458984375e-05
0.000152587890625
0.00017189979553222656
9.799003601074219e-05
0.0002671480178833008
0.00035393238067626953
0.00018262863159179688
0.00018393993377685547
9.894371032714844e-05
0.0001767873764038086
0.0002875328063964844
0.0001590251922607422
8.749961853027344e-05
0.0001068115234375
0.0004124641418457031
0.00027740001678466797
0.00016641616821289062
0.00019884109497070312
0.00024509429931640625
0.00019073486328125
0.00010275840759277344
0.00019884109497070312
0.00011944770812988281
0.000152587890625
0.00012040138244628906
0.0001709461212158203
0.00015735626220703125
0.0001895427703857422
7.832050323486328e-05
0.00015878677368164062
0.00015461444854736328
0.0002002716064453125
0.00010585784912109375
0.0001571178436279297
0.00010764598846435547
0.00015926361083984375
0.00010728836059570312
0.000194549560546875
0.00019860267639160156
0.00015544891357421875
0.00017833709716796875
0.00013506412506103516
0.0001442432403564453
0.00016939640045166016
0.00011849403381347656
9.918212890625e-05
0.0002918243408203125
9.822845458984375e-05
0.00011014938354492188
0.00022459030151367188
0.00020706653594970703
0.0001596212387084961
0.00013208389282226562
0.00019025802612304688
0.0003230571746826172
0.00016367435455322266
6.0558319091796875e-05
0.0003275871276855469
0.00035130977630615234
0.00027692317962646484
0.00012803077697753906
0.0001811981201171875
0.00013709068298339844
0.00014972686767578125
0.0001575946807861328
0.00011873245239257812
0.00016570091247558594
0.00012922286987304688
0.00023865699768066406
7.700920104980469e-05
0.0001800060272216797
0.00015532970428466797
7.843971252441406e-05
0.0001266002655029297
0.00012874603271484375
0.00011587142944335938
0.00011813640594482422
0.00015211105346679688
0.00010848045349121094
0.00013017654418945312
0.0001697540283203125
0.00014209747314453125
9.012222290039062e-05
0.00019216537475585938
0.00010228157043457031
0.0001327991485595703
0.00018095970153808594
0.0001513957977294922
0.00010704994201660156
8.20159912109375e-05
0.00020194053649902344
0.00018668174743652344
0.00014519691467285156
0.00021588802337646484
0.0002315044403076172
8.320808410644531e-05
0.00015425682067871094
0.00025773048400878906
0.00022411346435546875
0.0002671480178833008
0.0001373291015625
0.00017070770263671875
8.416175842285156e-05
0.00014829635620117188
0.00015497207641601562
0.0001800060272216797
0.00010120868682861328
0.00015783309936523438
6.67572021484375e-05
0.00011229515075683594
0.00011157989501953125
0.00017261505126953125
0.00019276142120361328
0.0004642009735107422
0.0003930330276489258
0.000125885009765625
0.0001430511474609375
0.00011682510375976562
0.00011181831359863281
9.703636169433594e-05
9.274482727050781e-05
0.00010418891906738281
0.0001971721649169922
0.00018477439880371094
0.00010991096496582031
0.00026226043701171875
9.34600830078125e-05
0.00015556812286376953
0.00018668174743652344
0.00013375282287597656
0.0001361370086669922
0.00031375885009765625
0.0001895427703857422
0.00012230873107910156
0.0002187490463256836
0.00022304058074951172
0.00011157989501953125
0.00013494491577148438
7.963180541992188e-05
9.799003601074219e-05
0.0001723766326904297
0.00026535987854003906
0.00018835067749023438
0.00030541419982910156
0.0001837015151977539
0.00015997886657714844
0.00010335445404052734
0.00013363361358642578
0.00011944770812988281
0.0001685619354248047
6.580352783203125e-05
0.0001475811004638672
9.036064147949219e-05
0.00010442733764648438
0.00012946128845214844
0.00016999244689941406
0.00019800662994384766
0.00022494792938232422
8.797645568847656e-05
0.00023829936981201172
0.0001983642578125
0.00014519691467285156
0.0001876354217529297
0.0001125335693359375
0.00023245811462402344
0.00016820430755615234
0.0003159046173095703
0.00014638900756835938
0.00010347366333007812
0.00014138221740722656
7.843971252441406e-05
0.0002894401550292969
0.0002422332763671875
0.000209808349609375
0.000152587890625
0.0001049041748046875
0.00017940998077392578
0.00015616416931152344
8.058547973632812e-05
0.00016832351684570312
0.00017583370208740234
0.00026047229766845703
0.00015735626220703125
0.00011610984802246094
0.00021958351135253906
0.00018978118896484375
0.0003056526184082031
0.00020170211791992188
9.489059448242188e-05
0.00013899803161621094
0.00015020370483398438
0.0002790689468383789
0.00021910667419433594
0.0001475811004638672
0.00017762184143066406
0.00011086463928222656
0.00014472007751464844
0.00035965442657470703
0.0001609325408935547
0.00022339820861816406
0.0001914501190185547
7.522106170654297e-05
0.00016498565673828125
0.00012183189392089844
0.00011515617370605469
0.0001544952392578125
0.000102996826171875
0.00016021728515625
8.130073547363281e-05
0.00013947486877441406
0.0001512765884399414
8.511543273925781e-05
0.00012254714965820312
0.00020432472229003906
0.00014281272888183594
0.00023674964904785156
0.00020051002502441406
0.00013303756713867188
0.00022137165069580078
0.00011610984802246094
0.0001652240753173828
0.00012874603271484375
9.846687316894531e-05
0.0004229545593261719
0.00010919570922851562
0.00018215179443359375
0.00021314620971679688
0.0001322031021118164
0.0001742839813232422
9.489059448242188e-05
0.0001785755157470703
0.00024509429931640625
6.985664367675781e-05
0.00015854835510253906
0.0003260374069213867
0.00021576881408691406
0.00018453598022460938
0.00019311904907226562
8.296966552734375e-05
0.00027930736541748047
0.0001493692398071289
0.00012373924255371094
0.00012874603271484375
0.0001087188720703125
0.00012803077697753906
0.00018548965454101562
0.00017499923706054688
6.103515625e-05
0.00015473365783691406
8.416175842285156e-05
9.989738464355469e-05
0.00016117095947265625
0.00035393238067626953
0.00018906593322753906
0.00024712085723876953
0.0001499652862548828
0.00010144710540771484
0.00014102458953857422
0.00012087821960449219
0.0002503395080566406
0.00014019012451171875
0.00018715858459472656
0.00018262863159179688
0.00027632713317871094
9.369850158691406e-05
0.0001666545867919922
0.00037169456481933594
0.00021266937255859375
4.7206878662109375e-05
0.00013065338134765625
0.00017023086547851562
0.00016355514526367188
0.00017833709716796875
0.00011372566223144531
5.5789947509765625e-05
0.00010752677917480469
8.511543273925781e-05
0.00011777877807617188
0.00015616416931152344
0.00018036365509033203
0.00018596649169921875
0.00011777877807617188
0.000225067138671875
0.00010561943054199219
0.0001804828643798828
0.0001556873321533203
0.00020992755889892578
0.0002033710479736328
0.00012063980102539062
0.00034499168395996094
0.00021886825561523438
0.0001251697540283203
8.440017700195312e-05
0.0001100301742553711
0.00011348724365234375
0.0001385211944580078
0.00017690658569335938
0.0001800060272216797
9.47713851928711e-05
0.00014448165893554688
0.00010347366333007812
0.0002684593200683594
0.00020635128021240234
0.0003008842468261719
0.00010442733764648438
0.00020122528076171875
0.0001766681671142578
0.0002951622009277344
9.894371032714844e-05
0.00014090538024902344
0.00026607513427734375
5.745887756347656e-05
8.916854858398438e-05
0.00013685226440429688
0.00021922588348388672
0.00012314319610595703
0.00014591217041015625
9.703636169433594e-05
0.0002758502960205078
0.0001163482666015625
6.771087646484375e-05
0.00015175342559814453
0.00026237964630126953
0.0001556873321533203
0.0001976490020751953
0.0001404285430908203
0.0001323223114013672
0.00010752677917480469
0.0001704692840576172
0.00015234947204589844
0.00016832351684570312
0.0001342296600341797
0.0001583099365234375
0.0001499652862548828
0.00013971328735351562
4.9591064453125e-05
0.00022482872009277344
4.9114227294921875e-05
7.915496826171875e-05
0.0001245737075805664
0.00026547908782958984
7.87973403930664e-05
0.00012254714965820312
0.0001354217529296875
0.00012755393981933594
0.00030219554901123047
0.0003050565719604492
0.00032520294189453125
0.000156402587890625
0.0002231597900390625
0.00012230873107910156
0.00012373924255371094
0.00012254714965820312
0.00017642974853515625
0.0001850128173828125
0.00013256072998046875
0.0002503395080566406
0.0001875162124633789
0.0001990795135498047
0.00012803077697753906
0.00010824203491210938
0.0001766681671142578
0.0003857612609863281
0.00022470951080322266
0.00015735626220703125
9.489059448242188e-05
0.0002759695053100586
9.85860824584961e-05
0.00018739700317382812
0.00011777877807617188
0.00014328956604003906
0.00011181831359863281
0.00023293495178222656
0.0002090930938720703
0.00011277198791503906
0.00015497207641601562
0.00014066696166992188
0.00014925003051757812
0.00014925003051757812
0.00030612945556640625
0.00011801719665527344
9.775161743164062e-05
0.00019121170043945312
0.00010395050048828125
6.985664367675781e-05
6.270408630371094e-05
0.00013065338134765625
0.00014090538024902344
7.95125961303711e-05
0.00012373924255371094
0.00011968612670898438
8.463859558105469e-05
0.00018739700317382812
0.0003625154495239258
0.0001327991485595703
0.00022542476654052734
0.0002486705780029297
0.0002925395965576172
0.00014710426330566406
6.437301635742188e-05
6.604194641113281e-05
0.0001850128173828125
0.00030934810638427734
0.00021195411682128906
0.0001068115234375
0.0001494884490966797
0.00016260147094726562
0.0001461505889892578
0.00016689300537109375
0.00022292137145996094
0.00011157989501953125
8.845329284667969e-05
0.000148773193359375
0.00014829635620117188
0.000118255615234375
0.0001201629638671875
0.00018978118896484375
0.0001266002655029297
0.00014829635620117188
0.0002315044403076172
0.0003139972686767578
0.00018525123596191406
0.00015687942504882812
8.893013000488281e-05
0.00018966197967529297
0.00023293495178222656
0.00011491775512695312
0.0001633167266845703
0.00019311904907226562
0.0001926422119140625
0.00018286705017089844
0.00023508071899414062
0.00015616416931152344
0.0001595020294189453
0.00011229515075683594
8.034706115722656e-05
0.00017821788787841797
0.000118255615234375
0.00011563301086425781
0.00016069412231445312
8.749961853027344e-05
0.00023508071899414062
7.605552673339844e-05
0.0001741647720336914
0.0001919269561767578
0.00019073486328125
0.0001392364501953125
9.202957153320312e-05
0.00022649765014648438
0.00013136863708496094
0.0001900196075439453
0.00021374225616455078
0.00016617774963378906
7.653236389160156e-05
6.246566772460938e-05
0.00011444091796875
0.0001728534698486328
0.00015282630920410156
0.00011754035949707031
0.00012373924255371094
0.0001227855682373047
0.00018858909606933594
0.00016164779663085938
0.00019562244415283203
0.00016069412231445312
0.00014448165893554688
9.489059448242188e-05
0.00028777122497558594
0.00011277198791503906
0.00024271011352539062
0.00010657310485839844
0.00011873245239257812
0.00016999244689941406
0.0001900196075439453
0.0001437664031982422
0.00016355514526367188
0.00024569034576416016
0.00014960765838623047
0.00019025802612304688
0.00035750865936279297
0.0001518726348876953
0.00015425682067871094
0.00015115737915039062
0.00011110305786132812
0.00020742416381835938
0.00014090538024902344
9.799003601074219e-05
0.00022864341735839844
0.00010323524475097656
0.00013017654418945312
0.00011539459228515625
0.0001666545867919922
0.0001690387725830078
0.0002810955047607422
0.0002442598342895508
0.00010275840759277344
0.0002002716064453125
0.00017786026000976562
0.00020515918731689453
0.00011205673217773438
0.0001404285430908203
0.0001881122589111328
0.0002422332763671875
9.870529174804688e-05
9.775161743164062e-05
0.00017881393432617188
0.00023245811462402344
0.00020039081573486328
7.82012939453125e-05
0.00020599365234375
0.00011587142944335938
0.0001569986343383789
0.00011181831359863281
0.00015544891357421875
0.000110626220703125
0.00011920928955078125
0.00025391578674316406
0.0002884864807128906
0.00014519691467285156
7.891654968261719e-05
0.0002148151397705078
0.00016570091247558594
0.0003905296325683594
0.00013875961303710938
0.0001900196075439453
0.00016736984252929688
0.00015282630920410156
6.079673767089844e-05
0.000133514404296875
0.0001468658447265625
0.00011920928955078125
0.0002779960632324219
9.036064147949219e-05
0.0001939535140991211
0.00036644935607910156
0.00010442733764648438
9.322166442871094e-05
8.845329284667969e-05
0.0001289844512939453
0.00010085105895996094
0.0002503395080566406
0.00010395050048828125
0.00019478797912597656
0.00020885467529296875
0.00012052059173583984
9.250640869140625e-05
0.000110626220703125
0.0001550912857055664
0.00014400482177734375
0.0001423358917236328
0.0002696514129638672
0.0001329183578491211
0.0001232624053955078
0.0001443624496459961
0.00016117095947265625
0.00024819374084472656
6.031990051269531e-05
0.0001494884490966797
0.00016236305236816406
4.2438507080078125e-05
0.0002655982971191406
0.00017571449279785156
0.00015282630920410156
0.00014591217041015625
0.0002938508987426758
9.489059448242188e-05
0.00023627281188964844
0.00011396408081054688
0.00021338462829589844
0.00010538101196289062
0.00012636184692382812
0.00020956993103027344
0.00010085105895996094
9.894371032714844e-05
0.00011932849884033203
0.00011134147644042969
0.00011658668518066406
0.0002651214599609375
0.0002353191375732422
0.00024247169494628906
0.0002703666687011719
0.0001533031463623047
0.00019085407257080078
0.00011777877807617188
0.00024127960205078125
0.00023889541625976562
0.00019919872283935547
0.00010275840759277344
0.0001201629638671875
9.512901306152344e-05
7.2479248046875e-05
0.00016379356384277344
0.0002086162567138672
0.00020575523376464844
0.00010704994201660156
0.00020766258239746094
0.00012826919555664062
0.0001456737518310547
0.0003352165222167969
0.0001163482666015625
0.000225067138671875
0.0001767873764038086
0.00011038780212402344
0.00010383129119873047
0.00015044212341308594
0.00037801265716552734
9.274482727050781e-05
0.0001518726348876953
0.00021219253540039062
9.226799011230469e-05
0.00015306472778320312
0.00023031234741210938
0.00012564659118652344
7.915496826171875e-05
0.00014781951904296875
9.930133819580078e-05
0.0002142190933227539
0.0001838207244873047
0.0002512931823730469
8.392333984375e-05
0.00020265579223632812
0.0001857280731201172
0.00014889240264892578
9.036064147949219e-05
0.00022900104522705078
0.00028252601623535156
0.00017559528350830078
6.532669067382812e-05
9.417533874511719e-05
0.00030231475830078125
0.00020241737365722656
0.0001894235610961914
0.0003018379211425781
0.0001302957534790039
0.0001983642578125
5.9604644775390625e-05
8.463859558105469e-05
0.00019073486328125
0.00021886825561523438
0.0001227855682373047
0.00018715858459472656
0.00011372566223144531
0.0001609325408935547
0.00018167495727539062
0.00017762184143066406
0.00015163421630859375
0.00012087821960449219
0.00017333030700683594
0.00011491775512695312
0.00025653839111328125
0.00013184547424316406
0.0001125335693359375
0.00010538101196289062
9.381771087646484e-05
0.00020360946655273438
0.00014853477478027344
0.00016438961029052734
0.00012874603271484375
0.00010275840759277344
0.00010347366333007812
0.00012969970703125
0.0002887248992919922
0.000141143798828125
0.00011277198791503906
9.655952453613281e-05
0.0002601146697998047
0.00020503997802734375
0.00016379356384277344
0.00022792816162109375
0.00012409687042236328
7.200241088867188e-05
0.00013327598571777344
0.00033342838287353516
0.00025665760040283203
0.00029456615447998047
0.00016057491302490234
0.00032591819763183594
0.00012445449829101562
5.936622619628906e-05
4.601478576660156e-05
9.846687316894531e-05
7.62939453125e-05
0.00023758411407470703
0.0002446174621582031
0.0001316070556640625
7.772445678710938e-05
9.822845458984375e-05
0.00014400482177734375
0.00017070770263671875
0.0001633167266845703
0.00016200542449951172
0.000110626220703125
0.0002033710479736328
0.0002071857452392578
0.0001010894775390625
0.00010466575622558594
0.0001323223114013672
0.0002243518829345703
0.00012803077697753906
7.367134094238281e-05
0.00010228157043457031
0.00019502639770507812
0.00023794174194335938
0.00015401840209960938
0.0002703666687011719
5.817413330078125e-05
0.0003968477249145508
0.00014030933380126953
0.0001289844512939453
0.0001373291015625
0.00013971328735351562
0.00014090538024902344
0.00012302398681640625
0.0002524852752685547
0.00021564960479736328
0.00018787384033203125
0.00021409988403320312
6.914138793945312e-05
0.00010561943054199219
0.0002315044403076172
0.0001773834228515625
0.00016963481903076172
0.00011539459228515625
0.00019156932830810547
0.0001341104507446289
8.273124694824219e-05
