322.78545784950256
321.95216488838196
320.99357557296753
320.8669955730438
322.151748418808
319.15168046951294
321.13449144363403
320.75170612335205
320.3547525405884
321.37734484672546
319.25404143333435
321.19331097602844
321.11210346221924
320.1913468837738
320.551344871521
321.47711730003357
320.46140599250793
320.3513481616974
320.9328691959381
320.3280704021454
320.9854769706726
320.48487091064453
319.44434452056885
319.92352294921875
320.19572353363037
320.4389839172363
320.4655566215515
320.9414048194885
320.49640917778015
320.62462043762207
320.3495445251465
321.3990099430084
319.84432649612427
320.57544445991516
321.12916922569275
320.7439134120941
320.23364758491516
321.66768407821655
320.62133526802063
320.8314735889435
320.1873254776001
320.17858934402466
320.43029594421387
320.807820558548
320.97849678993225
320.2492654323578
321.1169602870941
320.9526515007019
319.4735014438629
320.94162106513977
321.5272042751312
320.0898947715759
319.9925100803375
321.86311435699463
320.4568531513214
320.4645504951477
320.53217792510986
321.21307373046875
320.81192088127136
320.2179899215698
321.3178083896637
320.8949658870697
320.07076501846313
319.88032054901123
320.8194046020508
320.4231016635895
320.8098244667053
320.15172004699707
321.4136414527893
319.3600425720215
321.0841283798218
320.6297256946564
318.1399745941162
320.3470768928528
320.4032063484192
319.91317534446716
321.19173669815063
319.9907786846161
319.73694920539856
320.6580514907837
321.98003482818604
319.30905294418335
321.67440271377563
321.6581907272339
321.217666387558
320.960923910141
321.38754773139954
320.1478080749512
324.58701515197754
321.7862136363983
320.0308578014374
320.34597063064575
319.6465337276459
319.2176718711853
319.8781957626343
317.97063732147217
319.2646367549896
319.3008997440338
318.5703639984131
318.29586148262024
316.8946657180786
319.43497681617737
317.3853554725647
294.79593682289124
263.6026654243469
232.74738240242004
197.0060112476349
170.32760471105576
147.7865092754364
122.27560567855835
105.83566102385521
102.64887118339539
76.67514115571976
69.25243324041367
65.14430570602417
60.30517166852951
43.16298562288284
49.896037846803665
41.13634744286537
44.08127489686012
29.098428934812546
30.462297558784485
36.54683503508568
50.128093510866165
48.71874663233757
28.870983690023422
28.329909026622772
43.976919770240784
41.01002091169357
19.124925285577774
52.48619642853737
60.79352053999901
48.74980965256691
38.45955267548561
27.559240609407425
21.493910014629364
56.25544273853302
32.08002024888992
25.174541622400284
31.98375579714775
55.26105007529259
50.63891538977623
66.4623674750328
50.11033362150192
55.631411135196686
31.71596997976303
15.597264647483826
58.60644653439522
79.92574620246887
68.78132039308548
83.64351972937584
67.51582849025726
68.83863019943237
53.41337898373604
40.402408480644226
61.55635267496109
66.10628226399422
100.41260954737663
63.843980461359024
43.474789083004
65.8515567779541
33.97384533286095
60.17633640766144
65.86552774906158
78.94121387600899
56.19894379377365
54.62461830675602
93.43325090408325
139.39803487062454
131.095419049263
145.29176861047745
131.4008019566536
87.75997769832611
89.96143421530724
79.52688616514206
90.72399890422821
102.77502661943436
81.47741582989693
85.50810207426548
98.51112660765648
101.39228323101997
106.82529899477959
80.2589016854763
85.26231135427952
314.7862225174904
321.1572651863098
320.30736231803894
319.89096999168396
319.6741247177124
319.4435851573944
319.26782298088074
318.9638235569
318.8369002342224
319.4122860431671
318.7717568874359
318.8225829601288
318.44788098335266
318.72985315322876
318.6457209587097
318.4058554172516
319.2056038379669
318.205447435379
318.44048380851746
318.3512694835663
318.79274129867554
318.8943283557892
318.25460267066956
318.31971168518066
318.0666127204895
318.5588481426239
318.5446639060974
318.05343770980835
318.0021159648895
317.8409562110901
318.32511472702026
318.2581961154938
318.7298264503479
318.74241304397583
318.6704423427582
318.1508867740631
317.94850730895996
318.3276147842407
317.96988224983215
318.2745325565338
317.9209637641907
317.95356154441833
318.67698526382446
317.52659583091736
317.8597671985626
317.7206768989563
318.03861236572266
318.12584137916565
318.2172486782074
318.11479568481445
318.10445284843445
317.9507648944855
318.27633714675903
318.37962675094604
318.2928833961487
318.46125292778015
318.26383447647095
318.69874382019043
318.02502703666687
317.81590700149536
318.4225845336914
317.5769348144531
318.2616922855377
317.57573080062866
318.0341863632202
317.75738978385925
317.6577854156494
324.9849374294281
322.14295387268066
320.6863925457001
320.20550632476807
320.36527490615845
319.5744767189026
319.4241213798523
319.0060250759125
319.5077555179596
319.18943071365356
318.476398229599
318.05761432647705
318.54201674461365
318.5653347969055
319.47657227516174
318.0395383834839
314.06455993652344
293.36399602890015
250.09914255142212
214.3989441394806
174.85328710079193
140.40663641691208
123.69376537203789
94.14887091517448
90.83092907071114
80.5434981584549
56.123296082019806
55.89712554216385
55.708482414484024
50.84061819314957
40.28358054161072
32.127749025821686
59.521479427814484
40.55770295858383
12.360047668218613
7.615369230508804
7.336078107357025
3.5226794481277466
2.832385778427124
1.5323454141616821
1.085368812084198
2.786121666431427
1.2764486074447632
1.6708298921585083
1.1734699010849
0.8234810829162598
0.4637998342514038
0.5755898952484131
0.34164583683013916
0.7198565006256104
0.43491387367248535
0.3600822687149048
0.48175156116485596
1.150202989578247
0.35629189014434814
0.21117687225341797
0.16625964641571045
0.1619170904159546
0.16828370094299316
0.166054368019104
0.14245820045471191
0.13623261451721191
0.12439775466918945
0.11563575267791748
0.095489501953125
0.12751853466033936
0.08763885498046875
0.0787423849105835
0.10161101818084717
0.1250067949295044
0.0811614990234375
0.05963575839996338
0.07429230213165283
0.10249793529510498
0.10179972648620605
0.07302594184875488
0.06263399124145508
0.06819844245910645
0.09720349311828613
0.03797709941864014
0.04841208457946777
0.05807530879974365
0.06059134006500244
0.04675185680389404
0.05642521381378174
0.05267477035522461
0.05187416076660156
0.08163845539093018
0.052776455879211426
0.034597158432006836
0.04820406436920166
0.04733419418334961
0.03148007392883301
0.0481029748916626
0.04051375389099121
0.045722365379333496
0.046671390533447266
0.043763041496276855
0.02952420711517334
0.05798816680908203
0.03110361099243164
0.03992927074432373
0.041452646255493164
0.034848570823669434
0.036824822425842285
0.024192214012145996
0.03133547306060791
0.04358470439910889
0.03869950771331787
0.04143691062927246
0.03001999855041504
0.025550127029418945
0.029533863067626953
0.03747665882110596
0.03497183322906494
0.03082454204559326
0.03501474857330322
0.03297758102416992
0.02975165843963623
0.044589996337890625
0.026767373085021973
0.033051133155822754
0.03186154365539551
0.031563520431518555
0.04363536834716797
0.04820871353149414
0.03709971904754639
0.035045623779296875
0.028744220733642578
0.02900862693786621
0.02648317813873291
0.03348875045776367
0.02738034725189209
0.025141119956970215
0.029982566833496094
0.03693079948425293
0.03491556644439697
0.032309889793395996
0.04086720943450928
0.031305789947509766
0.026566028594970703
0.04634404182434082
0.025353670120239258
0.034291982650756836
0.036077260971069336
0.03576254844665527
0.0355144739151001
0.03658175468444824
0.026084423065185547
0.04105877876281738
0.021869540214538574
0.0323488712310791
0.02480947971343994
0.04609978199005127
0.02725505828857422
0.027428507804870605
0.02804100513458252
0.03024005889892578
0.037876009941101074
0.024647951126098633
0.025478720664978027
0.02868175506591797
0.024971604347229004
0.0367201566696167
0.03527510166168213
0.0286484956741333
0.028441309928894043
0.03012228012084961
0.02472543716430664
0.024405956268310547
0.02256596088409424
0.030552148818969727
0.02316439151763916
0.038474440574645996
0.030080080032348633
0.03162109851837158
0.03450620174407959
0.022730350494384766
0.03478527069091797
0.03893733024597168
0.019490718841552734
0.026841282844543457
0.02501499652862549
0.031738996505737305
0.03243577480316162
0.037010788917541504
0.035399436950683594
0.033838748931884766
0.041853904724121094
0.030984163284301758
0.02552962303161621
0.02451324462890625
0.03961646556854248
0.023593664169311523
0.02164745330810547
0.033324480056762695
0.027159929275512695
0.02612447738647461
0.03802919387817383
325.71457409858704
323.6002860069275
322.9361629486084
321.7462556362152
321.08550333976746
319.3456778526306
319.7115533351898
320.10218024253845
319.7277228832245
319.294385433197
318.1389899253845
318.7693030834198
319.5264434814453
318.86826062202454
318.59096121788025
319.422324180603
318.56880593299866
319.3435139656067
318.9210982322693
318.58883476257324
318.70682668685913
317.79671120643616
318.48857498168945
317.6584222316742
318.03199005126953
316.3286635875702
309.4179136753082
292.31780672073364
278.29509019851685
251.47527849674225
222.64712476730347
192.8515648841858
182.92314285039902
157.1822046637535
109.97606158256531
102.0537301003933
87.98646777868271
76.93624755740166
71.33557367324829
66.44514590501785
57.654482781887054
48.10837006568909
45.159614741802216
37.48765355348587
34.28601947426796
33.78387385606766
25.381572037935257
35.480019092559814
19.272720754146576
14.909127950668335
21.76686668395996
14.007841408252716
16.65009891986847
10.641504168510437
8.89047634601593
5.728388965129852
6.914951980113983
7.237325489521027
3.397083580493927
16.789681911468506
17.006678611040115
7.467629313468933
4.337925136089325
1.751482367515564
1.5860553979873657
5.581189393997192
8.855990588665009
4.305590629577637
0.4997907876968384
0.33285629749298096
0.2858182191848755
0.4318786859512329
0.16003262996673584
0.21347546577453613
0.09135067462921143
0.14643895626068115
0.13712430000305176
0.09089815616607666
0.08451676368713379
0.07043194770812988
0.07025647163391113
0.04517519474029541
0.03947722911834717
0.04093766212463379
0.046021342277526855
0.04323720932006836
0.06086838245391846
0.04849231243133545
0.04493987560272217
0.03645825386047363
0.034752607345581055
0.04981648921966553
0.03040444850921631
0.030805349349975586
0.04164600372314453
0.025326013565063477
0.027915239334106445
0.033722758293151855
0.040175676345825195
0.022884011268615723
0.03731191158294678
0.024909377098083496
0.02390003204345703
0.021743297576904297
0.03160405158996582
0.01702892780303955
0.01680445671081543
0.018457651138305664
0.02587413787841797
0.01769280433654785
0.019667983055114746
0.016634464263916016
0.02450108528137207
0.01714158058166504
0.01911616325378418
0.015668392181396484
0.01567971706390381
0.019013643264770508
0.015394926071166992
0.01778876781463623
0.014793753623962402
0.01444542407989502
0.02079331874847412
0.018345355987548828
0.019373416900634766
0.014105796813964844
0.017621636390686035
0.01519167423248291
0.02001810073852539
0.0182877779006958
0.013231277465820312
0.013761281967163086
0.01787853240966797
0.01411294937133789
0.012685537338256836
0.02062058448791504
0.019691824913024902
0.013959765434265137
0.020090699195861816
0.014626026153564453
0.015030384063720703
0.014381766319274902
0.014392852783203125
0.015771865844726562
0.011841654777526855
0.011781573295593262
0.017696380615234375
0.010757207870483398
0.019669532775878906
0.013823151588439941
0.012458324432373047
0.015966415405273438
0.010833978652954102
0.015596866607666016
0.011067390441894531
0.008800983428955078
0.013779640197753906
0.013493776321411133
0.010480761528015137
0.01617109775543213
0.009901762008666992
0.010136604309082031
0.01404416561126709
0.01075887680053711
0.01946580410003662
0.015524148941040039
0.015161275863647461
0.010615348815917969
0.010915994644165039
0.012351751327514648
0.014565229415893555
0.012364864349365234
0.011750102043151855
0.012917041778564453
0.012800216674804688
0.010676741600036621
0.01349031925201416
0.010758399963378906
0.008779287338256836
0.012186765670776367
0.01532447338104248
0.01050710678100586
0.011537790298461914
0.01161658763885498
0.011513710021972656
0.011217355728149414
0.0102996826171875
0.010088205337524414
0.008674144744873047
0.015622138977050781
0.013297677040100098
0.01635289192199707
0.012497663497924805
0.010087728500366211
0.01895904541015625
0.012160301208496094
0.011886000633239746
0.013820648193359375
0.013261079788208008
0.011601448059082031
0.013183236122131348
0.014386653900146484
0.010228395462036133
0.011505842208862305
0.013924241065979004
0.011588811874389648
0.008751630783081055
0.011590957641601562
0.010986089706420898
0.01386713981628418
0.013225317001342773
0.009938716888427734
0.008791923522949219
0.01358330249786377
0.01154637336730957
0.012192368507385254
0.012987613677978516
0.011292815208435059
0.008409976959228516
0.008606672286987305
0.011107683181762695
0.013326406478881836
0.01545095443725586
0.010897397994995117
0.012531757354736328
0.01155710220336914
0.012839674949645996
0.009980916976928711
0.010842561721801758
0.013629317283630371
0.014457225799560547
0.014198660850524902
0.012656211853027344
0.012322664260864258
0.012863397598266602
0.00937652587890625
0.010434627532958984
0.011332154273986816
0.010731101036071777
0.013240814208984375
0.016961097717285156
0.011005640029907227
0.014085054397583008
0.013365507125854492
0.00940704345703125
0.013576269149780273
0.008908987045288086
0.011262178421020508
0.013766050338745117
0.010062813758850098
0.008724212646484375
0.009662151336669922
0.011220455169677734
0.013787269592285156
0.01648271083831787
0.010254740715026855
0.009612798690795898
0.009667634963989258
0.013372659683227539
0.012256383895874023
0.01175832748413086
0.008768558502197266
0.009536266326904297
0.009177207946777344
0.010881900787353516
0.010365962982177734
0.012932300567626953
0.012530803680419922
0.01026296615600586
0.010669231414794922
0.01001894474029541
0.012439250946044922
0.016765832901000977
0.011131763458251953
0.00979757308959961
0.00964665412902832
0.01101839542388916
0.008547186851501465
0.010922551155090332
0.011349678039550781
0.010852217674255371
0.013339519500732422
0.008790135383605957
0.00853586196899414
0.014952540397644043
0.012607574462890625
0.014277935028076172
0.010354042053222656
0.011592388153076172
0.009659290313720703
0.012337684631347656
0.011439800262451172
0.013508915901184082
0.009590387344360352
0.009244203567504883
0.008050918579101562
0.014122724533081055
0.01523590087890625
0.013359785079956055
0.01242375373840332
0.010447859764099121
0.011470556259155273
0.0072269439697265625
0.009003520011901855
0.011810541152954102
0.011775016784667969
0.012230873107910156
0.009142160415649414
0.01641058921813965
0.007245540618896484
0.008849859237670898
0.012352466583251953
0.009398460388183594
0.015874862670898438
0.012063980102539062
0.01342630386352539
0.009212493896484375
0.010730504989624023
0.013323068618774414
0.011060357093811035
0.010462284088134766
0.014290928840637207
0.011131048202514648
0.008681774139404297
0.011099815368652344
0.01025843620300293
0.015483260154724121
0.009424209594726562
0.013004302978515625
0.009784936904907227
0.010378360748291016
0.013249635696411133
0.009525537490844727
0.011500358581542969
0.00979316234588623
0.01007986068725586
0.011932373046875
0.010058403015136719
0.010323047637939453
0.01252281665802002
0.009350299835205078
0.008127689361572266
0.01278984546661377
0.012087345123291016
0.013293027877807617
0.012455940246582031
0.0107269287109375
0.010033965110778809
0.014756560325622559
0.010294198989868164
0.0120621919631958
0.01086115837097168
0.01389622688293457
0.00762629508972168
0.00854349136352539
0.010618448257446289
0.009161710739135742
0.011173605918884277
0.01405632495880127
0.010096549987792969
0.01138758659362793
0.012447834014892578
0.011262178421020508
0.010518312454223633
0.009231328964233398
0.010614395141601562
0.012706518173217773
0.009688377380371094
0.013902425765991211
0.010921955108642578
0.009159326553344727
0.012746095657348633
0.009283065795898438
0.01717376708984375
0.010895252227783203
0.011991024017333984
0.008137226104736328
0.011881589889526367
0.009471893310546875
0.009760141372680664
0.008485555648803711
0.011587023735046387
0.011291742324829102
0.010262489318847656
0.007901430130004883
0.011111974716186523
0.009619712829589844
0.011793851852416992
0.007856607437133789
0.012069940567016602
0.009595870971679688
0.010198712348937988
0.009018898010253906
0.010344862937927246
0.011910200119018555
0.01289510726928711
0.009264230728149414
0.013103246688842773
0.019631147384643555
0.012779951095581055
0.013735294342041016
0.008753299713134766
0.010750055313110352
0.011760473251342773
0.014278411865234375
0.011381149291992188
0.01035451889038086
0.01878070831298828
0.009200572967529297
0.010999917984008789
0.011343002319335938
0.013477325439453125
0.011675596237182617
0.014377355575561523
0.010097265243530273
0.008910894393920898
0.008298397064208984
0.011937618255615234
0.008546948432922363
0.009755373001098633
0.012199759483337402
0.011457204818725586
0.013121366500854492
0.01059412956237793
0.012659788131713867
0.009940624237060547
0.01067972183227539
0.009196877479553223
0.009895563125610352
0.013653993606567383
0.01381063461303711
0.011113643646240234
0.008796215057373047
0.010890483856201172
0.015251874923706055
0.010995626449584961
0.007975339889526367
0.011867046356201172
0.011480569839477539
0.015181899070739746
0.011833429336547852
0.01137542724609375
0.010011672973632812
0.012530207633972168
0.009354829788208008
0.00993967056274414
0.011790156364440918
0.012880563735961914
0.007264137268066406
0.008820056915283203
0.013197541236877441
0.008688926696777344
0.01125335693359375
0.015220165252685547
0.008971452713012695
0.01382136344909668
0.009972572326660156
0.011032819747924805
0.015573382377624512
0.01227879524230957
0.009165763854980469
0.012495279312133789
0.013843536376953125
0.011041402816772461
0.011909246444702148
0.008753538131713867
0.00926351547241211
0.010689258575439453
0.010334968566894531
0.013833999633789062
0.00829935073852539
0.01195669174194336
0.009483575820922852
0.012639522552490234
0.014100313186645508
0.011934757232666016
0.009771585464477539
0.01051342487335205
0.01026153564453125
0.011786222457885742
0.012018203735351562
0.013605117797851562
0.014627933502197266
0.012071728706359863
0.0125885009765625
0.010177135467529297
0.009279727935791016
0.011295557022094727
0.013221025466918945
0.008913755416870117
0.008894681930541992
0.008134126663208008
0.014413833618164062
0.011153459548950195
0.008262157440185547
0.009999275207519531
0.014001250267028809
0.012079477310180664
0.008235931396484375
0.009830236434936523
0.010004997253417969
0.013371467590332031
0.015115499496459961
0.013013124465942383
0.010898590087890625
0.013689517974853516
0.011512279510498047
0.009783506393432617
0.008202075958251953
0.013004899024963379
0.0139923095703125
0.013351202011108398
0.012677669525146484
0.013672232627868652
0.01049041748046875
0.0076258182525634766
0.012603044509887695
0.00805807113647461
0.008576631546020508
0.010044574737548828
0.011141777038574219
0.01317143440246582
0.009026288986206055
0.009484529495239258
0.0076274871826171875
0.013024568557739258
0.009512662887573242
0.013506174087524414
0.010108709335327148
0.008154869079589844
0.011393070220947266
0.013399958610534668
0.012222766876220703
0.013032913208007812
0.01101541519165039
0.009633302688598633
0.017052888870239258
0.011250972747802734
0.01026296615600586
0.010190248489379883
0.012153387069702148
0.011777639389038086
0.01530301570892334
0.008388996124267578
0.009136199951171875
0.012151241302490234
0.0095672607421875
0.01259613037109375
0.008995294570922852
0.013603925704956055
0.011507034301757812
0.013682126998901367
0.00956869125366211
0.013974905014038086
0.010125041007995605
0.01129603385925293
0.009592294692993164
0.011770963668823242
0.009868860244750977
0.007483720779418945
0.008839130401611328
0.012743473052978516
0.01051342487335205
0.012410402297973633
0.012957930564880371
0.011777400970458984
0.011177301406860352
0.016399741172790527
0.01104736328125
0.012526750564575195
0.01004648208618164
0.01395261287689209
0.010303974151611328
0.012892484664916992
0.0076904296875
0.013901472091674805
0.011037111282348633
0.009228944778442383
0.010475397109985352
0.017981290817260742
0.010328292846679688
0.014870166778564453
0.013176798820495605
0.011092901229858398
0.012859582901000977
0.014293074607849121
0.01328730583190918
0.011172294616699219
0.007353305816650391
0.008297204971313477
0.011960029602050781
0.01234889030456543
0.0084228515625
0.015587568283081055
0.007582664489746094
0.008002281188964844
0.009461402893066406
0.015704631805419922
0.011919736862182617
0.009714126586914062
0.011726737022399902
0.008554458618164062
0.01389169692993164
0.0096435546875
0.007866621017456055
0.009901046752929688
0.011366128921508789
0.013840675354003906
0.00987696647644043
0.008395671844482422
0.007962703704833984
0.013427019119262695
0.009244441986083984
0.011929035186767578
0.014098167419433594
0.009902715682983398
0.01256418228149414
0.01205301284790039
0.015237569808959961
0.010813474655151367
0.011408448219299316
0.014505743980407715
0.013040304183959961
0.01078939437866211
0.010782241821289062
0.009180545806884766
0.011702775955200195
0.007564544677734375
0.01103818416595459
0.007633209228515625
0.010378360748291016
0.008276224136352539
0.011677742004394531
0.00857853889465332
0.012128591537475586
0.0094527006149292
0.017301082611083984
0.009338855743408203
0.010415315628051758
0.016051530838012695
0.008539199829101562
0.008747577667236328
0.007937908172607422
0.011793851852416992
0.01564645767211914
0.013076186180114746
0.013736248016357422
0.01076209545135498
0.010721206665039062
0.011258721351623535
0.009730815887451172
0.009266138076782227
0.012745141983032227
0.009475231170654297
0.011839628219604492
0.007690787315368652
0.012778162956237793
0.00946187973022461
0.012421607971191406
0.015642404556274414
0.009556293487548828
0.01406848430633545
0.010288715362548828
0.010458707809448242
0.009764432907104492
0.01121068000793457
0.012206315994262695
0.012330055236816406
0.00966501235961914
0.012194395065307617
0.010991096496582031
0.010509967803955078
0.012199163436889648
0.014231204986572266
0.013129472732543945
0.012569665908813477
0.012717247009277344
0.01106882095336914
0.00826716423034668
0.010305166244506836
0.015848636627197266
0.011528968811035156
0.012274622917175293
0.009521245956420898
0.010946869850158691
0.01286935806274414
0.012987494468688965
0.011694908142089844
0.009676575660705566
0.011969566345214844
0.012558460235595703
0.011286735534667969
0.011078357696533203
0.012944936752319336
0.010693073272705078
0.011372804641723633
0.00861811637878418
0.014052152633666992
0.008450150489807129
0.015244483947753906
0.008985280990600586
0.010924339294433594
0.012443065643310547
0.013437271118164062
0.011432170867919922
0.011201858520507812
0.009536027908325195
0.010613441467285156
0.009577751159667969
0.010006189346313477
0.00992441177368164
0.008415460586547852
0.009397029876708984
0.009696006774902344
0.010898351669311523
0.014142513275146484
0.013899445533752441
0.00797581672668457
0.010831832885742188
0.011334657669067383
0.009765625
0.012943029403686523
0.009471416473388672
0.009668350219726562
0.012211441993713379
0.009336709976196289
0.01027989387512207
0.011366844177246094
0.013161897659301758
0.011650323867797852
0.010706067085266113
0.010573625564575195
0.01174473762512207
0.010380983352661133
0.014036774635314941
0.00973653793334961
0.009626626968383789
0.009807586669921875
0.011827707290649414
0.011484861373901367
0.012583494186401367
0.0160980224609375
0.009541749954223633
0.01309359073638916
0.011357784271240234
0.008489370346069336
0.01364445686340332
0.008519887924194336
0.011321067810058594
0.015274405479431152
0.011848688125610352
0.013183355331420898
0.014487743377685547
0.008935213088989258
0.011866569519042969
0.0091400146484375
0.010874509811401367
0.011977672576904297
0.016147613525390625
0.012461423873901367
0.01042795181274414
0.010781288146972656
0.012977838516235352
0.007796287536621094
0.009368181228637695
0.01387643814086914
0.00988316535949707
0.013835668563842773
0.008767008781433105
0.014015913009643555
0.010894775390625
0.009041070938110352
0.011635065078735352
0.010759830474853516
0.009293079376220703
0.009142637252807617
0.010522723197937012
0.009485483169555664
0.010481834411621094
0.01029515266418457
0.013303041458129883
0.009997129440307617
0.009400129318237305
0.01031637191772461
0.012161016464233398
0.010972976684570312
0.01121973991394043
0.01321864128112793
0.009958505630493164
0.01547706127166748
0.01027679443359375
0.01355743408203125
0.012234807014465332
0.008842945098876953
0.011115074157714844
0.010500192642211914
0.01004934310913086
0.01061558723449707
0.012147665023803711
0.010513544082641602
0.009291768074035645
0.011481523513793945
0.009857892990112305
0.013434886932373047
0.009780645370483398
0.01141047477722168
0.012579679489135742
0.01353001594543457
0.015154600143432617
0.010380983352661133
0.007942676544189453
0.010681867599487305
0.011937618255615234
0.00859689712524414
0.011503338813781738
0.013140439987182617
0.009750843048095703
0.011183619499206543
0.011803150177001953
0.012182950973510742
0.007381916046142578
0.014001011848449707
0.009429693222045898
0.010636091232299805
0.009121894836425781
0.014334559440612793
0.009680032730102539
0.014536380767822266
0.011217832565307617
0.009852409362792969
0.009213924407958984
0.009336471557617188
0.008481502532958984
0.010219097137451172
0.01265573501586914
0.011711597442626953
0.014432668685913086
0.010668039321899414
0.011123299598693848
0.009592533111572266
0.012202143669128418
0.010436773300170898
0.013523101806640625
0.011614322662353516
0.012575864791870117
0.01437520980834961
0.011955976486206055
0.012232065200805664
0.012087821960449219
0.010420083999633789
0.01511240005493164
0.012225151062011719
0.008940696716308594
0.007798433303833008
0.011342763900756836
0.009258031845092773
0.009572267532348633
0.010902643203735352
0.010855436325073242
0.010901212692260742
0.012560367584228516
0.014110803604125977
0.010235309600830078
0.011351227760314941
0.010615110397338867
0.014136791229248047
0.014256715774536133
0.010766744613647461
0.010047316551208496
0.017229318618774414
0.010605812072753906
0.010102510452270508
0.008997201919555664
0.013967275619506836
0.008739709854125977
0.013634920120239258
0.012495279312133789
0.011390924453735352
0.012487411499023438
0.009120941162109375
0.011330008506774902
0.010659456253051758
0.010833740234375
0.0074961185455322266
0.014463663101196289
0.012901544570922852
0.008815288543701172
0.014232158660888672
0.008827686309814453
0.011633872985839844
0.012460708618164062
0.008374452590942383
0.016502857208251953
0.010860204696655273
0.010879755020141602
0.01052093505859375
0.007976531982421875
0.012814044952392578
0.007267951965332031
0.010669469833374023
0.012143254280090332
0.012766122817993164
0.011458277702331543
0.006017208099365234
0.011806964874267578
0.010383367538452148
0.009745597839355469
0.010872721672058105
0.011862754821777344
0.009607315063476562
0.01215505599975586
0.0146712064743042
0.012141704559326172
0.014273762702941895
0.011307001113891602
0.012468099594116211
0.008553743362426758
0.010699033737182617
0.01001131534576416
0.009115219116210938
0.010053634643554688
0.010107278823852539
0.010300159454345703
0.012460708618164062
0.011783361434936523
0.013431787490844727
0.013063907623291016
0.01178431510925293
0.013630986213684082
0.007451295852661133
0.009849786758422852
0.013959169387817383
0.009645700454711914
0.013175249099731445
0.009931206703186035
0.010531425476074219
0.011034965515136719
0.009739160537719727
0.009304523468017578
0.01341104507446289
0.014113903045654297
0.00836801528930664
0.013201236724853516
0.008771896362304688
0.010757684707641602
0.009391307830810547
0.01175844669342041
0.015192151069641113
0.012235164642333984
0.01148223876953125
0.01089334487915039
0.014248847961425781
0.009696722030639648
0.0076427459716796875
0.015123367309570312
0.010385990142822266
0.0105438232421875
0.012758970260620117
0.010530233383178711
0.008049726486206055
0.011475801467895508
0.012787461280822754
0.009839773178100586
0.01079249382019043
0.012425899505615234
0.011215925216674805
0.005196809768676758
0.013807058334350586
0.012822389602661133
0.013811588287353516
0.010618448257446289
0.012064099311828613
0.010389089584350586
0.011406302452087402
0.012439250946044922
0.011809110641479492
0.011360645294189453
0.01141977310180664
0.010451316833496094
0.015464067459106445
0.01054239273071289
0.011750459671020508
0.014357924461364746
0.008059144020080566
0.011006593704223633
0.012073040008544922
0.007832527160644531
0.012282371520996094
0.010752201080322266
0.010494709014892578
0.010857582092285156
0.011551141738891602
0.008971214294433594
0.008477449417114258
0.010641813278198242
0.012600898742675781
0.00884544849395752
0.008768320083618164
0.010062456130981445
0.010401010513305664
0.012684345245361328
0.012566804885864258
0.013189077377319336
0.013550519943237305
0.010244131088256836
0.006584882736206055
0.008016109466552734
0.015551447868347168
0.010210037231445312
0.008112192153930664
0.011472582817077637
0.01647329330444336
0.014452219009399414
0.014316082000732422
0.01402592658996582
0.01405787467956543
0.01134943962097168
0.010724782943725586
0.011263608932495117
0.010995864868164062
0.011321306228637695
0.012734174728393555
0.008473396301269531
0.01531362533569336
0.00945281982421875
0.009977340698242188
0.01174914836883545
0.014075279235839844
0.012937068939208984
0.012224435806274414
0.01666414737701416
0.011533975601196289
0.008096456527709961
0.013279438018798828
0.011497259140014648
0.00940084457397461
0.01237022876739502
0.00852203369140625
0.00994110107421875
0.01093912124633789
0.016321182250976562
0.013906240463256836
0.009418487548828125
0.009756326675415039
0.0070989131927490234
0.009967327117919922
0.013679027557373047
0.009885787963867188
0.012332677841186523
0.012405633926391602
0.012992143630981445
0.007151603698730469
0.008952617645263672
0.009042024612426758
0.010335683822631836
0.012206077575683594
0.009723901748657227
0.010312676429748535
0.012421607971191406
0.013176798820495605
0.011638402938842773
0.011165857315063477
0.011106729507446289
0.010761499404907227
0.007119178771972656
0.011611223220825195
0.013285160064697266
0.010934114456176758
0.008114814758300781
0.01507258415222168
0.008269786834716797
0.009755134582519531
0.009600162506103516
0.013218402862548828
0.012569904327392578
0.014843463897705078
0.0118408203125
0.012360334396362305
0.01020669937133789
0.011968851089477539
0.012072086334228516
0.011798977851867676
0.012398719787597656
0.011530637741088867
0.010169744491577148
0.010668516159057617
0.01013946533203125
0.01138615608215332
0.015307426452636719
0.007769346237182617
0.010632991790771484
0.011624574661254883
0.011525630950927734
0.012042999267578125
0.010821342468261719
0.011670827865600586
0.011293649673461914
0.00837564468383789
0.01636373996734619
0.008885383605957031
0.013651609420776367
0.009537696838378906
0.010182619094848633
0.007590055465698242
0.013730764389038086
0.012717962265014648
0.010632514953613281
0.011061429977416992
0.012747526168823242
0.01198720932006836
0.011757135391235352
0.009711980819702148
0.011766791343688965
0.010135650634765625
0.008806467056274414
0.012048482894897461
0.01229715347290039
0.010684490203857422
0.011463761329650879
0.01246941089630127
0.012206673622131348
0.009517431259155273
0.009310245513916016
0.009885549545288086
0.018525242805480957
0.015066266059875488
0.009693622589111328
0.013026714324951172
0.011037349700927734
0.01103818416595459
0.010498046875
0.009112358093261719
0.008302450180053711
0.0072479248046875
0.01400446891784668
0.013023853302001953
0.011390447616577148
0.009619951248168945
0.01004171371459961
0.010891437530517578
0.012655496597290039
0.00969231128692627
0.011836051940917969
0.010600566864013672
0.011099815368652344
0.011431455612182617
0.011487722396850586
0.012372970581054688
0.011963367462158203
0.0099029541015625
0.012400507926940918
0.009671449661254883
0.011203765869140625
0.009865760803222656
0.013849735260009766
0.011495113372802734
0.011991739273071289
0.009603023529052734
0.013325929641723633
0.011071920394897461
0.012495279312133789
0.010501623153686523
0.009441852569580078
0.012094736099243164
0.017343521118164062
0.012835502624511719
0.009907007217407227
0.00872182846069336
0.010642528533935547
0.009953737258911133
0.014495134353637695
0.008192777633666992
0.013774394989013672
0.010326385498046875
0.011417627334594727
0.013331174850463867
0.00878453254699707
0.010835886001586914
0.010265588760375977
0.013419389724731445
0.011389374732971191
0.012880802154541016
0.0065271854400634766
0.012555360794067383
0.012789487838745117
0.010486483573913574
0.006773710250854492
0.010674357414245605
0.010202765464782715
0.012933135032653809
0.00871419906616211
0.01462101936340332
0.011982440948486328
0.01588582992553711
0.010788679122924805
0.011814355850219727
0.009953498840332031
0.010236263275146484
0.010121822357177734
0.011716842651367188
0.01146543025970459
0.012523651123046875
0.008054494857788086
0.011224746704101562
0.01249241828918457
0.012098312377929688
0.008183479309082031
0.011806726455688477
0.010195016860961914
0.010996818542480469
0.009406328201293945
0.014053940773010254
0.012574195861816406
0.008461475372314453
0.009087562561035156
0.012368202209472656
0.012115955352783203
0.016645431518554688
0.010735869407653809
0.010698556900024414
0.0109022855758667
0.007854223251342773
0.011580586433410645
0.011121749877929688
0.014443159103393555
0.012384891510009766
0.008226871490478516
0.010084986686706543
0.010308265686035156
0.013593554496765137
0.011375188827514648
0.009893417358398438
0.010462522506713867
0.012198686599731445
0.008743047714233398
0.011094331741333008
0.013193607330322266
0.010926008224487305
0.015726804733276367
0.013029813766479492
0.011588811874389648
0.011220574378967285
0.010093927383422852
0.013520002365112305
0.011948704719543457
0.009855270385742188
0.009314298629760742
0.010311603546142578
0.010062932968139648
0.011705160140991211
0.010357856750488281
0.010261178016662598
0.011562824249267578
0.013144731521606445
0.009573221206665039
0.008525609970092773
0.011941909790039062
0.011158466339111328
0.008865833282470703
0.011278390884399414
0.007722616195678711
0.009290456771850586
0.014955759048461914
0.008955240249633789
0.013557910919189453
0.009645938873291016
0.010837316513061523
0.012056350708007812
0.010971546173095703
0.008680939674377441
0.012135744094848633
0.01000070571899414
0.010139942169189453
0.012302637100219727
0.013814806938171387
0.008649587631225586
0.012206554412841797
0.0115891695022583
0.00884866714477539
0.008429884910583496
0.015527963638305664
0.013000965118408203
0.009653329849243164
0.009326457977294922
0.009000062942504883
0.013616561889648438
0.014242172241210938
0.014508485794067383
0.013565301895141602
0.013581275939941406
0.011683464050292969
0.010862946510314941
0.011600017547607422
0.011685609817504883
0.012695550918579102
0.012499332427978516
0.011431694030761719
0.008020877838134766
0.013190031051635742
0.012280106544494629
0.012111663818359375
0.0071871280670166016
0.009484529495239258
0.011174917221069336
0.008614063262939453
0.008833646774291992
0.013209700584411621
0.011545181274414062
0.010392427444458008
0.010091304779052734
0.010329723358154297
0.009533524513244629
0.014801740646362305
0.010214090347290039
0.00890350341796875
0.013391494750976562
0.009252071380615234
0.009987115859985352
0.014640331268310547
0.01190948486328125
0.010946512222290039
0.010242819786071777
0.012956380844116211
0.016273975372314453
0.014010787010192871
0.010367631912231445
0.012195944786071777
0.010965824127197266
0.01058340072631836
0.015108585357666016
0.010927438735961914
0.015093564987182617
0.009674072265625
0.010107040405273438
0.014734029769897461
0.01188206672668457
0.010941505432128906
0.009834885597229004
0.010107278823852539
0.00821375846862793
0.007733345031738281
0.01044309139251709
0.01062321662902832
0.011931419372558594
0.011611461639404297
0.011770248413085938
0.008394241333007812
0.010394573211669922
0.00787663459777832
0.010973453521728516
0.009520292282104492
0.013707637786865234
0.015349864959716797
0.010959863662719727
0.01503610610961914
0.010974407196044922
0.00913238525390625
0.01122426986694336
0.012400627136230469
0.011582612991333008
0.008597850799560547
0.008466958999633789
0.007369518280029297
0.010356783866882324
0.01661539077758789
0.01323854923248291
0.01051795482635498
0.011661767959594727
0.007419109344482422
0.010784626007080078
0.010790348052978516
0.011288642883300781
0.01175069808959961
0.010487079620361328
0.015030741691589355
0.013271808624267578
0.012764930725097656
0.009794831275939941
0.013148069381713867
0.011590003967285156
0.007639884948730469
0.007738828659057617
0.012711048126220703
0.011693000793457031
0.011394023895263672
0.013119935989379883
0.010042190551757812
0.011120080947875977
0.010577678680419922
0.008808374404907227
0.013581991195678711
0.014893293380737305
0.013393878936767578
0.01044011116027832
0.009506940841674805
0.011011362075805664
0.011077165603637695
0.011983156204223633
0.009664535522460938
0.009329795837402344
0.010665535926818848
0.007657527923583984
0.01308441162109375
0.010565042495727539
0.014348864555358887
0.010881900787353516
0.015244007110595703
0.012926816940307617
0.008714437484741211
0.010158181190490723
0.009772777557373047
0.012151479721069336
0.009061574935913086
0.01667606830596924
0.007089853286743164
0.009179353713989258
0.010595560073852539
0.01091158390045166
0.012903451919555664
0.011918067932128906
0.013607978820800781
0.012095451354980469
0.012749195098876953
0.01228642463684082
0.012939691543579102
0.010709762573242188
0.008728981018066406
0.01436758041381836
0.011298418045043945
0.008967399597167969
0.011199474334716797
0.010153770446777344
0.012230634689331055
0.011710166931152344
0.00990915298461914
0.011250734329223633
0.011983394622802734
0.007999658584594727
0.011972427368164062
0.011156558990478516
0.013907670974731445
0.010651826858520508
0.010534524917602539
0.01065969467163086
0.011971235275268555
0.012536287307739258
0.016364336013793945
0.01035761833190918
0.010576963424682617
0.010246753692626953
0.013031601905822754
0.010170340538024902
0.013921499252319336
0.009562015533447266
0.011731743812561035
0.008856534957885742
0.010211706161499023
0.010347604751586914
0.010869503021240234
0.013615131378173828
0.011411666870117188
0.012412071228027344
0.011956930160522461
0.011326074600219727
0.012861490249633789
0.009713172912597656
0.015073776245117188
0.00991809368133545
0.0076410770416259766
0.009538412094116211
0.009311079978942871
0.010334253311157227
0.009642362594604492
0.01216435432434082
0.008956670761108398
0.010001897811889648
0.010135889053344727
0.011378049850463867
0.009851455688476562
0.012165069580078125
0.009499311447143555
0.010494709014892578
0.015091538429260254
0.013813138008117676
0.01120615005493164
0.012705802917480469
0.010555505752563477
0.01086115837097168
0.014663100242614746
0.012982845306396484
0.011460065841674805
0.014967679977416992
0.008860349655151367
0.00884866714477539
0.012958765029907227
0.011389017105102539
0.010996103286743164
0.014335036277770996
0.008756637573242188
0.012151956558227539
0.008198738098144531
0.014284849166870117
0.011698365211486816
0.010156393051147461
0.010102272033691406
0.014269471168518066
0.010310888290405273
0.009670734405517578
0.012539863586425781
0.007689952850341797
0.014125823974609375
0.007973432540893555
0.008798360824584961
0.00833892822265625
0.014838337898254395
0.010929584503173828
0.01338505744934082
0.009383916854858398
0.012586116790771484
0.01298213005065918
0.011705636978149414
0.011212825775146484
0.014950156211853027
0.011935710906982422
0.012788057327270508
0.011611461639404297
0.010416984558105469
0.010058879852294922
0.009556293487548828
0.010076045989990234
0.012123346328735352
0.00960230827331543
0.011285543441772461
0.013047933578491211
0.011220455169677734
0.010446429252624512
0.012313127517700195
0.010832548141479492
0.010688066482543945
0.012413978576660156
0.01452016830444336
0.008397102355957031
0.010647773742675781
0.010960102081298828
0.00970923900604248
0.009715080261230469
0.010662555694580078
0.010696172714233398
0.012822628021240234
0.011594176292419434
0.013020515441894531
0.008000373840332031
0.010185480117797852
0.010822296142578125
0.01605391502380371
0.009498119354248047
0.010933876037597656
0.01134181022644043
0.009568214416503906
0.009578704833984375
0.014156341552734375
0.012847661972045898
0.010669827461242676
0.01174938678741455
0.008476734161376953
0.012078046798706055
0.01274251937866211
0.009459376335144043
0.014565467834472656
0.011535882949829102
0.019455671310424805
0.011217832565307617
0.010465741157531738
0.00973808765411377
0.009377479553222656
0.01382136344909668
0.011492013931274414
0.009565353393554688
0.007509708404541016
0.01469731330871582
0.011373043060302734
0.009122133255004883
0.010565042495727539
0.009142398834228516
0.01171422004699707
0.015789031982421875
0.009758234024047852
0.010007381439208984
0.013798713684082031
0.009601593017578125
0.009323835372924805
0.010403156280517578
0.010410904884338379
0.012557029724121094
0.009563207626342773
0.011473298072814941
0.01093149185180664
0.010703802108764648
0.01259768009185791
0.010627508163452148
0.01004791259765625
0.013901472091674805
0.010225772857666016
0.014410018920898438
0.011032581329345703
0.009827852249145508
0.01076507568359375
0.01120448112487793
0.01029658317565918
0.015561819076538086
0.011501312255859375
0.01259005069732666
0.008304119110107422
0.01044917106628418
0.010830402374267578
0.01307368278503418
0.009135246276855469
0.011655807495117188
0.009282350540161133
0.008101105690002441
0.014409661293029785
0.011651992797851562
0.010976552963256836
0.011429548263549805
0.015850424766540527
0.01072072982788086
0.009550809860229492
0.008510351181030273
0.01054072380065918
0.011148214340209961
0.009449243545532227
0.01359248161315918
0.013404011726379395
0.014227867126464844
0.011434078216552734
0.013377904891967773
0.010079741477966309
0.008674263954162598
0.011016607284545898
0.008615732192993164
0.012235403060913086
0.007791757583618164
0.00943136215209961
0.018268585205078125
0.009055852890014648
0.011461138725280762
0.011904716491699219
0.012609720230102539
0.011039495468139648
0.013061285018920898
0.00977182388305664
0.009957313537597656
0.010699033737182617
0.013010978698730469
0.008635282516479492
0.012447357177734375
0.011263608932495117
0.015912532806396484
0.009228348731994629
0.012013673782348633
0.008014440536499023
0.012748956680297852
0.008600711822509766
0.011484146118164062
0.008934974670410156
0.013050317764282227
0.010935664176940918
0.013502120971679688
0.015052556991577148
0.012665510177612305
0.011632204055786133
0.008459210395812988
0.010668396949768066
0.00932931900024414
0.011620044708251953
0.011950850486755371
0.010778665542602539
0.0100250244140625
0.008862972259521484
0.009579896926879883
0.012805700302124023
0.009598016738891602
0.009917736053466797
0.008651971817016602
0.009093284606933594
0.01387476921081543
0.012034893035888672
0.0078582763671875
0.00992727279663086
0.015579462051391602
0.013636112213134766
0.012762784957885742
0.014640331268310547
0.011897563934326172
0.009945988655090332
0.01158595085144043
0.009079694747924805
0.0111846923828125
0.011320829391479492
0.012191057205200195
324.5434055328369
322.6926200389862
320.29771184921265
320.27882146835327
319.84365034103394
319.34481143951416
318.160635471344
312.39548802375793
291.50292706489563
251.46106576919556
213.01626765727997
192.67156648635864
155.20792403817177
141.1068912744522
116.67146942019463
100.0581824183464
72.94917958974838
71.14137291908264
67.52481099963188
52.65662029385567
39.641785234212875
48.06461891531944
41.46677792072296
28.24752712249756
29.573818266391754
31.562364488840103
31.06609684228897
42.847686886787415
45.87810096144676
24.373689085245132
18.205854445695877
13.228942394256592
27.240859776735306
37.13328415155411
17.17578473687172
15.642870992422104
14.902423828840256
22.84656000137329
9.048425137996674
14.25288188457489
16.381639629602432
13.539168804883957
33.14188915491104
15.66664332151413
15.48597538471222
11.273487716913223
5.220666825771332
8.384024798870087
30.027761161327362
23.027174800634384
22.71516591310501
43.09500887989998
21.249890863895416
15.211908340454102
19.556038290262222
15.543934315443039
13.089603930711746
30.580446183681488
14.311764627695084
17.994513541460037
7.519082456827164
1.1247299909591675
6.189745128154755
13.495019286870956
25.794398099184036
28.00370356440544
21.32217562198639
15.805799722671509
17.50383961200714
20.25020945072174
14.958948731422424
6.659047782421112
7.404214173555374
24.523802638053894
7.414495825767517
17.851575434207916
20.0585997402668
7.847866743803024
2.732218563556671
9.765630453824997
2.802324950695038
22.629814743995667
32.492092937231064
9.775517404079437
14.645086884498596
12.082112193107605
34.62111446261406
22.82231006026268
12.343869477510452
16.550137221813202
28.12815895676613
34.30433425307274
19.366072058677673
37.416236370801926
14.83893820643425
4.4933179914951324
6.2457035779953
28.859958112239838
7.196588158607483
10.162813127040863
17.461532175540924
15.984176844358444
9.539752423763275
10.266789108514786
7.905042290687561
3.1288552284240723
1.2930868566036224
11.882493019104004
3.5319029092788696
21.030120581388474
11.854917705059052
14.995132058858871
61.31049083173275
16.965209305286407
17.38130423426628
9.115198582410812
14.443310111761093
14.092425405979156
4.2515522837638855
0.9545882940292358
1.71344393491745
5.225115537643433
2.5570598542690277
7.853697299957275
11.039688408374786
11.56376525759697
9.448766052722931
1.275993287563324
8.320485651493073
20.178998544812202
3.3523168563842773
2.0345429182052612
19.237666368484497
8.725193291902542
9.37280547618866
7.576935827732086
1.2615870237350464
1.2384963035583496
3.086215376853943
0.8109597563743591
7.045715928077698
0.5339668989181519
4.985424816608429
11.882998377084732
14.51319009065628
20.141944080591202
16.077579110860825
2.2766265869140625
2.6619585156440735
14.0027174949646
0.8653494119644165
0.8679991364479065
0.02841639518737793
0.09056437015533447
0.21480989456176758
7.1786662340164185
1.2663776874542236
5.584390014410019
1.5466593503952026
20.39055433869362
48.976682752370834
3.652435451745987
0.7480051517486572
4.382166743278503
13.124898105859756
2.9195815324783325
2.4500873386859894
0.8578187823295593
0.004286766052246094
0.0208052396774292
0.013830184936523438
0.025206565856933594
1.0148846507072449
1.4017943143844604
4.533575892448425
5.643484830856323
5.967411011457443
0.9154855012893677
0.2092745304107666
11.899632573127747
1.5706911087036133
0.8890382647514343
5.235542893409729
13.494021862745285
2.5119070410728455
15.15055936574936
6.370586812496185
0.5156707167625427
5.930406630039215
6.787867575883865
3.0628960728645325
0.13990455865859985
0.006451845169067383
0.2088867425918579
0.002167940139770508
0.0055086612701416016
0.009343504905700684
0.008472561836242676
0.0038983821868896484
0.0016560554504394531
0.002600431442260742
0.05666089057922363
0.002633810043334961
0.0009047985076904297
0.0006411075592041016
0.00038361549377441406
0.0006618499755859375
0.004303455352783203
0.003310561180114746
0.00034630298614501953
0.0038193464279174805
0.0012344121932983398
0.0012885332107543945
0.0012011528015136719
0.0089569091796875
0.0006337165832519531
0.0005502700805664062
0.00048828125
0.002039313316345215
0.0010870695114135742
0.00029015541076660156
0.0001710653305053711
0.001264810562133789
0.002557992935180664
0.002890944480895996
0.0010989904403686523
0.0012464523315429688
0.00023484230041503906
0.0005896091461181641
0.0005942583084106445
0.0007660388946533203
0.00019025802612304688
0.0002493858337402344
0.0006666183471679688
0.0008370876312255859
0.0004954338073730469
0.0007364749908447266
9.989738464355469e-05
0.00023937225341796875
0.00042128562927246094
0.0004734992980957031
0.001006007194519043
0.0009989738464355469
0.0010932683944702148
0.0006349086761474609
0.0008221864700317383
0.0005441904067993164
0.0006734132766723633
0.0010445117950439453
0.0022238492965698242
0.0001672506332397461
0.0004924535751342773
0.0003561973571777344
0.00034499168395996094
0.0008871555328369141
0.0005728006362915039
0.0002601146697998047
0.00023543834686279297
0.0006557703018188477
0.0005710124969482422
0.0011098384857177734
0.0008307695388793945
0.0003235340118408203
0.00048530101776123047
0.0003638267517089844
0.00041937828063964844
0.00047135353088378906
0.0008028745651245117
0.0007194280624389648
0.0001442432403564453
0.0002262592315673828
0.0006738901138305664
0.00019073486328125
0.0008770227432250977
0.0003629922866821289
0.0005154609680175781
0.0002765655517578125
0.00020575523376464844
0.0006506443023681641
0.00020992755889892578
0.0005348920822143555
0.00044465065002441406
0.00036215782165527344
0.00044286251068115234
0.0011012554168701172
0.0006794929504394531
0.00014412403106689453
0.00029015541076660156
0.0012224912643432617
0.00025653839111328125
0.00021958351135253906
0.0002205371856689453
0.0003763437271118164
0.0004576444625854492
0.00036025047302246094
0.0014864206314086914
0.00035881996154785156
0.0005047321319580078
0.0004119873046875
0.00015592575073242188
6.413459777832031e-05
0.0012218952178955078
0.0005345344543457031
0.00030994415283203125
0.0006253719329833984
0.00036084651947021484
0.0007731914520263672
0.00038361549377441406
0.0007495880126953125
0.0011105537414550781
0.00027179718017578125
0.00046074390411376953
0.0003644227981567383
0.00019359588623046875
0.0001068115234375
0.0002931356430053711
0.00022673606872558594
0.00019621849060058594
0.0004017353057861328
0.00025475025177001953
0.0008164644241333008
0.0004680156707763672
0.0006697177886962891
0.00017750263214111328
0.0007815361022949219
0.0001595020294189453
0.0003782510757446289
0.000209808349609375
0.00013637542724609375
0.0006031990051269531
0.0002644062042236328
0.00020766258239746094
0.0005984306335449219
0.00022745132446289062
0.0002627372741699219
0.0004725456237792969
0.0003829002380371094
0.0006229877471923828
0.0003426074981689453
0.00020492076873779297
0.00023627281188964844
0.00037610530853271484
0.0007464885711669922
0.0001595020294189453
0.00043201446533203125
0.001232743263244629
0.00020933151245117188
0.00017762184143066406
0.00023937225341796875
0.0002105236053466797
0.0002586841583251953
0.00011920928955078125
0.0002988576889038086
0.0002994537353515625
0.0003337860107421875
0.0007522106170654297
0.000255584716796875
0.00027549266815185547
0.00022792816162109375
0.00023794174194335938
0.0005967617034912109
0.0008642673492431641
0.000133514404296875
