324.8311538696289
320.67050886154175
321.1636321544647
320.2910301685333
319.70905447006226
318.8336775302887
318.9034652709961
317.26901054382324
306.93406677246094
287.18890142440796
262.2145645618439
225.717649102211
201.0402990579605
171.33911699056625
153.9160771369934
136.597995698452
124.02064165472984
91.53150534629822
85.57753989100456
68.57454922795296
78.52657574415207
61.60274890065193
52.6096955537796
51.50041988492012
47.874837785959244
43.53038477897644
49.947987616062164
31.224751085042953
48.13624811172485
47.898641526699066
34.17233866453171
42.94961157441139
39.30059376358986
42.59097766876221
39.36189013719559
36.61923015117645
27.229171991348267
23.304944545030594
32.02355971932411
16.221957981586456
29.83777004480362
33.9551317691803
27.37638634443283
14.735241055488586
13.548253625631332
24.35722905397415
19.620093315839767
23.548236399888992
28.288016974925995
43.9986087679863
22.160555094480515
28.16078805923462
14.667428135871887
26.496970653533936
33.24357137084007
39.61899009346962
31.64164224267006
23.860476583242416
7.440194696187973
14.871142745018005
24.880782455205917
18.411807149648666
14.60473757982254
19.207864373922348
25.538930505514145
27.558031499385834
56.58660075068474
13.760271787643433
36.179920703172684
30.519998610019684
44.654501140117645
13.156445175409317
15.316923439502716
13.871016651391983
27.274403125047684
15.701636642217636
8.783567816019058
8.69490921497345
2.8923927545547485
2.2111423015594482
0.8704354763031006
0.9390915632247925
3.1489954590797424
4.9841644167900085
22.125623553991318
5.774337083101273
11.6047964990139
51.17859521508217
53.39896196126938
22.776145040988922
43.12206456065178
39.2494158744812
9.970082014799118
14.751943677663803
31.291505604982376
17.642811179161072
21.26888507604599
23.68603754043579
19.074578493833542
33.322066873312
11.04058575630188
19.466787427663803
3.134095221757889
3.8167935609817505
3.1515757143497467
8.28035181760788
26.29551950097084
23.32306396961212
14.903434872627258
12.016472518444061
22.213079899549484
19.882769510149956
18.39841663837433
29.970070973038673
14.441107302904129
35.032112032175064
56.82780933380127
22.92335879802704
11.381860852241516
33.62607944011688
33.04472038149834
30.30637389421463
10.616839587688446
14.187206119298935
15.931491166353226
257.9412810206413
294.06415808200836
148.0622515976429
10.425566986203194
18.320090651512146
15.214283049106598
4.522124767303467
4.279062837362289
3.8142773807048798
18.2181735932827
6.979905605316162
14.086400955915451
3.990774095058441
3.088037073612213
3.029728412628174
4.882895261049271
7.112329989671707
2.0773816406726837
1.5393544435501099
1.4806523323059082
4.223289728164673
0.7389426231384277
0.026492595672607422
0.0315854549407959
1.1313568949699402
2.655519723892212
0.43125098943710327
29.973773568868637
8.782691553235054
1.8335914015769958
0.22360718250274658
2.549205958843231
10.89200896024704
3.881690740585327
2.3513468503952026
3.561585783958435
1.8405276536941528
1.8751720190048218
10.841160714626312
3.9987478852272034
14.360496699810028
13.652732253074646
15.967101633548737
53.18489244580269
61.04049947857857
22.676554411649704
24.707791179418564
15.728983521461487
4.008149176836014
16.863540053367615
22.832738667726517
19.888603776693344
9.546489298343658
12.705479592084885
12.44720646739006
5.410606473684311
5.988047480583191
4.25761878490448
0.11074787378311157
1.2707741260528564
0.22399300336837769
0.35573112964630127
0.04224526882171631
1.0586071610450745
14.93160855770111
3.1622650623321533
5.341495394706726
0.4590017795562744
3.4130943417549133
0.7357689142227173
0.3064366579055786
1.9920992255210876
0.081443190574646
3.17379891872406
1.3620747327804565
1.9153645038604736
4.109190344810486
0.4244271516799927
1.667002558708191
0.16655349731445312
0.6310433149337769
0.009396553039550781
1.8524155020713806
0.0004928112030029297
0.024706602096557617
0.007750511169433594
0.004784822463989258
0.00041103363037109375
0.631838321685791
0.13969871401786804
0.005193233489990234
0.0005691051483154297
0.0012614727020263672
0.011949896812438965
0.0003781318664550781
0.00025463104248046875
0.011612892150878906
0.0022859573364257812
0.0006390810012817383
0.003388643264770508
0.0023910999298095703
0.0005986690521240234
0.0004241466522216797
0.0015965700149536133
0.0004849433898925781
0.0003647804260253906
0.00042557716369628906
0.0002760887145996094
0.00018703937530517578
0.0010726451873779297
0.0001735687255859375
0.0003483295440673828
0.0018417835235595703
0.0003361701965332031
0.005494832992553711
9.250640869140625e-05
0.00011348724365234375
0.00013828277587890625
0.0006899833679199219
0.13563334941864014
0.0014759302139282227
0.004713296890258789
0.026334166526794434
0.0017719268798828125
0.0003616809844970703
0.0007240772247314453
0.0018455982208251953
0.011704802513122559
0.0036922693252563477
0.059766530990600586
0.00015974044799804688
0.0004916191101074219
0.0006756782531738281
0.0005705356597900391
0.0004898309707641602
0.046535611152648926
0.00023555755615234375
0.00039315223693847656
0.0004787445068359375
0.007380247116088867
0.00012254714965820312
0.00044846534729003906
0.0003273487091064453
0.0001957416534423828
0.0003504753112792969
0.00044608116149902344
0.0004572868347167969
0.0001392364501953125
0.0006467103958129883
0.0002887248992919922
0.00024580955505371094
0.0007059574127197266
0.00013208389282226562
0.0004978179931640625
0.00022482872009277344
0.00024139881134033203
0.00014853477478027344
0.00023627281188964844
0.0002675056457519531
0.0003781318664550781
0.0006437301635742188
0.0001697540283203125
0.00015974044799804688
0.0001857280731201172
0.0003037452697753906
0.0004870891571044922
5.984306335449219e-05
0.0009582042694091797
0.00023555755615234375
0.0002448558807373047
0.0011208057403564453
0.0007200241088867188
0.00015854835510253906
0.00033283233642578125
0.00028133392333984375
0.0002605915069580078
0.0002181529998779297
0.0003209114074707031
0.0002696514129638672
0.0010788440704345703
0.001505136489868164
0.00017380714416503906
0.00019478797912597656
0.00030684471130371094
0.00035691261291503906
0.00030803680419921875
0.00012731552124023438
0.0004010200500488281
0.0002262592315673828
0.00012874603271484375
0.00035500526428222656
0.0003376007080078125
0.0005478858947753906
0.0007243156433105469
0.0001220703125
0.00017261505126953125
9.417533874511719e-05
0.0005521774291992188
0.0001399517059326172
7.009506225585938e-05
0.0003368854522705078
0.0003421306610107422
0.0002713203430175781
0.0010139942169189453
0.0001544952392578125
0.00018358230590820312
9.846687316894531e-05
0.0002899169921875
0.00011038780212402344
0.0003948211669921875
0.0008955001831054688
0.0001938343048095703
0.00023484230041503906
0.0002722740173339844
0.0001361370086669922
0.00047469139099121094
0.0005078315734863281
0.00034928321838378906
0.0007529258728027344
0.000179290771484375
0.00020503997802734375
0.00027441978454589844
0.0001671314239501953
0.00011539459228515625
0.00043272972106933594
0.0002372264862060547
0.0003209114074707031
0.00017213821411132812
0.0001380443572998047
0.000385284423828125
0.00020623207092285156
0.00016236305236816406
0.0003560781478881836
0.0001614093780517578
0.00011587142944335938
7.867813110351562e-05
0.0001494884490966797
0.00016498565673828125
0.0001163482666015625
0.0002319812774658203
7.009506225585938e-05
0.0001163482666015625
0.0006756782531738281
0.0002357959747314453
0.00013399124145507812
0.0002810955047607422
0.0001461505889892578
0.0003006458282470703
0.00015854835510253906
0.00010228157043457031
0.00023245811462402344
0.0004982948303222656
0.00014495849609375
0.0004024505615234375
0.00020611286163330078
0.00021457672119140625
9.131431579589844e-05
0.00014972686767578125
0.0003323554992675781
0.00021505355834960938
0.0001010894775390625
0.00010204315185546875
0.00013446807861328125
0.00023794174194335938
0.0002281665802001953
0.0004036426544189453
0.0006151199340820312
0.00012183189392089844
0.0002713203430175781
0.00023818016052246094
0.00011968612670898438
0.00018477439880371094
0.0005786418914794922
0.00015211105346679688
6.461143493652344e-05
0.00018024444580078125
0.00020885467529296875
0.00016307830810546875
0.0005791187286376953
7.176399230957031e-05
9.775161743164062e-06
6.341934204101562e-05
0.00014281272888183594
0.0005168914794921875
0.000396728515625
0.00021529197692871094
0.00013017654418945312
0.0001246929168701172
0.000202178955078125
0.0002048015594482422
8.893013000488281e-05
0.0001304149627685547
0.00012040138244628906
6.318092346191406e-05
0.0003592967987060547
0.00021314620971679688
0.00015044212341308594
7.915496826171875e-05
7.319450378417969e-05
0.00026297569274902344
0.0007059574127197266
0.0002315044403076172
0.0001690387725830078
0.00010752677917480469
0.00013947486877441406
0.0001537799835205078
0.00028133392333984375
1.7404556274414062e-05
0.000164031982421875
7.677078247070312e-05
0.0002834796905517578
0.0003972053527832031
0.00025725364685058594
0.00016260147094726562
0.00012683868408203125
0.00011086463928222656
0.00017642974853515625
0.00017118453979492188
0.0005440711975097656
0.00013184547424316406
0.0005762577056884766
0.00018167495727539062
0.0002484321594238281
0.0002129077911376953
5.412101745605469e-05
6.4849853515625e-05
0.00032329559326171875
0.000110626220703125
0.00011539459228515625
0.00015091896057128906
0.0001480579376220703
0.000232696533203125
0.0003666877746582031
0.00013303756713867188
0.00012946128845214844
0.00015091896057128906
0.00010585784912109375
3.528594970703125e-05
0.0003733634948730469
0.00015974044799804688
8.821487426757812e-05
0.0006268024444580078
0.00015401840209960938
0.00012540817260742188
7.939338684082031e-05
9.632110595703125e-05
0.0001380443572998047
3.910064697265625e-05
5.5789947509765625e-05
0.0001010894775390625
0.00014328956604003906
7.891654968261719e-05
0.0001430511474609375
9.942054748535156e-05
0.00010824203491210938
2.0265579223632812e-05
0.0005013942718505859
0.00017380714416503906
0.00035691261291503906
0.00014066696166992188
9.703636169433594e-05
0.0001010894775390625
0.00011610984802246094
9.202957153320312e-05
0.00014138221740722656
0.00013875961303710938
8.440017700195312e-05
0.0004949569702148438
0.00020241737365722656
0.00029087066650390625
0.00013256072998046875
0.00033736228942871094
3.4332275390625e-05
0.0003180503845214844
7.677078247070312e-05
0.0001366138458251953
0.00016927719116210938
5.602836608886719e-05
0.0002925395965576172
0.0001666545867919922
0.0005996227264404297
0.00012683868408203125
4.506111145019531e-05
9.202957153320312e-05
4.839897155761719e-05
0.0001087188720703125
0.0002732276916503906
8.273124694824219e-05
0.00038909912109375
3.62396240234375e-05
0.0002498626708984375
0.00041985511779785156
0.00018596649169921875
0.00010442733764648438
0.0002532005310058594
0.0003132820129394531
0.00040984153747558594
7.200241088867188e-05
0.00012445449829101562
0.00020051002502441406
7.367134094238281e-05
9.512901306152344e-05
3.24249267578125e-05
0.0003037452697753906
0.0001513957977294922
6.747245788574219e-05
0.00022411346435546875
5.626678466796875e-05
0.00012969970703125
8.940696716308594e-05
0.0001289844512939453
0.0002372264862060547
4.792213439941406e-05
0.0001952648162841797
5.555152893066406e-05
0.00013947486877441406
7.796287536621094e-05
0.0001354217529296875
0.00021338462829589844
0.0001373291015625
0.0001220703125
0.0005667209625244141
9.5367431640625e-05
0.00019598007202148438
0.00018858909606933594
0.00013399124145507812
4.673004150390625e-05
8.606910705566406e-05
0.000152587890625
4.482269287109375e-05
0.00011777877807617188
0.00013208389282226562
0.0002689361572265625
7.557868957519531e-05
0.00012564659118652344
0.00014400482177734375
0.000152587890625
8.463859558105469e-05
0.0001270771026611328
0.00016355514526367188
0.0002694129943847656
0.00010800361633300781
8.630752563476562e-05
0.0001068115234375
0.00043845176696777344
0.0003504753112792969
0.00011563301086425781
0.0001513957977294922
4.696846008300781e-05
7.486343383789062e-05
0.0002911090850830078
0.0001227855682373047
3.8623809814453125e-05
9.942054748535156e-05
0.0003769397735595703
7.367134094238281e-05
0.00011849403381347656
4.553794860839844e-05
0.00011658668518066406
0.00013375282287597656
8.893013000488281e-05
0.00016069412231445312
0.0001385211944580078
0.00010585784912109375
0.0001087188720703125
0.0003275871276855469
0.0001569986343383789
7.796287536621094e-05
0.00010466575622558594
5.6743621826171875e-05
0.00012350082397460938
0.0001697540283203125
0.0003228187561035156
6.794929504394531e-05
0.0001766681671142578
0.00012350082397460938
9.703636169433594e-05
0.0002601146697998047
0.00011730194091796875
7.295608520507812e-05
6.29425048828125e-05
0.00016880035400390625
0.0005290508270263672
0.00010752677917480469
0.0003495216369628906
8.296966552734375e-05
0.00010132789611816406
0.00015354156494140625
7.557868957519531e-05
0.0001628398895263672
0.00024700164794921875
8.654594421386719e-05
0.00035953521728515625
0.00010776519775390625
0.0002105236053466797
8.797645568847656e-05
0.00013589859008789062
6.961822509765625e-05
5.269050598144531e-05
7.510185241699219e-05
7.62939453125e-05
0.0002923011779785156
5.53131103515625e-05
2.7179718017578125e-05
0.0001456737518310547
0.00011539459228515625
0.00011348724365234375
9.942054748535156e-05
0.00019431114196777344
0.0001575946807861328
0.00016164779663085938
5.8650970458984375e-05
5.507469177246094e-05
0.0001239776611328125
0.0001659393310546875
0.000156402587890625
0.00030732154846191406
0.00046539306640625
0.00012826919555664062
0.00021648406982421875
5.030632019042969e-05
0.00011515617370605469
0.00019693374633789062
0.0003104209899902344
7.43865966796875e-05
0.00015103816986083984
6.985664367675781e-05
0.00019741058349609375
8.893013000488281e-05
7.891654968261719e-05
0.00024056434631347656
0.00016546249389648438
0.0001323223114013672
7.486343383789062e-05
0.0002460479736328125
4.744529724121094e-05
3.218650817871094e-05
0.00020885467529296875
9.274482727050781e-05
0.00025391578674316406
0.00011682510375976562
5.054473876953125e-05
8.821487426757812e-05
0.00043845176696777344
0.0001220703125
0.00012040138244628906
9.822845458984375e-05
4.506111145019531e-05
7.224082946777344e-05
0.0001647472381591797
0.0004553794860839844
0.00012040138244628906
4.9114227294921875e-05
0.00010251998901367188
0.00014281272888183594
3.910064697265625e-05
6.4849853515625e-05
0.00010609626770019531
0.00016427040100097656
8.487701416015625e-05
0.00037932395935058594
8.96453857421875e-05
0.0002315044403076172
8.869171142578125e-05
9.226799011230469e-05
0.00015652179718017578
0.00020051002502441406
0.00017404556274414062
0.0001010894775390625
9.202957153320312e-05
0.0002713203430175781
0.00034546852111816406
5.245208740234375e-05
0.000141143798828125
0.00013017654418945312
0.0001544952392578125
0.0001926422119140625
5.316734313964844e-05
0.0002548694610595703
0.00019049644470214844
0.0001862049102783203
6.508827209472656e-05
0.00010824203491210938
6.914138793945312e-05
0.00019931793212890625
0.00015783309936523438
4.029273986816406e-05
7.033348083496094e-05
5.125999450683594e-05
0.00020003318786621094
6.818771362304688e-05
0.0001850128173828125
9.679794311523438e-05
0.0001443624496459961
6.818771362304688e-05
4.696846008300781e-05
0.0005524158477783203
4.5299530029296875e-05
0.0001614093780517578
0.00013256072998046875
7.605552673339844e-05
3.337860107421875e-05
0.00011372566223144531
0.00010228157043457031
7.390975952148438e-05
0.0003914833068847656
0.00021338462829589844
8.726119995117188e-05
9.036064147949219e-05
0.0001361370086669922
0.0001373291015625
0.000171661376953125
0.00011658668518066406
8.988380432128906e-05
0.00030803680419921875
9.584426879882812e-05
0.00011348724365234375
9.751319885253906e-05
0.0001506805419921875
0.00012683868408203125
3.457069396972656e-05
0.00016880035400390625
0.000125885009765625
0.0004010200500488281
0.00035762786865234375
3.600120544433594e-05
0.00014281272888183594
0.00010418891906738281
8.881092071533203e-05
4.863739013671875e-05
0.0001418590545654297
0.00016021728515625
0.00012063980102539062
0.00010466575622558594
9.131431579589844e-05
9.584426879882812e-05
2.3365020751953125e-05
0.0002536773681640625
7.677078247070312e-05
7.581710815429688e-05
0.00011301040649414062
0.00010156631469726562
0.0001316070556640625
0.00010156631469726562
0.00013184547424316406
0.00010323524475097656
8.082389831542969e-05
0.00010156631469726562
9.703636169433594e-05
6.651878356933594e-05
0.00019288063049316406
0.00011491775512695312
5.435943603515625e-05
0.00018668174743652344
1.52587890625e-05
7.152557373046875e-05
0.0005476474761962891
4.220008850097656e-05
0.00013446807861328125
0.00021266937255859375
7.367134094238281e-05
4.9114227294921875e-05
0.000301361083984375
0.00010395050048828125
0.00012803077697753906
7.748603820800781e-05
8.058547973632812e-05
2.1219253540039062e-05
2.47955322265625e-05
7.414817810058594e-05
0.000102996826171875
0.0001552104949951172
0.00012826919555664062
0.0002129077911376953
8.082389831542969e-05
0.0001633167266845703
0.00011277198791503906
0.0001742839813232422
0.0002796649932861328
0.00010395050048828125
6.0558319091796875e-05
0.00017309188842773438
6.628036499023438e-05
0.00014543533325195312
0.0005435943603515625
9.608268737792969e-05
0.00012421607971191406
7.772445678710938e-05
0.00012159347534179688
0.00024890899658203125
0.00010919570922851562
0.00025725364685058594
0.00017690658569335938
8.988380432128906e-05
4.7206878662109375e-05
5.221366882324219e-05
0.00015234947204589844
0.00017189979553222656
0.0001347064971923828
3.445148468017578e-05
0.0001049041748046875
0.00012302398681640625
0.00010633468627929688
0.0002589225769042969
0.00024247169494628906
0.0001342296600341797
7.915496826171875e-05
3.9577484130859375e-05
8.392333984375e-05
0.00014257431030273438
9.083747863769531e-05
0.00039696693420410156
0.00014400482177734375
0.00019311904907226562
0.00022411346435546875
4.076957702636719e-05
0.0003216266632080078
5.030632019042969e-05
0.00012683868408203125
8.463859558105469e-05
0.00011610984802246094
4.8160552978515625e-05
3.600120544433594e-05
0.0001437664031982422
0.000110626220703125
0.00011134147644042969
7.343292236328125e-05
8.893013000488281e-05
0.0001430511474609375
0.0004143714904785156
0.00016570091247558594
9.775161743164062e-05
7.081031799316406e-05
3.552436828613281e-05
4.00543212890625e-05
0.00019598007202148438
8.273124694824219e-05
5.0067901611328125e-05
0.0001595020294189453
6.628036499023438e-05
0.00013184547424316406
0.0004429817199707031
0.0001246929168701172
0.00044655799865722656
6.794929504394531e-05
8.916854858398438e-05
6.365776062011719e-05
0.0001556873321533203
0.00020122528076171875
7.2479248046875e-05
0.00017690658569335938
7.033348083496094e-05
8.749961853027344e-05
4.673004150390625e-05
0.00015306472778320312
0.00010204315185546875
0.0001308917999267578
2.6226043701171875e-05
0.0001251697540283203
0.00010180473327636719
8.988380432128906e-05
8.58306884765625e-05
0.0002846717834472656
9.202957153320312e-05
0.000148773193359375
6.985664367675781e-05
5.745887756347656e-05
8.130073547363281e-05
0.00011873245239257812
4.553794860839844e-05
2.4318695068359375e-05
7.319450378417969e-05
7.724761962890625e-05
0.000244140625
0.00018739700317382812
5.841255187988281e-05
5.555152893066406e-05
0.00011682510375976562
2.1696090698242188e-05
0.00026345252990722656
0.0003058910369873047
0.00028896331787109375
0.00021338462829589844
5.53131103515625e-05
0.00014829635620117188
0.0002040863037109375
0.00013589859008789062
0.00030493736267089844
4.8160552978515625e-05
0.00010895729064941406
4.982948303222656e-05
0.00010347366333007812
0.0001742839813232422
3.3855438232421875e-05
0.0003781318664550781
0.00012159347534179688
9.179115295410156e-05
0.00022792816162109375
5.53131103515625e-05
3.886222839355469e-05
0.00035572052001953125
5.936622619628906e-05
9.989738464355469e-05
4.57763671875e-05
0.00019550323486328125
0.0001277923583984375
9.1552734375e-05
0.00011754035949707031
0.00017690658569335938
9.107589721679688e-05
2.9325485229492188e-05
8.463859558105469e-05
0.00015616416931152344
0.0001494884490966797
6.389617919921875e-05
6.508827209472656e-05
0.00012135505676269531
0.0001819133758544922
9.107589721679688e-05
6.413459777832031e-05
0.00026702880859375
5.030632019042969e-05
0.00011205673217773438
0.0001380443572998047
5.412101745605469e-05
6.079673767089844e-05
0.00038552284240722656
9.775161743164062e-05
9.751319885253906e-05
5.650520324707031e-05
0.0002346038818359375
0.0004856586456298828
4.601478576660156e-05
7.605552673339844e-05
0.00013899803161621094
0.00023174285888671875
3.886222839355469e-05
8.821487426757812e-05
8.678436279296875e-05
0.0001010894775390625
0.00014495849609375
6.246566772460938e-05
0.0006389617919921875
5.5789947509765625e-05
6.771087646484375e-05
6.67572021484375e-05
4.7206878662109375e-05
0.0001227855682373047
0.00026488304138183594
0.00010371208190917969
8.0108642578125e-05
0.0001671314239501953
0.00010848045349121094
0.00010013580322265625
0.00018548965454101562
1.7881393432617188e-05
4.982948303222656e-05
5.269050598144531e-05
7.510185241699219e-05
0.0001201629638671875
8.392333984375e-05
7.867813110351562e-05
0.00019669532775878906
0.00010967254638671875
1.33514404296875e-05
0.00010013580322265625
3.8623809814453125e-05
4.458427429199219e-05
9.1552734375e-05
0.0001919269561767578
0.00011229515075683594
5.817413330078125e-05
0.00011110305786132812
0.00012135505676269531
7.724761962890625e-05
0.00025200843811035156
8.058547973632812e-05
0.00017261505126953125
0.0001766681671142578
9.489059448242188e-05
9.250640869140625e-05
8.559226989746094e-05
0.00032401084899902344
0.00014781951904296875
7.510185241699219e-05
7.724761962890625e-05
5.5789947509765625e-05
8.678436279296875e-05
0.0003478527069091797
0.000152587890625
0.00012564659118652344
0.00010561943054199219
4.363059997558594e-05
0.00035643577575683594
0.00012946128845214844
2.574920654296875e-05
3.5762786865234375e-05
8.273124694824219e-05
8.189678192138672e-05
0.00011181831359863281
0.0002200603485107422
0.0001125335693359375
9.083747863769531e-05
0.0002694129943847656
8.58306884765625e-05
4.6253204345703125e-05
0.0002319812774658203
8.940696716308594e-05
0.0003001689910888672
7.319450378417969e-05
6.961822509765625e-05
2.9087066650390625e-05
9.274482727050781e-05
4.7206878662109375e-05
4.410743713378906e-05
0.00020194053649902344
0.00010395050048828125
0.00012087821960449219
0.00012421607971191406
0.0003426074981689453
5.841255187988281e-05
0.00016164779663085938
0.00013065338134765625
7.534027099609375e-05
4.291534423828125e-05
0.00011181831359863281
0.00018358230590820312
0.0003514289855957031
0.00015807151794433594
4.029273986816406e-05
8.082389831542969e-05
0.00029754638671875
0.00018978118896484375
6.198883056640625e-05
0.000186920166015625
0.0001366138458251953
0.00022029876708984375
0.0002288818359375
6.628036499023438e-05
0.0001125335693359375
0.0003879070281982422
0.0002033710479736328
3.838539123535156e-05
9.655952453613281e-05
6.0558319091796875e-05
8.58306884765625e-05
0.00010085105895996094
9.465217590332031e-05
7.581710815429688e-05
0.00011551380157470703
4.172325134277344e-05
3.981590270996094e-05
4.1961669921875e-05
0.0001926422119140625
5.316734313964844e-05
7.963180541992188e-05
0.00024366378784179688
0.00013065338134765625
9.131431579589844e-05
5.173683166503906e-05
4.267692565917969e-05
0.00017523765563964844
0.0002512931823730469
1.71661376953125e-05
5.316734313964844e-05
3.910064697265625e-05
0.00026702880859375
8.177757263183594e-05
6.198883056640625e-05
0.00010466575622558594
0.0001709461212158203
5.435943603515625e-05
8.654594421386719e-05
5.626678466796875e-05
0.0001938343048095703
0.0001494884490966797
8.440017700195312e-05
5.078315734863281e-05
8.153915405273438e-05
0.00024008750915527344
0.0001423358917236328
2.0265579223632812e-05
8.893013000488281e-05
0.00020647048950195312
0.00018286705017089844
0.00031757354736328125
0.00010156631469726562
0.00010323524475097656
0.0001404285430908203
0.0001366138458251953
0.00016248226165771484
3.0040740966796875e-05
0.0003590583801269531
4.7206878662109375e-05
9.131431579589844e-05
0.00010704994201660156
0.0002346038818359375
0.00029850006103515625
7.367134094238281e-05
0.0001304149627685547
7.581710815429688e-05
5.364418029785156e-05
0.00010848045349121094
0.00010585784912109375
0.00017762184143066406
0.0002956390380859375
0.0002052783966064453
8.940696716308594e-05
5.173683166503906e-05
0.00010585784912109375
0.00023651123046875
0.00013136863708496094
6.079673767089844e-05
6.628036499023438e-05
9.894371032714844e-05
0.00017976760864257812
5.91278076171875e-05
5.936622619628906e-05
9.894371032714844e-05
0.00016760826110839844
8.869171142578125e-05
0.00031447410583496094
6.532669067382812e-05
0.0001857280731201172
5.364418029785156e-05
0.00014591217041015625
7.271766662597656e-05
0.00010776519775390625
0.00011968612670898438
8.511543273925781e-05
6.794929504394531e-05
1.71661376953125e-05
0.00012874603271484375
0.00015497207641601562
5.221366882324219e-05
0.00015401840209960938
0.0001780986785888672
6.794929504394531e-05
4.291534423828125e-05
0.00011944770812988281
0.00019788742065429688
6.580352783203125e-05
0.00013899803161621094
7.82012939453125e-05
0.0001659393310546875
0.00010943412780761719
0.00010156631469726562
0.00011801719665527344
0.0002503395080566406
5.2928924560546875e-05
0.00028514862060546875
7.486343383789062e-05
0.0001266002655029297
0.0002434253692626953
8.034706115722656e-05
8.988380432128906e-05
0.00010728836059570312
0.00010251998901367188
2.6941299438476562e-05
0.0001399517059326172
9.489059448242188e-05
0.00010776519775390625
0.0003972053527832031
6.771087646484375e-05
6.747245788574219e-05
5.054473876953125e-05
0.00010061264038085938
8.559226989746094e-05
3.552436828613281e-05
3.9577484130859375e-05
0.00022554397583007812
3.1948089599609375e-05
5.650520324707031e-05
0.00012302398681640625
8.630752563476562e-05
0.0004317760467529297
0.00012993812561035156
0.000148773193359375
9.775161743164062e-05
9.846687316894531e-05
5.841255187988281e-05
2.8133392333984375e-05
0.0003161430358886719
7.486343383789062e-05
3.838539123535156e-05
0.00012111663818359375
0.0002110004425048828
0.00031447410583496094
0.00024127960205078125
9.226799011230469e-05
0.00016164779663085938
0.0001068115234375
4.506111145019531e-05
7.557868957519531e-05
0.000110626220703125
2.47955322265625e-05
0.00015020370483398438
0.00019812583923339844
0.00014543533325195312
0.00014019012451171875
5.841255187988281e-05
5.650520324707031e-05
0.0001766681671142578
8.511543273925781e-05
0.00014519691467285156
3.600120544433594e-05
7.748603820800781e-05
0.00012803077697753906
0.00024008750915527344
0.0004718303680419922
0.00010800361633300781
0.00011944770812988281
4.506111145019531e-05
5.6743621826171875e-05
7.963180541992188e-05
9.298324584960938e-05
7.033348083496094e-05
0.00023865699768066406
9.202957153320312e-05
4.673004150390625e-05
0.0003991127014160156
5.91278076171875e-05
7.534027099609375e-05
6.580352783203125e-05
3.790855407714844e-05
0.00011157989501953125
0.00010585784912109375
0.00010156631469726562
9.775161743164062e-05
0.0002512931823730469
7.343292236328125e-05
4.506111145019531e-05
0.0002434253692626953
4.029273986816406e-05
0.00010013580322265625
7.843971252441406e-05
9.393692016601562e-05
0.0001621246337890625
0.00010347366333007812
6.413459777832031e-05
1.9311904907226562e-05
6.246566772460938e-05
9.584426879882812e-05
0.0002987384796142578
7.867813110351562e-05
6.4849853515625e-05
4.315376281738281e-05
0.00029969215393066406
5.793571472167969e-05
8.273124694824219e-05
0.00027751922607421875
8.797645568847656e-05
5.3882598876953125e-05
6.341934204101562e-05
0.00014519691467285156
0.00027561187744140625
0.00018978118896484375
4.601478576660156e-05
8.916854858398438e-05
5.1021575927734375e-05
0.00035190582275390625
0.00010657310485839844
6.794929504394531e-05
0.00010323524475097656
0.0001647472381591797
9.632110595703125e-05
0.0002720355987548828
0.0003631114959716797
0.00019860267639160156
6.365776062011719e-05
8.225440979003906e-05
0.00023293495178222656
6.580352783203125e-05
0.00018262863159179688
0.00016760826110839844
8.392333984375e-05
0.0001819133758544922
5.841255187988281e-05
0.0001614093780517578
5.555152893066406e-05
6.67572021484375e-05
4.458427429199219e-05
0.00011491775512695312
0.0001068115234375
0.00024819374084472656
7.486343383789062e-05
7.605552673339844e-05
0.0002522468566894531
0.00010085105895996094
8.559226989746094e-05
0.00011777877807617188
3.528594970703125e-05
3.814697265625e-05
0.00013446807861328125
0.00014328956604003906
7.200241088867188e-05
5.841255187988281e-05
0.00010895729064941406
3.647804260253906e-05
0.00017499923706054688
0.00021457672119140625
1.9788742065429688e-05
0.00010895729064941406
0.00016570091247558594
5.984306335449219e-05
0.00024390220642089844
8.296966552734375e-05
3.123283386230469e-05
5.4836273193359375e-05
0.0001437664031982422
0.0004317760467529297
0.00010204315185546875
1.5020370483398438e-05
0.00011134147644042969
5.269050598144531e-05
0.00012183189392089844
0.00010180473327636719
0.00012946128845214844
0.0001590251922607422
5.269050598144531e-05
0.0002276897430419922
4.9114227294921875e-05
0.00015544891357421875
0.0002465248107910156
6.437301635742188e-05
6.830692291259766e-05
0.00022125244140625
8.0108642578125e-05
0.0002677440643310547
6.890296936035156e-05
0.0001354217529296875
0.0001857280731201172
9.250640869140625e-05
0.00012731552124023438
4.1484832763671875e-05
6.747245788574219e-05
8.106231689453125e-05
6.842613220214844e-05
0.0001742839813232422
7.963180541992188e-05
0.0001728534698486328
8.96453857421875e-05
0.00017118453979492188
0.00011324882507324219
0.00032210350036621094
6.651878356933594e-05
4.0531158447265625e-05
0.0002028942108154297
5.125999450683594e-05
0.0002148151397705078
0.00014090538024902344
7.653236389160156e-05
9.799003601074219e-05
0.00010323524475097656
0.00012969970703125
9.369850158691406e-05
0.00020694732666015625
3.314018249511719e-05
0.00011229515075683594
9.191036224365234e-05
9.226799011230469e-05
0.0002675056457519531
0.0001087188720703125
4.935264587402344e-05
6.508827209472656e-05
0.0001556873321533203
0.00033354759216308594
0.00010275840759277344
3.552436828613281e-05
0.000118255615234375
0.0001685619354248047
8.153915405273438e-05
3.1948089599609375e-05
0.00013566017150878906
0.00016045570373535156
0.00040411949157714844
0.0002868175506591797
7.963180541992188e-05
0.00017714500427246094
4.744529724121094e-05
9.72747802734375e-05
4.9591064453125e-05
0.00016307830810546875
0.00016117095947265625
9.369850158691406e-05
0.00014257431030273438
2.872943878173828e-05
0.00010776519775390625
9.918212890625e-05
0.00011324882507324219
7.867813110351562e-05
0.00016546249389648438
0.00016260147094726562
6.985664367675781e-05
5.5789947509765625e-05
6.151199340820312e-05
4.172325134277344e-05
0.00012683868408203125
0.00021219253540039062
0.0002372264862060547
6.818771362304688e-05
5.6743621826171875e-05
8.726119995117188e-05
5.5789947509765625e-05
0.0003361701965332031
0.0001723766326904297
3.552436828613281e-05
0.00046753883361816406
9.608268737792969e-05
0.00010395050048828125
5.316734313964844e-05
0.00012254714965820312
0.00027823448181152344
5.1021575927734375e-05
7.43865966796875e-05
0.00010347366333007812
0.0001766681671142578
7.05718994140625e-05
6.222724914550781e-05
3.123283386230469e-05
0.00010752677917480469
5.53131103515625e-05
5.9604644775390625e-05
0.0001392364501953125
0.00011873245239257812
0.00012063980102539062
4.863739013671875e-05
0.0003294944763183594
0.00015497207641601562
3.4809112548828125e-05
0.00013518333435058594
8.58306884765625e-05
2.86102294921875e-05
4.3272972106933594e-05
0.0001125335693359375
0.0002720355987548828
4.458427429199219e-05
0.00012135505676269531
3.886222839355469e-05
0.00032579898834228516
9.655952453613281e-05
7.534027099609375e-05
0.00012612342834472656
7.915496826171875e-05
7.748603820800781e-05
0.0002770423889160156
8.392333984375e-05
0.00018167495727539062
6.365776062011719e-05
9.417533874511719e-05
0.00024962425231933594
0.00019550323486328125
7.224082946777344e-05
0.0001518726348876953
0.00012636184692382812
9.489059448242188e-05
0.00016450881958007812
0.00010752677917480469
5.316734313964844e-05
6.4849853515625e-05
0.00015091896057128906
8.678436279296875e-05
0.00021958351135253906
0.00017309188842773438
0.00018286705017089844
7.581710815429688e-05
2.1219253540039062e-05
8.440017700195312e-05
3.1948089599609375e-05
0.00015926361083984375
6.0558319091796875e-05
4.9591064453125e-05
6.008148193359375e-05
0.00012111663818359375
3.24249267578125e-05
0.00021910667419433594
0.00013709068298339844
2.2172927856445312e-05
0.00015926361083984375
0.00024700164794921875
7.319450378417969e-05
9.655952453613281e-05
0.00021886825561523438
0.00032806396484375
9.679794311523438e-05
7.081031799316406e-05
0.0003008842468261719
9.632110595703125e-05
6.365776062011719e-05
0.0001537799835205078
0.00016736984252929688
0.00013399124145507812
0.00012695789337158203
7.581710815429688e-05
0.00015091896057128906
0.00012612342834472656
5.054473876953125e-05
7.128715515136719e-05
8.96453857421875e-05
0.0001385211944580078
0.00010991096496582031
7.62939453125e-05
0.00010776519775390625
0.00016999244689941406
4.673004150390625e-05
0.00018978118896484375
0.0002052783966064453
5.078315734863281e-05
7.343292236328125e-05
0.00012612342834472656
0.00010204315185546875
2.6702880859375e-05
2.7894973754882812e-05
0.0002562999725341797
4.792213439941406e-05
0.00020623207092285156
0.00014972686767578125
9.1552734375e-05
0.00020170211791992188
0.00019431114196777344
5.0067901611328125e-05
0.0003445148468017578
0.00011730194091796875
0.00011539459228515625
0.00011873245239257812
5.0067901611328125e-05
0.00010204315185546875
7.82012939453125e-05
0.00013720989227294922
0.0001399517059326172
6.651878356933594e-05
0.0002491474151611328
7.939338684082031e-05
5.269050598144531e-05
0.00019311904907226562
5.221366882324219e-05
3.4332275390625e-05
6.723403930664062e-05
0.0002028942108154297
8.487701416015625e-05
4.744529724121094e-05
0.0001442432403564453
0.00010275840759277344
0.0003323554992675781
5.698204040527344e-05
3.337860107421875e-05
0.00011396408081054688
7.43865966796875e-05
9.226799011230469e-05
0.0001049041748046875
5.1021575927734375e-05
0.0001380443572998047
0.00015282630920410156
0.0003037452697753906
0.00016260147094726562
3.790855407714844e-05
0.00028514862060546875
0.00013208389282226562
6.4849853515625e-05
8.463859558105469e-05
0.00011324882507324219
0.00020492076873779297
8.988380432128906e-05
3.409385681152344e-05
0.000141143798828125
0.00029540061950683594
0.00011229515075683594
0.0002124309539794922
5.1975250244140625e-05
0.00012040138244628906
5.650520324707031e-05
7.987022399902344e-05
8.559226989746094e-05
0.00012302398681640625
0.00043201446533203125
0.00013637542724609375
0.00011205673217773438
0.00034928321838378906
0.00010919570922851562
7.891654968261719e-05
3.743171691894531e-05
0.0001010894775390625
9.751319885253906e-05
7.700920104980469e-05
6.794929504394531e-05
7.486343383789062e-05
7.033348083496094e-05
4.482269287109375e-05
3.3974647521972656e-05
0.0001373291015625
0.00012636184692382812
0.00021600723266601562
0.0002753734588623047
9.322166442871094e-05
5.888938903808594e-05
7.677078247070312e-05
0.00010585784912109375
8.296966552734375e-05
0.00039958953857421875
6.866455078125e-05
0.00012731552124023438
7.605552673339844e-05
8.177757263183594e-05
0.00011587142944335938
9.489059448242188e-05
7.2479248046875e-05
5.269050598144531e-05
0.00027060508728027344
6.127357482910156e-05
2.4557113647460938e-05
6.92605972290039e-05
3.814697265625e-05
0.00011873245239257812
0.00011587142944335938
7.486343383789062e-05
9.226799011230469e-05
0.00042557716369628906
0.00015926361083984375
4.57763671875e-05
6.532669067382812e-05
5.340576171875e-05
3.8623809814453125e-05
5.888938903808594e-05
6.437301635742188e-05
0.00015544891357421875
0.00026154518127441406
0.00013637542724609375
0.00014209747314453125
0.0001461505889892578
0.00022602081298828125
0.0001385211944580078
6.890296936035156e-05
0.0001304149627685547
5.078315734863281e-05
0.00012826919555664062
0.0002200603485107422
3.1948089599609375e-05
0.00013065338134765625
0.0002276897430419922
0.00012350082397460938
5.030632019042969e-05
5.7220458984375e-05
6.723403930664062e-05
7.319450378417969e-05
0.00010728836059570312
0.00012969970703125
0.00010561943054199219
0.0003178119659423828
0.0001308917999267578
0.00010848045349121094
0.0001285076141357422
0.00017261505126953125
0.00010037422180175781
0.00013005733489990234
7.557868957519531e-05
9.655952453613281e-05
3.910064697265625e-05
9.679794311523438e-05
5.555152893066406e-05
7.104873657226562e-05
0.00021386146545410156
0.00011801719665527344
2.4080276489257812e-05
2.956390380859375e-05
6.127357482910156e-05
0.0002052783966064453
5.364418029785156e-05
7.724761962890625e-05
5.316734313964844e-05
0.0002810955047607422
0.00019788742065429688
0.0002601146697998047
0.0003139972686767578
6.127357482910156e-05
0.00016880035400390625
