325.5272195339203
325.08279514312744
324.22541666030884
324.067280292511
323.96410155296326
323.56906032562256
322.89580035209656
323.1621437072754
322.8294060230255
322.4039146900177
321.96837520599365
321.51234126091003
321.8783679008484
321.91542863845825
321.5698940753937
320.3714792728424
320.4132573604584
320.41585874557495
320.30130434036255
319.5544972419739
319.5786199569702
318.8124678134918
318.99401235580444
318.83866596221924
318.8323013782501
318.38758969306946
318.68449449539185
318.73545145988464
318.9181628227234
318.4709532260895
318.9779601097107
318.1100769042969
318.0897750854492
318.58371591567993
318.16512966156006
317.9250738620758
317.84856510162354
317.60702443122864
317.74098920822144
316.92937994003296
316.7317759990692
314.630544424057
314.0132782459259
309.69227480888367
300.3177447319031
290.40264892578125
277.98038268089294
268.1681133508682
252.12741935253143
243.23298525810242
232.69109690189362
207.39105081558228
200.53557348251343
196.17811858654022
181.92751455307007
177.8856959939003
163.38521111011505
145.74731117486954
133.99516880512238
128.8320888876915
117.83976340293884
121.85590749979019
104.74843686819077
104.22740325331688
93.21063110232353
87.22175508737564
82.27865174412727
81.85630592703819
72.87332591414452
67.47139012813568
63.26227483153343
51.03013890981674
57.67744719982147
48.44047152996063
57.704700112342834
42.358304500579834
40.186617374420166
35.16854450106621
37.97900769114494
32.50660389661789
33.85201081633568
31.12438353896141
20.64190137386322
26.19216650724411
24.23525768518448
24.785695493221283
17.62818795442581
17.797405242919922
17.55149680376053
15.78797072172165
15.808213591575623
14.14109069108963
15.678879737854004
20.21216195821762
11.604265570640564
9.58072316646576
9.387623727321625
12.895684719085693
9.97873306274414
10.121395409107208
8.276203632354736
15.002386808395386
5.461878776550293
7.452841103076935
2.7045788764953613
2.336238145828247
2.0236167907714844
6.457014083862305
3.2565423250198364
3.446019232273102
2.5441399812698364
3.1565144062042236
5.401609838008881
5.740915536880493
2.6489020586013794
1.483219861984253
2.156901001930237
12.1713827252388
5.216321587562561
0.6388872861862183
0.8411113023757935
0.5914195775985718
0.6055963039398193
0.33133578300476074
0.24549806118011475
0.13629233837127686
1.6869443655014038
4.918622970581055
3.0441967248916626
0.881971001625061
1.167216181755066
2.2092784643173218
0.3970315456390381
0.41986334323883057
0.21862030029296875
0.1240462064743042
0.08766984939575195
0.06204104423522949
0.056622862815856934
0.07292807102203369
0.032213687896728516
0.04293358325958252
0.04453742504119873
0.047995805740356445
0.04891383647918701
0.03586852550506592
0.027279257774353027
0.03415727615356445
0.02515125274658203
0.04023110866546631
0.026625633239746094
0.02913522720336914
0.03979504108428955
0.039127469062805176
0.03170442581176758
0.061977386474609375
0.09340453147888184
0.04963374137878418
0.05718064308166504
0.02588069438934326
0.022879838943481445
0.030783414840698242
0.02060866355895996
0.02895200252532959
0.020536065101623535
0.019012928009033203
0.021312713623046875
0.018682241439819336
0.014389991760253906
0.02858901023864746
0.01535797119140625
0.018224716186523438
0.01805293560028076
0.01363229751586914
0.018884897232055664
0.018009185791015625
0.012757539749145508
0.011679887771606445
0.010889887809753418
0.014193534851074219
0.010410308837890625
0.010426044464111328
0.014329671859741211
0.010478973388671875
0.010791301727294922
0.012280464172363281
0.011672496795654297
0.008310556411743164
0.012009620666503906
0.014289617538452148
0.01058816909790039
0.015122652053833008
0.010400056838989258
0.012084126472473145
0.008289098739624023
0.011294960975646973
0.009641885757446289
0.008588075637817383
0.012688636779785156
0.007980823516845703
0.009504079818725586
0.011606216430664062
0.007237672805786133
0.00905752182006836
0.009453535079956055
0.007344961166381836
0.007008075714111328
0.008944511413574219
0.007416963577270508
0.0063893795013427734
0.011420488357543945
0.006805539131164551
0.005102634429931641
0.009711503982543945
0.010092735290527344
0.009227275848388672
0.008591294288635254
0.006097674369812012
0.007852315902709961
0.009126424789428711
0.007510185241699219
0.004720211029052734
0.0072138309478759766
0.006834268569946289
0.006903409957885742
0.00805509090423584
0.006529569625854492
0.006945610046386719
0.006319999694824219
0.006511211395263672
0.00560450553894043
0.0058078765869140625
0.00701141357421875
0.005278348922729492
0.005898237228393555
0.007081270217895508
0.008197784423828125
0.0066986083984375
0.004342079162597656
0.007830977439880371
0.005797863006591797
0.005187034606933594
0.007584095001220703
0.009140729904174805
0.006832599639892578
0.004708766937255859
0.005758047103881836
0.004445314407348633
0.007831811904907227
0.005170583724975586
0.005692243576049805
0.005585789680480957
0.005481243133544922
0.00658869743347168
0.0057239532470703125
0.005523204803466797
0.005359649658203125
0.0052032470703125
0.004778385162353516
0.00565028190612793
0.0039520263671875
0.0058901309967041016
0.005286455154418945
0.0044918060302734375
0.0043985843658447266
0.0037479400634765625
0.004770040512084961
0.005156040191650391
0.0050885677337646484
0.0032792091369628906
0.0039975643157958984
0.005373716354370117
0.004344940185546875
0.005537271499633789
0.004162311553955078
0.004358053207397461
0.0033037662506103516
0.0050199031829833984
0.005277872085571289
0.004374504089355469
0.004037618637084961
0.0032303333282470703
0.005043983459472656
0.005020618438720703
0.00401616096496582
0.004467010498046875
0.004705667495727539
0.005384206771850586
0.0044307708740234375
0.0045850276947021484
0.0030591487884521484
0.0028891563415527344
0.0035638809204101562
0.004273653030395508
0.0050241947174072266
0.004751920700073242
0.004939556121826172
0.0037517547607421875
0.004901409149169922
0.0036211013793945312
0.0029981136322021484
0.003576517105102539
0.006097555160522461
0.004073619842529297
0.003715038299560547
0.003954887390136719
0.00428462028503418
0.003340482711791992
0.0038433074951171875
0.003413558006286621
0.004414558410644531
0.004357337951660156
0.0034341812133789062
0.00304412841796875
0.0046117305755615234
0.003116130828857422
0.003342151641845703
0.0054168701171875
0.004321098327636719
0.003920793533325195
0.004061460494995117
0.003743886947631836
0.004811525344848633
0.0019419193267822266
0.003000497817993164
0.004044055938720703
0.002411484718322754
0.003441333770751953
0.002368927001953125
0.0028734207153320312
0.003699064254760742
0.003963589668273926
0.003961801528930664
0.0027616024017333984
0.002543926239013672
0.0034863948822021484
0.0029833316802978516
0.0026720762252807617
0.0034799575805664062
0.003509521484375
0.0027496814727783203
0.002696514129638672
0.003365039825439453
0.003125429153442383
0.003660917282104492
0.003021717071533203
0.0030968189239501953
0.003091096878051758
0.0027501583099365234
0.0023839473724365234
0.004560947418212891
0.0028531551361083984
0.002737760543823242
0.0025815963745117188
0.003780841827392578
0.0027191638946533203
0.0036466121673583984
0.0033338069915771484
0.0032541751861572266
0.0027599334716796875
0.003860950469970703
0.0019354820251464844
0.0024688243865966797
0.003443002700805664
0.0037517547607421875
0.0030126571655273438
0.0024716854095458984
0.0025281906127929688
0.003100156784057617
0.002512812614440918
0.003016948699951172
0.002688169479370117
0.0029430389404296875
0.003234386444091797
0.003729104995727539
0.0026798248291015625
0.004329204559326172
0.00246429443359375
0.0023779869079589844
0.002651691436767578
0.0030057430267333984
0.0036084651947021484
0.0019598007202148438
0.002003908157348633
0.0029397010803222656
0.0026750564575195312
0.0038428306579589844
0.0028259754180908203
0.0024344921112060547
0.0023331642150878906
0.002835988998413086
0.002115488052368164
0.0019698143005371094
0.0024056434631347656
0.0021212100982666016
0.0026633739471435547
0.0026285648345947266
0.002307891845703125
0.0029036998748779297
0.0025327205657958984
0.0027577877044677734
0.002275228500366211
0.002791881561279297
0.002694845199584961
0.0021033287048339844
0.002875804901123047
0.0019190311431884766
0.0027751922607421875
0.0023953914642333984
0.0029619932174682617
0.001974344253540039
0.0023500919342041016
0.002109527587890625
0.0022423267364501953
0.0030934810638427734
0.0031671524047851562
0.0021648406982421875
0.0020143985748291016
0.002653360366821289
0.0022673606872558594
0.0023276805877685547
0.0023887157440185547
0.002585887908935547
0.0026178359985351562
0.0019404888153076172
0.0018582344055175781
0.002787351608276367
0.0022687911987304688
0.0029158592224121094
0.0022482872009277344
0.0021317005157470703
0.0025606155395507812
0.0028388500213623047
0.0031075477600097656
0.0018267631530761719
0.0016562938690185547
0.0019299983978271484
0.0025339126586914062
0.002124786376953125
0.0016851425170898438
0.0023641586303710938
0.0016751289367675781
0.0018889904022216797
0.0022478103637695312
0.002044677734375
0.0019390583038330078
0.0022940635681152344
0.002135753631591797
0.0022759437561035156
0.0019953250885009766
0.0023736953735351562
0.0018565654754638672
0.0016412734985351562
0.002740621566772461
0.0020139217376708984
0.002493143081665039
0.002365589141845703
0.0018620491027832031
0.0025086402893066406
0.001981019973754883
0.002416849136352539
0.0022513866424560547
0.002304553985595703
0.0017406940460205078
0.002185821533203125
0.0020170211791992188
0.0020656585693359375
0.0027582645416259766
0.002137422561645508
0.002090930938720703
0.0017316341400146484
0.0016207695007324219
0.0021371841430664062
0.0018146038055419922
0.0020639896392822266
0.0017948150634765625
0.0018558502197265625
0.001743316650390625
0.0020630359649658203
0.0018689632415771484
0.0016896724700927734
0.0018963813781738281
0.003599882125854492
0.001852273941040039
0.0019347667694091797
0.0018863677978515625
0.002493143081665039
0.001756906509399414
0.0023534297943115234
0.0018286705017089844
0.0019402503967285156
0.0016787052154541016
0.0014193058013916016
0.0018656253814697266
0.001390695571899414
0.001512765884399414
0.0014889240264892578
0.0013039112091064453
0.0017845630645751953
0.0021088123321533203
0.0025942325592041016
0.0017292499542236328
0.002172231674194336
0.0015063285827636719
0.0018572807312011719
0.0018963813781738281
0.002398967742919922
0.0023109912872314453
0.001482248306274414
0.0018007755279541016
0.0014891624450683594
0.0019066333770751953
0.001781463623046875
0.0011641979217529297
0.002226114273071289
0.0015439987182617188
0.0017893314361572266
0.001613616943359375
0.0013661384582519531
0.0017926692962646484
0.0017418861389160156
0.001491546630859375
0.0016143321990966797
0.0018455982208251953
0.0016448497772216797
0.0013992786407470703
0.001809835433959961
0.0016546249389648438
0.0018007755279541016
0.0021276473999023438
0.0016083717346191406
0.0022122859954833984
0.001779794692993164
0.0019309520721435547
0.0018949508666992188
0.0014591217041015625
0.0016810894012451172
0.002223491668701172
0.002225637435913086
0.001262664794921875
0.0019402503967285156
0.0012688636779785156
0.0019462108612060547
0.0021142959594726562
0.0014824867248535156
0.001329183578491211
0.0013861656188964844
0.0015363693237304688
0.0015735626220703125
0.0014786720275878906
0.0015926361083984375
0.0020198822021484375
0.00153350830078125
0.001844644546508789
0.0012493133544921875
0.0015740394592285156
0.0015482902526855469
0.00188446044921875
0.0019376277923583984
0.0021941661834716797
0.0015797615051269531
0.00191497802734375
0.001251220703125
0.0020537376403808594
0.0014503002166748047
0.0018603801727294922
0.0019376277923583984
0.0016736984252929688
0.0017287731170654297
0.0016524791717529297
0.0017087459564208984
0.0014925003051757812
0.0015120506286621094
0.0019364356994628906
0.0012087821960449219
0.001607060432434082
0.0012011528015136719
0.0012197494506835938
0.0013616085052490234
0.001577615737915039
0.001983165740966797
0.0012404918670654297
0.0013599395751953125
0.0010936260223388672
0.0018224716186523438
0.0015838146209716797
0.0016739368438720703
0.0014557838439941406
0.0017116069793701172
0.002123594284057617
0.0016002655029296875
0.0009653568267822266
0.001096963882446289
0.0012471675872802734
0.0010180473327636719
0.0013086795806884766
0.0012569427490234375
0.001363992691040039
0.0016450881958007812
0.0014941692352294922
0.0013523101806640625
0.0017590522766113281
0.0012602806091308594
0.00150299072265625
0.0020956993103027344
0.001325845718383789
0.002340555191040039
0.001584768295288086
0.0015375614166259766
0.001085042953491211
0.0017697811126708984
0.0013954639434814453
0.0011067390441894531
0.0012154579162597656
0.0011861324310302734
0.001386404037475586
0.0015316009521484375
0.0012776851654052734
0.0013554096221923828
0.0012891292572021484
0.0017056465148925781
0.002185821533203125
0.001802206039428711
0.0011093616485595703
0.0011210441589355469
0.0012373924255371094
0.001766204833984375
0.001674652099609375
0.0012249946594238281
0.0015325546264648438
0.0013861656188964844
0.0013384819030761719
0.0017447471618652344
0.0014691352844238281
0.0012631416320800781
0.0014138221740722656
0.0012240409851074219
0.0016226768493652344
0.001013040542602539
0.0013356208801269531
0.0013506412506103516
0.001344442367553711
0.0011377334594726562
0.0016498565673828125
0.0012400150299072266
0.0015459060668945312
0.0011239051818847656
0.0012454986572265625
0.0012967586517333984
0.0009791851043701172
0.0010292530059814453
0.001556396484375
0.0014023780822753906
0.0011076927185058594
0.0013210773468017578
0.001402139663696289
0.0014290809631347656
0.0010840892791748047
0.0013167858123779297
0.0013363361358642578
0.001276254653930664
0.0015325546264648438
0.0014662742614746094
0.0012977123260498047
0.0012569427490234375
0.0011708736419677734
0.0013489723205566406
0.0017540454864501953
0.0013616085052490234
0.0011525154113769531
0.0013687610626220703
0.0012450218200683594
0.0015904903411865234
0.0010457038879394531
0.0012936592102050781
0.0010671615600585938
0.0015382766723632812
0.0013804435729980469
0.0012929439544677734
0.0012314319610595703
0.0011777877807617188
0.0013344287872314453
0.0011379718780517578
0.001178741455078125
0.0013399124145507812
0.0013034343719482422
0.0012750625610351562
0.0013203620910644531
0.0013399124145507812
0.0012023448944091797
0.0009353160858154297
0.0009493827819824219
0.0011801719665527344
0.0010602474212646484
0.0012388229370117188
0.0013117790222167969
0.0011305809020996094
0.0010929107666015625
0.0013623237609863281
0.0014345645904541016
0.0011386871337890625
0.0015780925750732422
0.0015451908111572266
0.0015971660614013672
0.0012450218200683594
0.0013210773468017578
0.0008697509765625
0.001302957534790039
0.0013382434844970703
0.0010685920715332031
0.0011639595031738281
0.0012156963348388672
0.0011868476867675781
0.0009255409240722656
0.0009582042694091797
0.0016331672668457031
0.0009763240814208984
0.0008795261383056641
0.001142263412475586
0.0013685226440429688
0.0009891986846923828
0.0011813640594482422
0.001252889633178711
0.0012142658233642578
0.0010039806365966797
0.0009701251983642578
0.0011036396026611328
0.0013761520385742188
0.0012004375457763672
0.0014142990112304688
0.0010373592376708984
0.0008916854858398438
0.0012240409851074219
0.0009014606475830078
0.0015118122100830078
0.0010750293731689453
0.0011184215545654297
0.000997781753540039
0.0011661052703857422
0.0013113021850585938
0.001214742660522461
0.001331329345703125
0.001383066177368164
0.0009667873382568359
0.001321554183959961
0.0012288093566894531
0.0010898113250732422
0.0009639263153076172
0.001230478286743164
0.0012750625610351562
0.0007233619689941406
0.0013706684112548828
0.001191854476928711
0.0012598037719726562
0.0009114742279052734
0.0013196468353271484
0.0008625984191894531
0.0008862018585205078
0.0012121200561523438
0.0012087821960449219
0.00185394287109375
0.001132965087890625
0.001056671142578125
0.0010633468627929688
0.0012884140014648438
0.0010836124420166016
0.0012698173522949219
0.0009694099426269531
0.0009784698486328125
0.0008704662322998047
0.0009603500366210938
0.0012638568878173828
0.0011472702026367188
0.0008137226104736328
0.0011827945709228516
0.0007307529449462891
0.0011336803436279297
0.0007748603820800781
0.0009598731994628906
0.001239776611328125
0.0010960102081298828
0.0011496543884277344
0.0009829998016357422
0.0011589527130126953
0.0014858245849609375
0.0011029243469238281
0.000888824462890625
0.00136566162109375
0.0009295940399169922
0.0012319087982177734
0.0012562274932861328
0.0011093616485595703
0.0010132789611816406
0.0011093616485595703
0.0014421939849853516
0.0007646083831787109
0.0009627342224121094
0.0011773109436035156
0.000720977783203125
0.0007383823394775391
0.001272439956665039
0.000978231430053711
0.0008280277252197266
0.0008542537689208984
0.0012898445129394531
0.0009572505950927734
0.0011720657348632812
0.0007460117340087891
0.0009202957153320312
0.0007050037384033203
0.0012485980987548828
0.0012004375457763672
0.000858306884765625
0.000873565673828125
0.0013229846954345703
0.0009922981262207031
0.0012059211730957031
0.0014917850494384766
0.0011157989501953125
0.0007152557373046875
0.0013852119445800781
0.0010998249053955078
0.0010445117950439453
0.0009467601776123047
0.0008418560028076172
0.0008676052093505859
0.0012290477752685547
0.0008847713470458984
0.000835418701171875
0.0011789798736572266
0.0009472370147705078
0.0012044906616210938
0.0010714530944824219
0.0007169246673583984
0.0008540153503417969
0.0011663436889648438
0.0008115768432617188
0.0013382434844970703
0.0008287429809570312
0.0010790824890136719
0.0008039474487304688
0.0009851455688476562
0.0008633136749267578
0.0007839202880859375
0.0008854866027832031
0.0008673667907714844
0.0011012554168701172
0.0007410049438476562
0.0008790493011474609
0.0008180141448974609
0.0010898113250732422
0.0009777545928955078
0.0010683536529541016
0.0008854866027832031
0.0008642673492431641
0.0010442733764648438
0.0008623600006103516
0.0007259845733642578
0.0009305477142333984
0.0008404254913330078
0.0007724761962890625
0.0006887912750244141
0.0007214546203613281
0.00101470947265625
0.0012536048889160156
0.0011746883392333984
0.0010154247283935547
0.0009818077087402344
0.0010619163513183594
0.0009808540344238281
0.0009140968322753906
0.0008218288421630859
0.0006279945373535156
0.0009546279907226562
0.0010573863983154297
0.0008702278137207031
0.0006892681121826172
0.001142263412475586
0.001219034194946289
0.0008924007415771484
0.0013806819915771484
0.001276254653930664
0.00081634521484375
0.0007781982421875
0.0006008148193359375
0.0009942054748535156
0.0009398460388183594
0.0008459091186523438
0.0008294582366943359
0.0009801387786865234
0.0007448196411132812
0.0006945133209228516
0.0010035037994384766
0.0010211467742919922
0.0010478496551513672
0.0008530616760253906
0.0008296966552734375
0.0008676052093505859
0.0007784366607666016
0.0008280277252197266
0.0009984970092773438
0.0007238388061523438
0.0013344287872314453
0.0005810260772705078
0.0006015300750732422
0.0015697479248046875
0.0008242130279541016
0.001361846923828125
0.0007154941558837891
0.0012960433959960938
0.0009791851043701172
0.0009834766387939453
0.0007917881011962891
0.0008234977722167969
0.0005548000335693359
0.0008697509765625
0.0008602142333984375
0.001087188720703125
0.0007491111755371094
0.0010037422180175781
0.0005803108215332031
0.0012097358703613281
0.0008428096771240234
0.0008130073547363281
0.0011372566223144531
0.0006096363067626953
0.0008418560028076172
0.0008945465087890625
0.000782012939453125
0.0008554458618164062
0.0007598400115966797
0.0006363391876220703
0.0008969306945800781
0.0007212162017822266
0.0006961822509765625
0.0009684562683105469
0.0009434223175048828
0.0009276866912841797
0.0007221698760986328
0.000720977783203125
0.0012116432189941406
0.0008380413055419922
0.0007672309875488281
0.0011851787567138672
0.0007898807525634766
0.0011262893676757812
0.0009324550628662109
0.0007836818695068359
0.0008356571197509766
0.0010974407196044922
0.000978231430053711
0.0007166862487792969
0.0007200241088867188
0.001088857650756836
0.0008103847503662109
0.0004851818084716797
0.0007679462432861328
0.00077056884765625
0.0006780624389648438
0.0009005069732666016
0.0012116432189941406
0.0009233951568603516
0.0007152557373046875
0.0008785724639892578
0.0012187957763671875
0.0009360313415527344
0.0009591579437255859
0.0008695125579833984
0.0009288787841796875
0.0009136199951171875
0.0007162094116210938
0.001024007797241211
0.0008134841918945312
0.0008902549743652344
0.0006124973297119141
0.0009348392486572266
0.0007219314575195312
0.0007641315460205078
0.0006966590881347656
0.000701904296875
0.0006508827209472656
0.0007398128509521484
0.0009744167327880859
0.0006248950958251953
0.0008656978607177734
0.0006177425384521484
0.0006232261657714844
0.0005235671997070312
0.0010006427764892578
0.0006442070007324219
0.0006232261657714844
0.0007977485656738281
0.00121307373046875
0.0005590915679931641
0.000919342041015625
0.0006957054138183594
0.0008149147033691406
0.0007433891296386719
0.0005459785461425781
0.001062154769897461
0.0006184577941894531
0.0008931159973144531
0.0006508827209472656
0.000988006591796875
0.0006401538848876953
0.0008244514465332031
0.0008349418640136719
0.0008835792541503906
0.0008552074432373047
0.00092315673828125
0.0009319782257080078
0.0010058879852294922
0.0007078647613525391
0.0008385181427001953
0.0006628036499023438
0.0006794929504394531
0.0010237693786621094
0.0008161067962646484
0.0007176399230957031
0.0008878707885742188
0.0007855892181396484
0.0007970333099365234
0.0008327960968017578
0.0010478496551513672
0.0007176399230957031
0.0009169578552246094
0.0005519390106201172
0.0010075569152832031
0.0007870197296142578
0.0007412433624267578
0.00069427490234375
0.0006651878356933594
0.0007293224334716797
0.0008819103240966797
0.0010826587677001953
0.0008213520050048828
0.0008602142333984375
0.0005450248718261719
0.0007646083831787109
0.0006411075592041016
0.0008375644683837891
0.00104522705078125
0.0007979869842529297
0.0005030632019042969
0.0006134510040283203
0.0008761882781982422
0.0006074905395507812
0.0005865097045898438
0.0006940364837646484
0.0007684230804443359
0.0006635189056396484
0.0009031295776367188
0.0007119178771972656
0.0008282661437988281
0.0006589889526367188
0.0006129741668701172
0.0005359649658203125
0.0007195472717285156
0.001033782958984375
0.0008451938629150391
0.0006744861602783203
0.0009002685546875
0.0010941028594970703
0.0006768703460693359
0.0007655620574951172
0.000507354736328125
0.0007345676422119141
0.0007395744323730469
0.0009953975677490234
0.0005810260772705078
0.0007381439208984375
0.0005972385406494141
0.000812530517578125
0.0008971691131591797
0.000682830810546875
0.0007042884826660156
0.0007960796356201172
0.0006856918334960938
0.0008492469787597656
0.0009164810180664062
0.0006887912750244141
0.0005843639373779297
0.0007898807525634766
0.0006017684936523438
0.0007612705230712891
0.0006875991821289062
0.0006306171417236328
0.0008676052093505859
0.0006814002990722656
0.0008463859558105469
0.000640869140625
0.0006666183471679688
0.0008091926574707031
0.0005943775177001953
0.0006988048553466797
0.0007197856903076172
0.0005712509155273438
0.0007035732269287109
0.0005824565887451172
0.0007915496826171875
0.0007898807525634766
0.0006437301635742188
0.0005896091461181641
0.000732421875
0.0006518363952636719
0.0007917881011962891
0.0006940364837646484
0.0006630420684814453
0.0011069774627685547
0.0006673336029052734
0.0008969306945800781
0.0007917881011962891
0.0006992816925048828
0.0008416175842285156
0.0007936954498291016
0.0006382465362548828
0.0005896091461181641
0.0004761219024658203
0.0008022785186767578
0.0008158683776855469
0.0007090568542480469
0.0007047653198242188
0.0006761550903320312
0.0004546642303466797
0.0008237361907958984
0.0007543563842773438
0.0004773139953613281
0.0006527900695800781
0.0006592273712158203
0.0006937980651855469
0.0006477832794189453
0.0008261203765869141
0.0006690025329589844
0.0006327629089355469
0.0004763603210449219
0.0007600784301757812
0.0007383823394775391
0.0005753040313720703
0.0006372928619384766
0.0005855560302734375
0.0010225772857666016
0.0006442070007324219
0.0007283687591552734
0.0006704330444335938
0.0007331371307373047
0.0006949901580810547
0.0006055831909179688
0.0009970664978027344
0.0008733272552490234
0.0006375312805175781
0.0005409717559814453
0.0006263256072998047
0.0008244514465332031
0.0007963180541992188
0.0006773471832275391
0.0006823539733886719
0.0006442070007324219
0.0006594657897949219
0.0006258487701416016
0.0008406639099121094
0.0005927085876464844
0.0005109310150146484
0.0007843971252441406
0.0006785392761230469
0.0007996559143066406
0.0005435943603515625
0.0009052753448486328
0.0006411075592041016
0.0006804466247558594
0.0006563663482666016
0.0007436275482177734
0.0005562305450439453
0.0007295608520507812
0.0009610652923583984
0.0006501674652099609
0.0007469654083251953
0.0006046295166015625
0.0006458759307861328
0.0009675025939941406
0.0006742477416992188
0.00038886070251464844
0.0007975101470947266
0.0006685256958007812
0.0006515979766845703
0.0006096363067626953
0.0005555152893066406
0.000530242919921875
0.0005733966827392578
0.0005745887756347656
0.0006697177886962891
0.0006589889526367188
0.0007429122924804688
0.0008413791656494141
0.0008060932159423828
0.0006668567657470703
0.0004563331604003906
0.00046443939208984375
0.0008862018585205078
0.0008807182312011719
0.0005319118499755859
0.0006651878356933594
0.0008339881896972656
0.0006225109100341797
0.0006806850433349609
0.0006597042083740234
0.0005936622619628906
0.00039315223693847656
0.0006124973297119141
0.0005390644073486328
0.0005731582641601562
0.0006053447723388672
0.0005328655242919922
0.0006740093231201172
0.0007085800170898438
0.0007770061492919922
0.000614166259765625
0.0007765293121337891
0.0006208419799804688
0.0003638267517089844
0.00045108795166015625
0.0006563663482666016
0.0005033016204833984
0.001049041748046875
0.0006763935089111328
0.0007412433624267578
0.000667572021484375
0.0004439353942871094
0.0005636215209960938
0.0005071163177490234
0.0006711483001708984
0.0007359981536865234
0.0007073879241943359
0.0006937980651855469
0.0006809234619140625
0.0008220672607421875
0.00047779083251953125
0.0005691051483154297
0.0007195472717285156
0.0006697177886962891
0.0006873607635498047
0.0004093647003173828
0.0006330013275146484
0.0008339881896972656
0.00046443939208984375
0.0008244514465332031
0.0006353855133056641
0.0006518363952636719
0.0005352497100830078
0.0004544258117675781
0.0005426406860351562
0.0009195804595947266
0.0007340908050537109
0.0005619525909423828
0.0006330013275146484
0.0005869865417480469
0.0005061626434326172
0.0005631446838378906
0.0005590915679931641
0.0006306171417236328
0.0005319118499755859
0.0006093978881835938
0.0008494853973388672
0.0005095005035400391
0.0006299018859863281
0.0005583763122558594
0.0005857944488525391
0.0005207061767578125
0.0006775856018066406
0.0005202293395996094
0.0004925727844238281
0.0007066726684570312
0.0006325244903564453
0.000682830810546875
0.0007696151733398438
0.0005507469177246094
0.0004892349243164062
0.0007605552673339844
0.00047707557678222656
0.00057220458984375
0.0009388923645019531
0.0005276203155517578
0.0005037784576416016
0.0007441043853759766
0.0006310939788818359
0.0006899833679199219
0.0005934238433837891
0.000797271728515625
0.0005171298980712891
0.00047707557678222656
0.0004067420959472656
0.0005426406860351562
0.0006053447723388672
0.0007035732269287109
0.0006110668182373047
0.0006322860717773438
0.0005211830139160156
0.0004858970642089844
0.0005221366882324219
0.0005977153778076172
0.0005495548248291016
0.0005550384521484375
0.0006380081176757812
0.0007750988006591797
0.0006620883941650391
0.0008680820465087891
0.0006103515625
0.0008153915405273438
0.0006222724914550781
0.0006296634674072266
0.00047707557678222656
0.0005955696105957031
0.0005960464477539062
0.0005896091461181641
0.0006365776062011719
0.0004029273986816406
0.00043702125549316406
0.0007467269897460938
0.0005400180816650391
0.0005781650543212891
0.0005190372467041016
0.0005636215209960938
0.0005090236663818359
0.0005087852478027344
0.0007352828979492188
0.00040531158447265625
0.0004875659942626953
0.0005738735198974609
0.0004451274871826172
0.0005514621734619141
0.0005240440368652344
0.00045108795166015625
0.0006775856018066406
0.0005795955657958984
0.0003924369812011719
0.000644683837890625
0.0006735324859619141
0.0007381439208984375
0.0004565715789794922
0.0005943775177001953
0.00040221214294433594
0.0007212162017822266
0.0008180141448974609
0.0004940032958984375
0.0005924701690673828
0.0007774829864501953
0.00047779083251953125
0.0006420612335205078
0.0005853176116943359
0.0005950927734375
0.0006048679351806641
0.00046515464782714844
0.0005056858062744141
0.0007874965667724609
0.0004818439483642578
0.0005245208740234375
0.0006437301635742188
0.0005438327789306641
0.0005033016204833984
0.0005323886871337891
0.0006639957427978516
0.0006349086761474609
0.0004642009735107422
0.0004703998565673828
0.0004839897155761719
0.0004553794860839844
0.0004253387451171875
0.0007479190826416016
0.000576019287109375
0.0005571842193603516
0.0006139278411865234
0.000545501708984375
0.0004143714904785156
0.00039315223693847656
0.0005180835723876953
0.0007495880126953125
0.0004870891571044922
0.0005736351013183594
0.0005891323089599609
0.0005550384521484375
0.0005717277526855469
0.0005741119384765625
0.0005159378051757812
0.0004601478576660156
0.0006039142608642578
0.0006420612335205078
0.0005564689636230469
0.0005803108215332031
0.0006527900695800781
0.0005571842193603516
0.0007028579711914062
0.00072479248046875
0.0006034374237060547
0.0003635883331298828
0.0007350444793701172
0.0005316734313964844
0.0006842613220214844
0.0005090236663818359
0.0006592273712158203
0.0005240440368652344
0.0005524158477783203
0.0006649494171142578
0.00046944618225097656
0.0004684925079345703
0.0004436969757080078
0.0006079673767089844
0.00046133995056152344
0.0006320476531982422
0.0005428791046142578
0.0006985664367675781
0.0005898475646972656
0.0004630088806152344
0.0004074573516845703
0.0005161762237548828
0.0005440711975097656
0.0004115104675292969
0.0005826950073242188
0.0004773139953613281
0.000438690185546875
0.0007836818695068359
0.0005681514739990234
0.0005383491516113281
0.0005443096160888672
0.0005688667297363281
0.0006759166717529297
0.0005319118499755859
0.0005517005920410156
0.0005083084106445312
0.0003733634948730469
0.0005900859832763672
0.0003795623779296875
0.0006611347198486328
0.00040149688720703125
0.0005407333374023438
0.0004534721374511719
0.0005826950073242188
0.0005433559417724609
0.0004982948303222656
0.0004885196685791016
0.0007555484771728516
0.0005137920379638672
0.00031876564025878906
0.0005242824554443359
0.0007274150848388672
0.0005335807800292969
0.0006060600280761719
0.0006184577941894531
0.00034236907958984375
0.0005142688751220703
0.0005459785461425781
0.0004909038543701172
0.000438690185546875
0.0005962848663330078
0.0005257129669189453
0.0006992816925048828
0.0005924701690673828
0.0004584789276123047
0.0005307197570800781
0.0004878044128417969
0.0005083084106445312
0.0006291866302490234
0.0005435943603515625
0.0003287792205810547
0.0005657672882080078
0.0006344318389892578
0.0005269050598144531
0.0006625652313232422
0.0006263256072998047
0.0005013942718505859
0.0004591941833496094
0.00038933753967285156
0.00048470497131347656
0.00064849853515625
0.0006291866302490234
0.0003879070281982422
0.0004730224609375
0.0005047321319580078
0.0004336833953857422
0.0004723072052001953
0.0005764961242675781
0.00046324729919433594
0.0004596710205078125
0.0006279945373535156
0.0004055500030517578
0.0006375312805175781
0.0005886554718017578
0.0005548000335693359
0.0005633831024169922
0.0004975795745849609
0.0005297660827636719
0.00064849853515625
0.0004525184631347656
0.0005488395690917969
0.00043582916259765625
0.0003662109375
0.00045752525329589844
0.00045418739318847656
0.0004620552062988281
0.00042176246643066406
0.0004436969757080078
0.0006122589111328125
0.0005521774291992188
0.0006113052368164062
0.0008168220520019531
0.0005323886871337891
0.0006678104400634766
0.0004646778106689453
0.0006077289581298828
0.0004999637603759766
0.0004012584686279297
0.0005300045013427734
0.0005931854248046875
0.0006210803985595703
0.0005958080291748047
0.0005540847778320312
0.0005338191986083984
0.00035452842712402344
0.0005319118499755859
0.0005552768707275391
0.00032067298889160156
0.0003688335418701172
0.0004076957702636719
0.0004143714904785156
0.0004127025604248047
0.0006647109985351562
0.0003695487976074219
0.0003578662872314453
0.0004429817199707031
0.0005040168762207031
0.0004239082336425781
0.0004837512969970703
0.0006711483001708984
0.00039267539978027344
0.0006110668182373047
0.00037288665771484375
0.0005559921264648438
0.00043463706970214844
0.0004391670227050781
0.00042057037353515625
0.0005433559417724609
0.0004031658172607422
0.00037407875061035156
0.0005216598510742188
0.00046372413635253906
0.0004220008850097656
0.00041961669921875
0.0005357265472412109
0.0004074573516845703
0.0004734992980957031
0.0005564689636230469
0.0006005764007568359
0.0006201267242431641
0.0004742145538330078
0.0005891323089599609
0.0005590915679931641
0.0006334781646728516
0.0005135536193847656
0.000469207763671875
0.0006284713745117188
0.00037407875061035156
0.0005018711090087891
0.0004222393035888672
0.0003590583801269531
0.00047779083251953125
0.0005161762237548828
0.0006487369537353516
0.0003650188446044922
0.00035834312438964844
0.00040435791015625
0.0004520416259765625
0.0005452632904052734
0.0003604888916015625
0.0004940032958984375
0.0006158351898193359
0.0005562305450439453
0.0005006790161132812
0.0005087852478027344
0.0005173683166503906
0.00032448768615722656
0.0003998279571533203
0.00042891502380371094
0.0005710124969482422
0.00038909912109375
0.0006182193756103516
0.0005848407745361328
0.0007882118225097656
0.00040411949157714844
0.0005056858062744141
0.000331878662109375
0.0003714561462402344
0.0005252361297607422
0.00044846534729003906
0.0004401206970214844
0.0006384849548339844
0.0004987716674804688
0.00066375732421875
0.0004210472106933594
0.0004024505615234375
0.0003578662872314453
0.0003979206085205078
0.00042700767517089844
0.0005729198455810547
0.0003840923309326172
0.0006093978881835938
0.00044608116149902344
0.0004487037658691406
0.0004222393035888672
0.00044846534729003906
0.0005099773406982422
0.00036454200744628906
0.0005593299865722656
0.0003936290740966797
0.0005574226379394531
0.0005059242248535156
0.0004999637603759766
0.0003561973571777344
0.0004820823669433594
0.0004901885986328125
0.0003437995910644531
0.000446319580078125
0.00047206878662109375
0.0005998611450195312
0.0005228519439697266
0.0004506111145019531
0.0005605220794677734
0.0006093978881835938
0.0004849433898925781
0.00042510032653808594
0.0004374980926513672
0.0003662109375
0.0005064010620117188
0.00046753883361816406
0.0004680156707763672
0.0004379749298095703
0.0003364086151123047
0.0005905628204345703
0.00043845176696777344
0.0005197525024414062
0.0005135536193847656
0.00041365623474121094
0.0003952980041503906
0.0003764629364013672
0.00043392181396484375
0.00046634674072265625
0.0003387928009033203
0.0005099773406982422
0.00033211708068847656
0.0002579689025878906
0.0004551410675048828
0.0005233287811279297
0.0005376338958740234
0.0004951953887939453
0.0005021095275878906
0.0005729198455810547
0.00047087669372558594
0.0006012916564941406
0.00046634674072265625
0.0003952980041503906
0.0004248619079589844
0.0005793571472167969
0.0003044605255126953
0.0007188320159912109
0.0005254745483398438
0.0005388259887695312
0.00031256675720214844
0.0004916191101074219
0.0003762245178222656
0.0005669593811035156
0.0003752708435058594
0.0005369186401367188
0.00037407875061035156
0.0005471706390380859
0.0005240440368652344
0.000400543212890625
0.0006289482116699219
0.0003952980041503906
0.0005450248718261719
0.00036835670471191406
0.0005476474761962891
0.0003769397735595703
0.0005090236663818359
0.00043272972106933594
0.0004410743713378906
0.0005075931549072266
0.00037741661071777344
0.0003933906555175781
0.00046062469482421875
0.000354766845703125
0.0004649162292480469
0.0005185604095458984
0.00039768218994140625
0.0003948211669921875
0.0004944801330566406
0.0004811286926269531
0.00034809112548828125
0.0005464553833007812
0.0005505084991455078
0.0003364086151123047
0.0005059242248535156
0.00030231475830078125
0.000335693359375
