325.1370439529419
322.47372579574585
321.56504583358765
320.4600284099579
319.59788370132446
320.31183648109436
319.96717143058777
319.19422674179077
319.3457989692688
317.6375255584717
318.9291582107544
317.91458678245544
305.0221710205078
263.6544305086136
220.93606960773468
190.3485830426216
165.68214136362076
126.37497079372406
107.53848338127136
84.87805625796318
73.26679721474648
61.26189014315605
42.10756075382233
38.37927949428558
35.585634768009186
34.00068259239197
33.85287034511566
36.5431704223156
33.33454316854477
19.29055893421173
17.85815104842186
21.11375766992569
19.781589567661285
22.387707889080048
10.711837947368622
12.751537203788757
1.0489434599876404
6.267388164997101
16.518021643161774
11.473724901676178
6.108844816684723
10.507667362689972
33.71608838438988
2.907801181077957
14.09168827533722
5.092142224311829
6.494067549705505
1.6297664642333984
10.452256321907043
4.1300660371780396
2.7906227707862854
0.08419477939605713
0.0960385799407959
0.022399425506591797
0.011309027671813965
0.02050471305847168
0.017543911933898926
0.020134449005126953
0.012187004089355469
0.0132216215133667
0.009709715843200684
0.009521961212158203
0.006826639175415039
0.01445925235748291
0.007304787635803223
0.011093616485595703
0.00601041316986084
0.00520014762878418
0.005459904670715332
0.0021224021911621094
0.004304766654968262
0.0030689239501953125
0.0037772655487060547
0.00446772575378418
0.002332925796508789
0.005671262741088867
0.0029674768447875977
0.0028895139694213867
0.0017504692077636719
0.002166271209716797
0.0028995275497436523
0.0035861730575561523
0.004037141799926758
0.0019030570983886719
0.002232670783996582
0.002556324005126953
0.0016421079635620117
0.002992868423461914
0.002912759780883789
0.0028972625732421875
0.0018676519393920898
0.00205230712890625
0.0024843215942382812
0.006025075912475586
0.0022919178009033203
0.0023843050003051758
0.001637101173400879
0.0022382736206054688
0.0020371675491333008
0.0019741058349609375
0.0016323328018188477
0.002199530601501465
0.0015170574188232422
0.002431154251098633
0.0019954442977905273
0.001684427261352539
0.0014699697494506836
0.0013623237609863281
0.0013782978057861328
0.0023331642150878906
0.0012590885162353516
0.0010999441146850586
0.0012650489807128906
0.0015418529510498047
0.001008749008178711
0.0013959407806396484
0.0014785528182983398
0.0013636350631713867
0.0013630390167236328
0.0010203123092651367
0.0011105537414550781
0.0014671087265014648
0.001132965087890625
0.001448988914489746
0.0014824867248535156
0.0011974573135375977
0.0018048286437988281
0.0008819103240966797
0.0015183687210083008
0.0013271570205688477
0.0014679431915283203
0.0010762214660644531
0.0008945465087890625
0.0009844303131103516
0.0009745359420776367
0.0005602836608886719
0.0012847185134887695
0.001183152198791504
0.0006375312805175781
0.001064300537109375
0.0010123252868652344
0.0007672309875488281
0.0010668039321899414
0.0008065700531005859
0.0008859634399414062
0.00084686279296875
0.0006387233734130859
0.0010819435119628906
0.0015026330947875977
0.0010852813720703125
0.0011374950408935547
0.0006477832794189453
0.0007393360137939453
0.0008976459503173828
0.0012149810791015625
0.0005599260330200195
0.0006928443908691406
0.0009932518005371094
0.0008556842803955078
0.0013251304626464844
0.0012197494506835938
0.0011353492736816406
0.00047969818115234375
0.0008221864700317383
0.0008484125137329102
0.0009365081787109375
0.00087738037109375
0.0007112026214599609
0.0009014606475830078
0.0006108283996582031
0.0007033348083496094
0.0008895397186279297
0.0007176399230957031
0.0007119178771972656
0.0006983280181884766
0.0008678436279296875
0.0006171464920043945
0.0008492469787597656
0.0006656646728515625
0.0007207393646240234
0.0007455348968505859
0.000685572624206543
0.0007419586181640625
0.0009261369705200195
0.0009753704071044922
0.00048232078552246094
0.0005650520324707031
0.0006171464920043945
0.000836491584777832
0.0006031990051269531
0.0005383491516113281
0.0008161067962646484
0.0008854866027832031
0.0010445117950439453
0.0005350112915039062
0.00040435791015625
0.0005850791931152344
0.0006654262542724609
0.0004788637161254883
0.0006604194641113281
0.0007588863372802734
0.0005156993865966797
0.0008697509765625
0.0006910562515258789
0.0003724098205566406
0.0009586811065673828
0.0012969970703125
0.0007472038269042969
0.0004913806915283203
0.00043010711669921875
0.0006136894226074219
0.0005280971527099609
0.0006172657012939453
0.0006048679351806641
0.0006031990051269531
0.0005484819412231445
0.0006003379821777344
0.0005242824554443359
0.0005664825439453125
0.00035202503204345703
0.0005040168762207031
0.0009505748748779297
0.0008080005645751953
0.0008498430252075195
0.000713348388671875
0.0006031990051269531
0.0004805326461791992
0.0004673004150390625
0.0005178451538085938
0.0005166530609130859
0.0005488395690917969
0.0004172325134277344
0.0005834102630615234
0.0005071163177490234
0.0004898309707641602
0.00055694580078125
0.0007402896881103516
0.00038552284240722656
0.0004489421844482422
0.00039315223693847656
0.0006046295166015625
0.0005538463592529297
0.0005033016204833984
0.0005326271057128906
0.0006399154663085938
0.0002818107604980469
0.00047266483306884766
0.0005496740341186523
0.00054931640625
0.0005395412445068359
0.00035452842712402344
0.0007874965667724609
0.0004417896270751953
0.0006222724914550781
0.000362396240234375
0.0003762245178222656
0.0010869503021240234
0.00051116943359375
0.0005326271057128906
0.0006923675537109375
0.0006425380706787109
0.0003027915954589844
0.0006666183471679688
0.0004851818084716797
0.0003979206085205078
0.00044548511505126953
0.0005319118499755859
0.00038552284240722656
0.0006353855133056641
0.0004749298095703125
0.0003676414489746094
0.0004724264144897461
0.00030922889709472656
0.0004024505615234375
0.0005919933319091797
0.00040340423583984375
0.0003819465637207031
0.0005979537963867188
0.0008037090301513672
0.0005466938018798828
0.0005123615264892578
0.0006163120269775391
0.000644683837890625
0.00039386749267578125
0.00032782554626464844
0.00033974647521972656
0.0006138086318969727
0.00026786327362060547
0.0004298686981201172
0.0007090568542480469
0.0003758668899536133
0.00044989585876464844
0.0009012222290039062
0.00055694580078125
0.0004968643188476562
0.0005910396575927734
0.0003216266632080078
0.00021255016326904297
0.0004191398620605469
0.0006177425384521484
0.00036406517028808594
0.0002200603485107422
0.00045752525329589844
0.00043320655822753906
0.00029158592224121094
0.0002582073211669922
0.0002703666687011719
0.000601649284362793
0.00040030479431152344
0.0002961158752441406
0.000522613525390625
0.0003325939178466797
0.00038170814514160156
0.0003771781921386719
0.0007562637329101562
0.00036334991455078125
0.0004360675811767578
0.0003006458282470703
0.0005280971527099609
0.0006949901580810547
0.00035858154296875
0.00039958953857421875
0.00025391578674316406
0.0004107952117919922
0.0002779960632324219
0.0005524158477783203
0.0004019737243652344
0.0004622936248779297
0.00024962425231933594
0.0007228851318359375
0.0005466938018798828
0.00086212158203125
0.0003790855407714844
0.0004086494445800781
0.0003032684326171875
0.00047469139099121094
0.0003039836883544922
0.00022745132446289062
0.0003154277801513672
0.00030982494354248047
0.0005650520324707031
0.0003848075866699219
0.0004096031188964844
0.00033545494079589844
0.000339508056640625
0.0003142356872558594
0.00036716461181640625
0.0004000663757324219
0.00039315223693847656
0.0005047321319580078
0.00044035911560058594
0.000484466552734375
0.0005878210067749023
0.0003402233123779297
0.0004062652587890625
0.0003216266632080078
0.00021958351135253906
0.000339508056640625
0.00038623809814453125
0.0003457069396972656
0.00046133995056152344
0.00031948089599609375
0.0003523826599121094
0.0004799365997314453
0.00034308433532714844
0.0004973411560058594
0.00025773048400878906
0.0003027915954589844
0.0004451274871826172
0.00039315223693847656
0.0005440711975097656
0.0003414154052734375
0.00034356117248535156
0.0005102157592773438
0.00030040740966796875
0.00060272216796875
0.0005769729614257812
0.0005848407745361328
0.0004265308380126953
0.00045609474182128906
0.00035691261291503906
0.0005888938903808594
0.0003459453582763672
0.0003688335418701172
0.00023746490478515625
0.00019502639770507812
0.00030803680419921875
0.00030994415283203125
0.00024771690368652344
0.0002601146697998047
0.000179290771484375
0.00031638145446777344
0.0005099773406982422
0.0003235340118408203
0.00031566619873046875
0.00031185150146484375
0.0004444122314453125
0.00035762786865234375
0.0002529621124267578
0.0003876686096191406
0.0004105567932128906
0.00028896331787109375
0.00032591819763183594
0.0002446174621582031
0.0003972053527832031
0.00044918060302734375
0.0005767345428466797
0.00037276744842529297
0.0004825592041015625
0.00026702880859375
0.00034546852111816406
0.0004222393035888672
0.0003790855407714844
0.00029397010803222656
0.000331878662109375
0.0004096031188964844
0.0003407001495361328
0.0003247261047363281
0.0005331039428710938
0.00035691261291503906
0.0003707408905029297
0.0006132125854492188
0.00029778480529785156
0.00033974647521972656
0.0005021095275878906
0.0002117156982421875
0.00039315223693847656
0.00042891502380371094
0.00021028518676757812
0.00026106834411621094
0.0002429485321044922
0.00034546852111816406
0.00025653839111328125
0.000423431396484375
0.0004150867462158203
0.00034689903259277344
0.00033855438232421875
0.0004024505615234375
0.0002499818801879883
0.0002460479736328125
0.0002582073211669922
0.00035262107849121094
0.00026726722717285156
0.00024700164794921875
0.0002453327178955078
0.0004553794860839844
0.00044155120849609375
0.0003714561462402344
0.0003085136413574219
0.0002875328063964844
0.00045800209045410156
0.00031638145446777344
0.00031447410583496094
0.00030922889709472656
0.0004105567932128906
0.00029349327087402344
0.0003122091293334961
0.0003666877746582031
0.0002722740173339844
0.00015616416931152344
0.0002961158752441406
0.0003647804260253906
0.0002853870391845703
0.00032138824462890625
0.00029206275939941406
0.0002982616424560547
0.0003924369812011719
0.0001850128173828125
0.0002663135528564453
0.0006916522979736328
0.0003952980041503906
0.0003311634063720703
0.0003859996795654297
0.0002849102020263672
0.00034546852111816406
0.0004520416259765625
0.0003380775451660156
0.0003275871276855469
0.00024068355560302734
0.00038909912109375
0.0002396106719970703
0.00032067298889160156
0.0002682209014892578
0.0003705024719238281
0.0003037452697753906
0.00045108795166015625
0.0002651214599609375
0.0005490779876708984
0.00023174285888671875
0.00021767616271972656
0.0003170967102050781
0.0002715587615966797
0.00039768218994140625
0.00031304359436035156
0.0005893707275390625
0.0005030632019042969
0.0002448558807373047
0.0002999305725097656
0.00032806396484375
0.00025963783264160156
0.00025272369384765625
0.00026702880859375
0.0002982616424560547
0.00029754638671875
0.00025534629821777344
0.0003311634063720703
0.00028705596923828125
0.0002772808074951172
0.0004322528839111328
0.00024247169494628906
0.0003638267517089844
0.00018906593322753906
0.0002415180206298828
0.0006513595581054688
0.00031948089599609375
0.0003311634063720703
0.0002491474151611328
0.0003108978271484375
0.0002987384796142578
0.0003879070281982422
0.0001575946807861328
0.0003123283386230469
0.00032138824462890625
0.0003254413604736328
0.00033664703369140625
0.00028824806213378906
0.00017786026000976562
0.0002086162567138672
0.0003211498260498047
0.0003879070281982422
0.0002269744873046875
0.00023865699768066406
0.0002777576446533203
0.0003314018249511719
0.00032901763916015625
0.0004184246063232422
0.00032711029052734375
0.0005338191986083984
0.00025177001953125
0.00037384033203125
0.00034689903259277344
0.00021004676818847656
0.00029397010803222656
0.00024199485778808594
0.0003108978271484375
0.00020933151245117188
0.00044989585876464844
0.0003695487976074219
0.0005650520324707031
0.00018310546875
0.00042247772216796875
0.0003693103790283203
0.0003821849822998047
0.0002894401550292969
0.0003581047058105469
0.00022840499877929688
0.0003287792205810547
0.00021600723266601562
0.0004532337188720703
0.0002601146697998047
0.0005657672882080078
0.0001583099365234375
0.0003879070281982422
0.0002601146697998047
0.0002498626708984375
0.00024580955505371094
0.00021338462829589844
0.00021076202392578125
0.000484466552734375
0.0001685619354248047
0.0002713203430175781
0.0001437664031982422
0.0003600120544433594
0.00023317337036132812
0.0002434253692626953
0.00031065940856933594
0.0002300739288330078
0.00017189979553222656
0.00016999244689941406
0.0003485679626464844
0.0002560615539550781
0.00038623809814453125
0.0003483295440673828
0.00020384788513183594
0.0002791881561279297
0.00032901763916015625
0.00020933151245117188
0.0002665519714355469
0.0002732276916503906
0.00042247772216796875
0.0003352165222167969
0.0002589225769042969
0.000392913818359375
0.00026607513427734375
0.0004513263702392578
0.0002455711364746094
0.0002586841583251953
0.0002162456512451172
0.00029730796813964844
0.00026917457580566406
0.00023674964904785156
0.00035309791564941406
0.00019359588623046875
0.00022935867309570312
0.00029730796813964844
0.00027060508728027344
0.00020265579223632812
0.0003399848937988281
0.0004227161407470703
0.00043201446533203125
0.00022530555725097656
0.00029587745666503906
0.00020074844360351562
0.0003795623779296875
0.0002467632293701172
0.00016808509826660156
0.000217437744140625
0.0003039836883544922
0.00020170211791992188
0.00032448768615722656
0.00019884109497070312
0.0002613067626953125
0.0002856254577636719
0.0003592967987060547
0.0003960132598876953
0.0003261566162109375
0.0002627372741699219
0.0002465248107910156
0.00024437904357910156
0.00029087066650390625
0.0005095005035400391
0.0002810955047607422
0.0001342296600341797
0.00022745132446289062
0.00035881996154785156
0.0003676414489746094
0.00020647048950195312
0.00015997886657714844
0.0002808570861816406
0.0003829002380371094
0.00028324127197265625
0.0003762245178222656
0.00020623207092285156
0.00042510032653808594
0.00019884109497070312
0.00041103363037109375
0.0003075599670410156
0.00037169456481933594
0.00027251243591308594
0.00030422210693359375
0.0002014636993408203
0.0005414485931396484
0.00024199485778808594
0.00030684471130371094
0.00018906593322753906
0.0002620220184326172
0.0001914501190185547
0.00021910667419433594
0.000339508056640625
0.00018930435180664062
0.000370025634765625
0.0002512931823730469
0.00025010108947753906
0.00020599365234375
0.0002512931823730469
0.00028252601623535156
0.0002701282501220703
0.00034165382385253906
0.00019598007202148438
0.0001933574676513672
0.00035190582275390625
0.00016117095947265625
0.0004334449768066406
0.0002892017364501953
0.0004248619079589844
0.0003039836883544922
0.00028395652770996094
0.0003070831298828125
0.00020265579223632812
0.0002961158752441406
0.00027370452880859375
0.0003800392150878906
0.0004467964172363281
0.00022125244140625
0.00019359588623046875
0.0004887580871582031
0.0004813671112060547
0.00022292137145996094
0.00030612945556640625
0.00035834312438964844
0.000339508056640625
0.0001819133758544922
0.0002300739288330078
0.0002770423889160156
0.0002086162567138672
0.00015997886657714844
0.00022149085998535156
0.0003199577331542969
0.0002372264862060547
0.00022292137145996094
0.00020265579223632812
0.00020647048950195312
0.0002617835998535156
0.0002849102020263672
0.00025010108947753906
0.00022220611572265625
0.00021266937255859375
0.00024771690368652344
0.00023412704467773438
0.00033736228942871094
0.00022840499877929688
0.0003180503845214844
0.00036144256591796875
0.00020599365234375
0.00028395652770996094
0.00031113624572753906
0.00018477439880371094
0.00027179718017578125
0.0002193450927734375
0.00022101402282714844
0.00018906593322753906
0.00020265579223632812
0.00021839141845703125
0.00022268295288085938
0.0003819465637207031
0.0003180503845214844
0.0004019737243652344
0.00021123886108398438
0.0001761913299560547
0.0003452301025390625
0.0001926422119140625
0.0003132820129394531
0.0002162456512451172
0.00019812583923339844
0.00019621849060058594
0.00020599365234375
0.00041866302490234375
0.00047850608825683594
0.0003509521484375
0.00016450881958007812
0.00045037269592285156
0.0003936290740966797
0.0001690387725830078
0.0002849102020263672
0.0003352165222167969
0.00030732154846191406
0.00022912025451660156
0.0002048015594482422
0.0002143383026123047
0.0002028942108154297
0.0002453327178955078
0.00029087066650390625
0.000293731689453125
0.00016355514526367188
0.00028705596923828125
0.0003330707550048828
0.0002620220184326172
0.000217437744140625
0.00019288063049316406
0.00046133995056152344
0.0002028942108154297
0.0004544258117675781
0.0002052783966064453
0.00019025802612304688
0.0002315044403076172
0.00020694732666015625
0.0002548694610595703
0.0002815723419189453
0.0002124309539794922
0.0002346038818359375
0.0002696514129638672
0.0002455711364746094
0.0003097057342529297
0.0003275871276855469
0.0003814697265625
0.0003230571746826172
0.0002856254577636719
0.00025653839111328125
0.0003268718719482422
0.00022029876708984375
0.00025391578674316406
0.0002713203430175781
0.0002770423889160156
0.00024175643920898438
0.00018787384033203125
0.00027680397033691406
0.0002446174621582031
0.0001518726348876953
0.00026226043701171875
0.0001995563507080078
0.00026106834411621094
0.0002257823944091797
0.0002167224884033203
0.0002980232238769531
0.0003407001495361328
0.000225067138671875
0.0003104209899902344
0.00043320655822753906
0.0002353191375732422
0.0002689361572265625
0.0002899169921875
0.00024366378784179688
0.00025200843811035156
0.00027632713317871094
0.00033664703369140625
0.00013709068298339844
0.00020241737365722656
0.00045228004455566406
0.0003230571746826172
0.000255584716796875
0.00023031234741210938
0.0002498626708984375
0.0002346038818359375
0.00033545494079589844
0.00023484230041503906
0.0003733634948730469
0.0003082752227783203
0.00019168853759765625
0.00027370452880859375
0.000274658203125
0.0002758502960205078
0.0001842975616455078
0.00023365020751953125
0.0002090930938720703
0.0002760887145996094
0.0003421306610107422
0.00040602684020996094
0.0003235340118408203
0.00031280517578125
0.00020503997802734375
0.0003771781921386719
0.0001823902130126953
0.00034356117248535156
0.0001983642578125
0.0002887248992919922
0.0003097057342529297
0.0002453327178955078
0.0002510547637939453
0.00019884109497070312
0.0002760887145996094
0.00025653839111328125
0.00028324127197265625
0.00015592575073242188
0.0002472400665283203
0.00027179718017578125
0.00029015541076660156
0.00021886825561523438
0.00030612945556640625
0.00018644332885742188
0.0002639293670654297
0.0002536773681640625
0.0002865791320800781
0.0002493858337402344
0.00020265579223632812
0.0004050731658935547
0.00037550926208496094
0.00037980079650878906
0.00036072731018066406
0.0002162456512451172
0.00022530555725097656
0.0001652240753173828
0.00020742416381835938
0.0002627372741699219
0.00021529197692871094
0.00021195411682128906
0.0003142356872558594
0.00019288063049316406
0.00032830238342285156
0.00013184547424316406
0.0002636909484863281
0.00012946128845214844
0.00021505355834960938
0.0002193450927734375
0.00034117698669433594
0.0003833770751953125
0.0003075599670410156
0.00046896934509277344
0.00023126602172851562
0.0002429485321044922
0.0001614093780517578
0.0002541542053222656
0.00019240379333496094
0.00028705596923828125
0.00020813941955566406
0.00023627281188964844
0.00028228759765625
0.0003097057342529297
0.000286102294921875
0.00026345252990722656
0.00016236305236816406
0.00025963783264160156
0.00023102760314941406
0.0002713203430175781
0.00018477439880371094
0.00020623207092285156
0.00021028518676757812
0.0001761913299560547
0.0005939006805419922
0.0004246234893798828
0.0002601146697998047
0.0001838207244873047
0.0002732276916503906
0.0004544258117675781
0.00028777122497558594
0.0001850128173828125
0.00019121170043945312
0.00013113021850585938
0.00032711029052734375
0.00024008750915527344
0.0002503395080566406
0.00019407272338867188
0.0003249645233154297
0.00016641616821289062
0.00029730796813964844
0.0002529621124267578
0.0002243518829345703
0.00025653839111328125
0.00021004676818847656
0.000263214111328125
0.00026917457580566406
0.00021696090698242188
0.0002918243408203125
0.0002875328063964844
0.00021457672119140625
0.00039076805114746094
0.00018358230590820312
0.00015974044799804688
0.00023245811462402344
0.0001964569091796875
0.00021982192993164062
0.0002810955047607422
0.00022077560424804688
0.0005249977111816406
0.00026154518127441406
0.00024962425231933594
0.0001938343048095703
0.0002601146697998047
0.0002586841583251953
0.00021266937255859375
0.00022125244140625
0.0003008842468261719
0.00024366378784179688
0.0002315044403076172
0.00023436546325683594
0.0002105236053466797
0.0003113746643066406
0.0002415180206298828
0.00023317337036132812
0.0002727508544921875
0.00029850006103515625
0.00023221969604492188
0.0003561973571777344
0.00022721290588378906
0.00025653839111328125
0.00022363662719726562
0.00023055076599121094
0.0002346038818359375
0.0002257823944091797
0.00029087066650390625
0.0002269744873046875
0.0002346038818359375
0.0002846717834472656
0.00027680397033691406
0.000179290771484375
0.00020456314086914062
0.000301361083984375
0.0002720355987548828
0.0002639293670654297
0.000171661376953125
0.0001952648162841797
0.0003514289855957031
0.0003826618194580078
0.00023984909057617188
0.0004074573516845703
0.0002281665802001953
0.0002624988555908203
0.00017881393432617188
0.0005002021789550781
0.00022172927856445312
0.00023794174194335938
0.0003361701965332031
0.00023126602172851562
0.0002028942108154297
0.0002391338348388672
0.0002663135528564453
0.00016617774963378906
0.00016307830810546875
0.00022220611572265625
0.0001933574676513672
0.00017881393432617188
0.0001895427703857422
0.00030303001403808594
0.0004050731658935547
0.0003612041473388672
0.0002319812774658203
0.00025463104248046875
0.00017976760864257812
0.0002765655517578125
0.0003292560577392578
0.00023984909057617188
0.00027060508728027344
0.00030684471130371094
0.0002453327178955078
0.00011682510375976562
0.00024580955505371094
0.0004172325134277344
0.00014710426330566406
0.00021195411682128906
0.00020170211791992188
0.0003819465637207031
0.00026345252990722656
0.00031304359436035156
0.00020647048950195312
0.00018906593322753906
0.00045680999755859375
0.00024580955505371094
0.00028133392333984375
0.00016045570373535156
0.0002655982971191406
0.00025010108947753906
0.0003223419189453125
0.00026035308837890625
0.0002372264862060547
0.00016927719116210938
0.00023317337036132812
0.00032782554626464844
0.0003063678741455078
0.0001506805419921875
0.0004069805145263672
0.0002655982971191406
0.000347137451171875
0.00023889541625976562
0.00017189979553222656
0.00026988983154296875
0.00016570091247558594
0.0003211498260498047
0.00021529197692871094
0.00022554397583007812
0.0002951622009277344
0.00019049644470214844
0.0002186298370361328
0.0003600120544433594
0.00023651123046875
0.0002105236053466797
0.00027298927307128906
0.00019168853759765625
0.00019359588623046875
0.00018334388732910156
0.00025272369384765625
0.000244140625
0.0002727508544921875
0.0003230571746826172
0.0002562999725341797
0.0003714561462402344
0.0002090930938720703
0.00025844573974609375
0.00025177001953125
0.0003027915954589844
0.00023484230041503906
0.0002601146697998047
0.00026226043701171875
0.00021386146545410156
0.00015687942504882812
0.00020599365234375
0.0003554821014404297
0.00020194053649902344
0.0001468658447265625
0.0002791881561279297
0.0003876686096191406
0.00031566619873046875
0.000347137451171875
0.0002455711364746094
0.00029349327087402344
0.00017261505126953125
0.00017523765563964844
0.00022077560424804688
0.00024580955505371094
0.00023293495178222656
0.0002338886260986328
0.0001652240753173828
0.00023508071899414062
0.0003361701965332031
0.000331878662109375
0.0004107952117919922
0.00025582313537597656
0.0001678466796875
0.0002498626708984375
0.0003070831298828125
0.0002009868621826172
0.00014162063598632812
0.0004153251647949219
0.0001518726348876953
0.0003452301025390625
0.00023102760314941406
0.00039839744567871094
0.00019288063049316406
0.0003414154052734375
0.0001990795135498047
0.0002334117889404297
0.0001671314239501953
0.00033092498779296875
0.00032067298889160156
0.00020647048950195312
0.0002894401550292969
0.00020647048950195312
0.0003104209899902344
0.00022673606872558594
0.00025963783264160156
0.0003192424774169922
0.00021338462829589844
0.00022745132446289062
0.0001888275146484375
0.0002799034118652344
0.0001621246337890625
0.00022292137145996094
0.00014662742614746094
0.00027871131896972656
0.00022983551025390625
0.0002608299255371094
0.000263214111328125
0.0002684593200683594
0.00031757354736328125
0.0003161430358886719
0.00021910667419433594
0.00022149085998535156
0.0002875328063964844
0.0002696514129638672
0.00028824806213378906
0.00022125244140625
0.00028514862060546875
0.0002295970916748047
0.00022912025451660156
0.0001876354217529297
0.0003209114074707031
0.0002689361572265625
0.00024318695068359375
0.00018310546875
0.00020885467529296875
0.0001971721649169922
0.00024080276489257812
0.00018835067749023438
0.0003325939178466797
0.0002753734588623047
0.00018787384033203125
0.00029754638671875
0.0001709461212158203
0.00033664703369140625
0.0002117156982421875
0.00035691261291503906
0.00023317337036132812
0.0002498626708984375
0.00019097328186035156
0.00019025802612304688
0.00013899803161621094
0.0002498626708984375
0.0005769729614257812
0.00028014183044433594
0.00035572052001953125
0.00024199485778808594
0.00018072128295898438
0.00023865699768066406
0.00011610984802246094
0.00021409988403320312
0.00037407875061035156
0.0002703666687011719
0.00022935867309570312
0.00014662742614746094
0.00020503997802734375
0.0003771781921386719
0.00020647048950195312
0.00026416778564453125
0.00028204917907714844
0.0002522468566894531
0.0002808570861816406
0.00033402442932128906
0.0002532005310058594
0.00016117095947265625
0.0002925395965576172
0.00017833709716796875
0.00031638145446777344
0.00020432472229003906
0.0002589225769042969
0.000244140625
0.0003674030303955078
0.00018668174743652344
0.00027251243591308594
0.0002880096435546875
0.00022292137145996094
0.00016832351684570312
0.0003178119659423828
0.00024580955505371094
0.0003006458282470703
0.0001404285430908203
0.0002608299255371094
0.00014066696166992188
0.00021576881408691406
0.0001957416534423828
0.0003414154052734375
0.00019884109497070312
0.00024271011352539062
0.00023627281188964844
0.00020956993103027344
0.0003223419189453125
0.0002281665802001953
0.00018286705017089844
0.00029730796813964844
0.0001971721649169922
0.00029206275939941406
0.0003235340118408203
0.0002923011779785156
0.0002295970916748047
0.0002658367156982422
0.00023245811462402344
0.00018072128295898438
0.0002205371856689453
0.00027942657470703125
0.0002529621124267578
0.0003635883331298828
0.0002923011779785156
0.00024080276489257812
0.00033926963806152344
0.00030303001403808594
0.0002536773681640625
0.0002334117889404297
0.00042247772216796875
0.0001537799835205078
0.00029730796813964844
0.0002048015594482422
0.00017690658569335938
0.0004239082336425781
0.0001919269561767578
0.00023794174194335938
0.0001857280731201172
0.0003750324249267578
0.0002200603485107422
0.00028634071350097656
0.00025272369384765625
0.0002968311309814453
0.00018310546875
0.0001971721649169922
0.00034356117248535156
0.00043702125549316406
0.00029397010803222656
0.00018644332885742188
0.00018167495727539062
0.00020623207092285156
0.00020885467529296875
0.00014853477478027344
0.00020170211791992188
0.00043082237243652344
0.000255584716796875
0.00020313262939453125
0.0001876354217529297
0.0002574920654296875
0.00020122528076171875
0.00022745132446289062
0.0002372264862060547
0.0002434253692626953
0.00034308433532714844
0.00018644332885742188
0.000171661376953125
0.0002295970916748047
0.0003533363342285156
0.00019121170043945312
0.00028133392333984375
0.00022745132446289062
0.0002257823944091797
0.0002262592315673828
0.00017070770263671875
0.00020003318786621094
0.00019741058349609375
0.0003216266632080078
0.00033211708068847656
0.0001862049102783203
0.0001697540283203125
0.00036334991455078125
0.00037384033203125
0.0003097057342529297
0.0002987384796142578
0.00022220611572265625
0.0003414154052734375
0.0003864765167236328
0.00021600723266601562
0.00032782554626464844
0.0002472400665283203
0.00010323524475097656
0.0002968311309814453
0.0001671314239501953
0.00026345252990722656
0.0002694129943847656
0.00018095970153808594
0.00017762184143066406
0.00019502639770507812
0.00028705596923828125
0.0002486705780029297
0.0004749298095703125
0.00019407272338867188
0.00025844573974609375
0.0004024505615234375
0.0002460479736328125
0.0001552104949951172
0.00018858909606933594
0.00022077560424804688
0.0002598762512207031
0.00022459030151367188
0.0002613067626953125
0.0002067089080810547
0.00024271011352539062
0.00021958351135253906
0.00025153160095214844
0.00025391578674316406
0.00016689300537109375
0.00025343894958496094
0.00021576881408691406
0.0003008842468261719
0.0003426074981689453
0.0002536773681640625
0.00027251243591308594
0.0001533031463623047
0.00019502639770507812
0.0003733634948730469
0.0002276897430419922
0.0003132820129394531
0.0002753734588623047
0.00019288063049316406
0.00013446807861328125
0.00019550323486328125
0.00016450881958007812
0.0002701282501220703
0.00025844573974609375
0.0002224445343017578
0.0001513957977294922
0.0001456737518310547
0.0003104209899902344
0.0002579689025878906
0.00022721290588378906
0.00020885467529296875
0.0002923011779785156
0.00019025802612304688
0.0002117156982421875
0.0001983642578125
0.00025010108947753906
0.0002779960632324219
0.00042557716369628906
0.0003402233123779297
0.0001938343048095703
0.00017261505126953125
0.0002281665802001953
0.00018310546875
0.00047588348388671875
0.00018858909606933594
0.00023984909057617188
0.00042939186096191406
0.00026702880859375
0.00036716461181640625
0.0002231597900390625
0.0002346038818359375
0.0002951622009277344
0.0001590251922607422
0.00018715858459472656
0.0002288818359375
0.00013899803161621094
0.00030040740966796875
0.00019931793212890625
0.00022411346435546875
0.00026607513427734375
0.0004591941833496094
0.00025391578674316406
0.00041604042053222656
0.0003399848937988281
0.00017189979553222656
0.0001633167266845703
0.00020623207092285156
0.00028204917907714844
0.00014638900756835938
0.00019860267639160156
0.0002295970916748047
0.0002846717834472656
0.0002779960632324219
0.0002200603485107422
0.00022077560424804688
0.00017905235290527344
0.0003306865692138672
0.00016736984252929688
0.00044226646423339844
0.0001876354217529297
0.0002086162567138672
0.00016927719116210938
0.00022983551025390625
0.0003361701965332031
0.00023365020751953125
0.00022554397583007812
0.0002162456512451172
0.0002694129943847656
0.00034332275390625
0.0002052783966064453
0.0001800060272216797
0.0002894401550292969
0.0003314018249511719
0.0002455711364746094
0.00020766258239746094
0.00035381317138671875
0.000148773193359375
0.00019741058349609375
0.00019431114196777344
0.00023031234741210938
0.0002532005310058594
0.00034117698669433594
0.00023102760314941406
0.0003371238708496094
0.0003771781921386719
0.0003387928009033203
0.00021958351135253906
0.000293731689453125
0.00022745132446289062
0.0001976490020751953
0.00023937225341796875
0.00015687942504882812
0.00019359588623046875
0.00028705596923828125
0.00024962425231933594
0.0003440380096435547
0.00022268295288085938
0.00018835067749023438
0.00023865699768066406
0.00018358230590820312
0.00020432472229003906
0.0002465248107910156
0.00024819374084472656
0.00022721290588378906
0.00021457672119140625
0.00017762184143066406
0.0003173351287841797
0.00042724609375
0.00023412704467773438
0.00021076202392578125
0.00022363662719726562
0.00024056434631347656
0.000217437744140625
0.00020313262939453125
0.00035119056701660156
0.0003285408020019531
0.0002105236053466797
0.00022029876708984375
0.0002536773681640625
0.00030493736267089844
0.000217437744140625
0.0002162456512451172
0.00034046173095703125
0.00017189979553222656
0.00022101402282714844
0.00020051002502441406
0.00017547607421875
0.0003139972686767578
0.00031065940856933594
0.0003066062927246094
0.00023603439331054688
0.000396728515625
0.0002758502960205078
0.00016117095947265625
0.00016164779663085938
0.0001957416534423828
0.00019931793212890625
0.00022459030151367188
0.00028443336486816406
0.00022077560424804688
0.00016999244689941406
0.00021505355834960938
0.00038170814514160156
0.00023031234741210938
0.00021982192993164062
0.0002951622009277344
0.00018024444580078125
0.0003681182861328125
0.0002472400665283203
0.0001823902130126953
0.00016689300537109375
0.0002815723419189453
0.00026798248291015625
0.00023937225341796875
0.00018072128295898438
0.00020766258239746094
0.00021910667419433594
0.00037097930908203125
0.00015974044799804688
0.0002262592315673828
0.00024127960205078125
0.00022649765014648438
0.0002911090850830078
0.00024008750915527344
0.0003333091735839844
0.00033164024353027344
0.000171661376953125
0.00018358230590820312
0.00032210350036621094
0.00037860870361328125
0.00016641616821289062
0.00020766258239746094
0.0001666545867919922
0.0003426074981689453
0.000217437744140625
0.00017786026000976562
0.0002219676971435547
0.0003535747528076172
0.0002529621124267578
0.00026679039001464844
0.00021266937255859375
0.00021338462829589844
0.00018978118896484375
0.0003459453582763672
0.0002295970916748047
0.00023651123046875
0.0002524852752685547
0.00023484230041503906
0.0003848075866699219
0.00019216537475585938
0.0002377033233642578
0.00021600723266601562
0.0003936290740966797
0.00026988983154296875
0.00023674964904785156
0.0001995563507080078
0.0002205371856689453
0.000278472900390625
0.000217437744140625
0.00030612945556640625
0.00023508071899414062
0.00035762786865234375
0.00024318695068359375
0.0001964569091796875
0.0003018379211425781
0.00019431114196777344
0.0004260540008544922
0.00027561187744140625
0.00020694732666015625
0.00014781951904296875
0.0002512931823730469
0.0001163482666015625
0.00028204917907714844
0.0003829002380371094
0.00023293495178222656
0.00021791458129882812
0.0002923011779785156
0.00017189979553222656
0.00036263465881347656
0.0002484321594238281
0.00017905235290527344
0.00024509429931640625
0.00027632713317871094
0.0003437995910644531
0.0003592967987060547
0.0002372264862060547
0.00033354759216308594
0.00021982192993164062
0.0002512931823730469
0.0001537799835205078
0.0001773834228515625
0.00018167495727539062
0.00018286705017089844
0.00023174285888671875
0.00027179718017578125
0.00019121170043945312
0.0003273487091064453
0.0002052783966064453
0.00020194053649902344
0.00028896331787109375
0.00019431114196777344
0.00016188621520996094
0.00028443336486816406
0.0002830028533935547
0.00022149085998535156
0.0004482269287109375
0.000202178955078125
0.00020623207092285156
0.0003228187561035156
0.00020313262939453125
0.00024318695068359375
0.00031113624572753906
0.00015425682067871094
0.00022554397583007812
0.0001583099365234375
0.00023293495178222656
0.00031757354736328125
0.0002574920654296875
0.00034427642822265625
0.0003578662872314453
0.00019478797912597656
0.00032901763916015625
0.0002465248107910156
0.0002474784851074219
0.0003829002380371094
0.00014138221740722656
0.00017952919006347656
0.00041556358337402344
0.000148773193359375
0.00015544891357421875
0.00025916099548339844
0.0001633167266845703
0.0001480579376220703
0.0003540515899658203
0.0004374980926513672
0.00028014183044433594
0.0001354217529296875
0.00018024444580078125
0.0003421306610107422
0.00020885467529296875
0.00031280517578125
0.000209808349609375
0.00023746490478515625
0.00025773048400878906
0.00026416778564453125
0.00018024444580078125
0.0002999305725097656
0.0001728534698486328
0.0002639293670654297
0.00022554397583007812
0.00017380714416503906
0.00019073486328125
0.0002541542053222656
0.0002856254577636719
0.00019097328186035156
0.00016045570373535156
0.0002200603485107422
0.00031757354736328125
0.0002307891845703125
0.0003032684326171875
0.0002415180206298828
0.00021791458129882812
0.0001552104949951172
0.00048041343688964844
0.00026106834411621094
0.00027942657470703125
0.0002486705780029297
0.00026297569274902344
0.00029587745666503906
0.0002334117889404297
0.0002841949462890625
0.0002846717834472656
0.00020122528076171875
0.0002636909484863281
0.00013375282287597656
0.0002808570861816406
0.00019598007202148438
0.00019478797912597656
0.00021648406982421875
0.00022935867309570312
0.00018835067749023438
0.00016045570373535156
0.0003399848937988281
0.0002884864807128906
0.00022840499877929688
0.0003066062927246094
0.000152587890625
0.0003960132598876953
0.00025582313537597656
0.00026297569274902344
0.0002541542053222656
0.00028514862060546875
0.00039458274841308594
0.0001971721649169922
0.0001952648162841797
0.00016832351684570312
0.00022029876708984375
0.0004036426544189453
0.00024700164794921875
0.0001990795135498047
0.00023221969604492188
0.00024008750915527344
0.00021123886108398438
0.0001964569091796875
0.00017023086547851562
0.0002524852752685547
0.0002467632293701172
0.0002288818359375
0.00015306472778320312
0.00015854835510253906
0.00040268898010253906
0.0002460479736328125
0.00023794174194335938
0.00021576881408691406
0.0002319812774658203
0.00017189979553222656
0.0003752708435058594
0.00019097328186035156
0.0003216266632080078
0.0002779960632324219
0.0001480579376220703
0.00020813941955566406
0.00030732154846191406
0.00022792816162109375
0.000232696533203125
0.0005564689636230469
0.00021910667419433594
0.000278472900390625
0.00028967857360839844
0.0003445148468017578
0.00024008750915527344
0.0002193450927734375
0.0002238750457763672
0.000244140625
