325.63221192359924
325.2797141075134
326.01084184646606
325.38543820381165
324.90445017814636
324.7585914134979
324.1015672683716
324.4611146450043
323.81915044784546
323.78390741348267
323.734498500824
322.86680841445923
322.94766211509705
322.5964906215668
321.5207929611206
321.29457807540894
320.67738103866577
320.27085518836975
319.59835386276245
319.27593064308167
319.3280026912689
318.7366256713867
318.89686393737793
318.0354063510895
318.6384596824646
317.80167174339294
317.76133847236633
317.62498116493225
317.33877539634705
316.90075850486755
317.21099042892456
316.97201585769653
314.7130868434906
314.35958909988403
311.87539553642273
309.4751555919647
303.4789822101593
295.6478877067566
286.3691701889038
287.3364496231079
277.4262363910675
265.3549237251282
261.402400970459
248.9766674041748
234.83509159088135
221.25239861011505
220.1712840795517
210.49691665172577
202.21642875671387
199.94684958457947
184.5751713514328
183.83894276618958
180.29550558328629
173.40843772888184
159.81232184171677
153.46446061134338
155.28998416662216
144.4470450282097
149.8129386305809
137.46276450157166
144.16587364673615
127.6640014052391
117.18396639823914
116.95711016654968
123.20118993520737
110.82238984107971
111.10525524616241
97.82036072015762
91.0218246281147
88.92114439606667
90.65876239538193
91.28280290961266
86.88631999492645
75.39514017105103
80.90975353121758
84.70618945360184
73.58005958795547
66.57629132270813
68.1486347913742
64.37781208753586
60.62838822603226
55.857886016368866
54.71690171957016
54.78952521085739
53.32894706726074
47.873132318258286
47.130737632513046
49.697244107723236
47.83313822746277
45.29786938428879
47.43779742717743
40.769653141498566
37.984172612428665
37.41062727570534
35.51480582356453
37.63470897078514
34.27164575457573
31.60760188102722
37.399423241615295
31.37182691693306
26.607147753238678
28.356978833675385
19.744731783866882
23.033303260803223
25.614655017852783
17.91338837146759
22.302368819713593
19.807779610157013
21.67975389957428
27.517451405525208
18.953550457954407
20.325298309326172
10.975944817066193
13.516775250434875
22.113619565963745
18.605363965034485
13.26364004611969
16.053345263004303
12.126525163650513
13.88610589504242
18.791284561157227
15.535276591777802
14.876876831054688
13.415781497955322
8.31462675333023
17.792722463607788
11.05446845293045
9.83038318157196
15.994928002357483
8.867864727973938
7.790376663208008
8.807283699512482
13.229550957679749
11.567470908164978
8.2670077085495
6.404786825180054
2.8842145204544067
6.224798142910004
4.1361916065216064
4.521392226219177
3.9385610818862915
4.118349075317383
8.85852700471878
6.516529440879822
2.6169036626815796
11.41865199804306
5.47550505399704
5.094453930854797
3.264838457107544
7.142073750495911
8.191701769828796
4.968450844287872
1.536695122718811
0.8107445240020752
1.0129458904266357
3.5242198705673218
2.0299458503723145
1.7352114915847778
2.523356795310974
12.596937239170074
8.208791434764862
3.312046468257904
7.777844667434692
3.2314127683639526
9.147880673408508
2.0257692337036133
1.3304768800735474
1.0119084119796753
0.5787460803985596
0.76175856590271
0.9401272535324097
1.5842574834823608
0.9172998666763306
0.6280572414398193
0.2996804714202881
1.362072467803955
0.5189691781997681
1.0636299848556519
0.5680240392684937
0.36400508880615234
0.17920660972595215
0.22950470447540283
0.2329704761505127
0.3152104616165161
0.18733954429626465
0.17905688285827637
0.28088343143463135
0.12912774085998535
0.14026808738708496
0.1394404172897339
0.13130366802215576
0.12650620937347412
2.0714980363845825
1.950929880142212
0.5252366065979004
0.2849339246749878
0.15421557426452637
0.11372292041778564
0.09583175182342529
0.1628662347793579
0.13313186168670654
0.30420029163360596
0.17867088317871094
0.16976404190063477
0.07967531681060791
0.06589877605438232
0.07802689075469971
0.07115650177001953
0.08148932456970215
0.08741796016693115
0.07967519760131836
0.15869736671447754
0.15100622177124023
0.0745539665222168
0.0880584716796875
0.08009803295135498
0.08170247077941895
0.0657508373260498
0.061240553855895996
0.06365036964416504
0.06461715698242188
0.05513477325439453
0.07615804672241211
0.04227018356323242
0.05645346641540527
0.08598709106445312
0.05241107940673828
0.05183911323547363
0.04416489601135254
0.05394172668457031
0.06659531593322754
0.0468297004699707
0.03946852684020996
0.04554450511932373
0.06254434585571289
0.04933786392211914
0.036507368087768555
0.05908489227294922
0.037619590759277344
0.03631949424743652
0.04872298240661621
0.04498147964477539
0.05139875411987305
0.04598808288574219
0.037422895431518555
0.04697561264038086
0.04416513442993164
0.0363924503326416
0.040547847747802734
0.05640888214111328
0.04677605628967285
0.030948162078857422
0.040634751319885254
0.03725790977478027
0.033936262130737305
0.03522539138793945
0.035367727279663086
0.0339055061340332
0.04140615463256836
0.047010183334350586
0.035951852798461914
0.03523540496826172
0.03044581413269043
0.031171798706054688
0.025690317153930664
0.03393197059631348
0.026201248168945312
0.0400848388671875
0.04360198974609375
0.09515881538391113
0.036400556564331055
0.038591861724853516
0.025433778762817383
0.029080986976623535
0.09874653816223145
0.030915498733520508
0.02850055694580078
0.04554104804992676
0.042771100997924805
0.08509349822998047
0.03432631492614746
0.052623748779296875
0.03255414962768555
0.04191446304321289
0.030263662338256836
0.032416582107543945
0.03114616870880127
0.030233144760131836
0.029204845428466797
0.028999805450439453
0.02707958221435547
0.033884525299072266
0.035167694091796875
0.026306986808776855
0.022234201431274414
0.04131126403808594
0.029090166091918945
0.03519177436828613
0.02908015251159668
0.029375791549682617
0.03540372848510742
0.020929813385009766
0.021968364715576172
0.024403810501098633
0.0310056209564209
0.023223876953125
0.023890256881713867
0.029386281967163086
0.023578643798828125
0.0315089225769043
0.03306412696838379
0.018563508987426758
0.024567842483520508
0.022690296173095703
0.027846097946166992
0.029401063919067383
0.023963212966918945
0.025867938995361328
0.030733108520507812
0.024298429489135742
0.028196096420288086
0.03162252902984619
0.02327752113342285
0.01796269416809082
0.02243208885192871
0.02244114875793457
0.02400040626525879
0.019271373748779297
0.032470703125
0.018507719039916992
0.02681732177734375
0.026969194412231445
0.03348851203918457
0.027124643325805664
0.027070283889770508
0.01895880699157715
0.018938541412353516
0.01950979232788086
0.01838397979736328
0.0294339656829834
0.02399420738220215
0.01594865322113037
0.021088361740112305
0.021842002868652344
0.017699837684631348
0.020990371704101562
0.025360822677612305
0.018053054809570312
0.021424293518066406
0.016648292541503906
0.02175426483154297
0.02006363868713379
0.02359628677368164
0.01925373077392578
0.02295374870300293
0.028572797775268555
0.023366928100585938
0.023395776748657227
0.02344369888305664
0.029726028442382812
0.025004148483276367
0.02215433120727539
0.018780112266540527
0.021697044372558594
0.02444744110107422
0.016870975494384766
0.01673603057861328
0.02031707763671875
0.019168615341186523
0.032086849212646484
0.018783092498779297
0.02138972282409668
0.018323183059692383
0.019491195678710938
0.019590139389038086
0.02406907081604004
0.015099048614501953
0.018103361129760742
0.015570998191833496
0.022084951400756836
0.02763676643371582
0.0184781551361084
0.022264957427978516
0.015230178833007812
0.01622605323791504
0.01675724983215332
0.01752018928527832
0.022229671478271484
0.01927661895751953
0.016012907028198242
0.024285554885864258
0.015862464904785156
0.027297019958496094
0.01452779769897461
0.01754021644592285
0.020006418228149414
0.01768660545349121
0.02469944953918457
0.016127824783325195
0.01702880859375
0.019234895706176758
0.012351274490356445
0.01896047592163086
0.01870560646057129
0.01806044578552246
0.02301764488220215
0.017627477645874023
0.03088521957397461
0.024727344512939453
0.01702880859375
0.014775753021240234
0.022927284240722656
0.01723504066467285
0.014186620712280273
0.014721155166625977
0.013292074203491211
0.02253437042236328
0.017175674438476562
0.025104761123657227
0.01597142219543457
0.018105506896972656
0.02445054054260254
0.016575336456298828
0.02290058135986328
0.017671585083007812
0.01487588882446289
0.01143503189086914
0.014695167541503906
0.014166116714477539
0.013323307037353516
0.01665019989013672
0.01479482650756836
0.018781185150146484
0.017689943313598633
0.019967079162597656
0.015354275703430176
0.02154254913330078
0.017980098724365234
0.01914668083190918
0.023166894912719727
0.015823841094970703
0.019575119018554688
0.01672077178955078
0.012452840805053711
0.016794681549072266
0.013703107833862305
0.019746065139770508
0.012258291244506836
0.014432907104492188
0.01626896858215332
0.016016721725463867
0.011896371841430664
0.017688512802124023
0.02222752571105957
0.014401674270629883
0.015030860900878906
0.017774581909179688
0.018601655960083008
0.016498804092407227
0.02262568473815918
0.01680755615234375
0.013332366943359375
0.01206660270690918
0.017552614212036133
0.01985025405883789
0.01806807518005371
0.020891189575195312
0.014848709106445312
0.013870716094970703
0.0161590576171875
0.017847061157226562
0.013610124588012695
0.019115209579467773
0.01933002471923828
0.01889944076538086
0.018140077590942383
0.01887822151184082
0.0162811279296875
0.01606297492980957
0.015475153923034668
0.015653371810913086
0.016303300857543945
0.021189212799072266
0.019820690155029297
0.015266895294189453
0.018117427825927734
0.012093782424926758
0.014952301979064941
0.013866662979125977
0.01554560661315918
0.014847993850708008
0.016271352767944336
0.013387918472290039
0.01577615737915039
0.014031648635864258
0.01845264434814453
0.016536474227905273
0.017658710479736328
0.018837928771972656
0.014282703399658203
0.01658463478088379
0.014685630798339844
0.013340473175048828
0.01568782329559326
0.015887022018432617
0.009587526321411133
0.016932010650634766
0.013699769973754883
0.010602712631225586
0.01427769660949707
0.01314687728881836
0.013171911239624023
0.013873100280761719
0.013474702835083008
0.011416912078857422
0.015653371810913086
0.015691518783569336
0.011518716812133789
0.017328262329101562
0.016234397888183594
0.014583110809326172
0.015674352645874023
0.015774011611938477
0.014381647109985352
0.010221481323242188
0.017113447189331055
0.014157772064208984
0.016309022903442383
0.01485586166381836
0.015812158584594727
0.01636981964111328
0.015630006790161133
0.014101266860961914
0.015358448028564453
0.015283584594726562
0.011137962341308594
0.015649795532226562
0.014755487442016602
0.015186548233032227
0.015105724334716797
0.017899751663208008
0.013250589370727539
0.01519012451171875
0.015242576599121094
0.011848688125610352
0.013086318969726562
0.019385576248168945
0.015860795974731445
0.016932964324951172
0.010899066925048828
0.01749277114868164
0.014978647232055664
0.011289119720458984
0.01337432861328125
0.016450881958007812
0.011225461959838867
0.018059730529785156
0.009587287902832031
0.015295267105102539
0.017294883728027344
0.011584997177124023
0.017659664154052734
0.014544844627380371
0.015058755874633789
0.01354217529296875
0.015177488327026367
0.010936737060546875
0.01701641082763672
0.015709400177001953
0.015620231628417969
0.013587474822998047
0.010790109634399414
0.014966964721679688
0.013140678405761719
0.008748292922973633
0.013063669204711914
0.01347661018371582
0.013424396514892578
0.014603376388549805
0.010181427001953125
0.009162187576293945
0.015201091766357422
0.014285564422607422
0.012509822845458984
0.016065359115600586
0.011299371719360352
0.011076688766479492
0.011270523071289062
0.01407623291015625
0.011451244354248047
0.0102691650390625
0.01860189437866211
0.013293027877807617
0.011928319931030273
0.011698484420776367
0.014679670333862305
0.015604615211486816
0.014660835266113281
0.018814563751220703
0.01820540428161621
0.018201589584350586
0.016451120376586914
0.010664224624633789
0.013576030731201172
0.014870882034301758
0.014068841934204102
0.01556539535522461
0.011263370513916016
0.012547969818115234
0.011607646942138672
0.012819051742553711
0.010442256927490234
0.013044238090515137
0.012218952178955078
0.012507438659667969
0.01080012321472168
0.014167070388793945
0.015552997589111328
0.015116453170776367
0.010336875915527344
0.014181017875671387
0.013632059097290039
0.015876293182373047
0.01485443115234375
0.014696598052978516
0.012653589248657227
0.0119781494140625
0.01587986946105957
0.014438390731811523
0.01380157470703125
0.011644601821899414
0.011257410049438477
0.013425350189208984
0.012048959732055664
0.013388395309448242
0.01713275909423828
0.01371908187866211
0.013320207595825195
0.009931802749633789
0.014365434646606445
0.009975671768188477
0.011750936508178711
0.013082504272460938
0.012422800064086914
0.011449813842773438
0.011317014694213867
0.011464595794677734
0.014496564865112305
0.010015487670898438
0.011718511581420898
0.013574838638305664
0.013732433319091797
0.011240243911743164
0.012253284454345703
0.01894855499267578
0.008815288543701172
0.01219320297241211
0.013641357421875
0.010454654693603516
0.012420177459716797
0.011308670043945312
0.010435104370117188
0.012790203094482422
0.01405954360961914
0.011444330215454102
0.010732650756835938
0.014459609985351562
0.016443252563476562
0.01026010513305664
0.016948223114013672
0.01362752914428711
0.014369487762451172
0.012276053428649902
0.01128077507019043
0.01630234718322754
0.01116490364074707
0.01580214500427246
0.010849952697753906
0.012679338455200195
0.008785486221313477
0.011138200759887695
0.016468524932861328
0.01234292984008789
0.01273655891418457
0.011561393737792969
0.010816812515258789
0.012494325637817383
0.014121532440185547
0.008459329605102539
0.010263681411743164
0.013928413391113281
0.010991811752319336
0.014147043228149414
0.011353015899658203
0.0157012939453125
0.011613607406616211
0.010104775428771973
0.012338399887084961
0.017981529235839844
0.009222984313964844
0.01169133186340332
0.01039433479309082
0.015990018844604492
0.014137506484985352
0.012188196182250977
0.012600421905517578
0.011672735214233398
0.012386560440063477
0.012068748474121094
0.009095430374145508
0.012450218200683594
0.009863853454589844
0.014264345169067383
0.014054298400878906
0.012791633605957031
0.010370731353759766
0.014521598815917969
0.010225057601928711
0.012169361114501953
0.01147007942199707
0.010330438613891602
0.016488075256347656
0.014560699462890625
0.012874364852905273
0.010225772857666016
0.012457609176635742
0.009543180465698242
0.009568452835083008
0.013488054275512695
0.010493040084838867
0.010012626647949219
0.013619184494018555
0.014849424362182617
0.01157069206237793
0.008827447891235352
0.013949155807495117
0.014507532119750977
0.013120174407958984
0.01446390151977539
0.009191751480102539
0.0137481689453125
0.011134147644042969
0.014189720153808594
0.010509014129638672
0.012043952941894531
0.011332511901855469
0.011643171310424805
0.012430429458618164
0.008867025375366211
0.010656595230102539
0.010530471801757812
0.012104511260986328
0.007378101348876953
0.009885787963867188
0.01732015609741211
0.012782573699951172
0.01307058334350586
0.01128840446472168
0.01454925537109375
0.009619712829589844
0.010314226150512695
0.01206517219543457
0.010791778564453125
0.01328730583190918
0.011667966842651367
0.011569976806640625
0.011244773864746094
0.009474754333496094
0.015136241912841797
0.009940862655639648
0.007605314254760742
0.010893583297729492
0.01298975944519043
0.015689849853515625
0.016702890396118164
0.011356115341186523
0.01224064826965332
0.011613130569458008
0.011268854141235352
0.012944221496582031
0.01330256462097168
0.01175379753112793
0.012600183486938477
0.014998674392700195
0.009335517883300781
0.010413169860839844
0.012163400650024414
0.011048555374145508
0.01129770278930664
0.015625953674316406
0.013708233833312988
0.009953737258911133
0.012598752975463867
0.009268522262573242
0.012175559997558594
0.009312629699707031
0.010426521301269531
0.009293556213378906
0.008664846420288086
0.013202905654907227
0.012482643127441406
0.010822534561157227
0.013029336929321289
0.010410547256469727
0.011699438095092773
0.009790420532226562
0.010821819305419922
0.014086484909057617
0.015832901000976562
0.01139068603515625
0.01584482192993164
0.010869026184082031
0.013385295867919922
0.009575128555297852
0.011325836181640625
0.010531902313232422
0.011620283126831055
0.0109100341796875
0.011528491973876953
0.013011455535888672
0.008928537368774414
0.012939691543579102
0.015331268310546875
0.01158452033996582
0.015120744705200195
0.011587381362915039
0.007582187652587891
0.01044154167175293
0.016577482223510742
0.011620044708251953
0.010618925094604492
0.01139521598815918
0.01331329345703125
0.010895490646362305
0.008778095245361328
0.011882305145263672
0.012697458267211914
0.008634805679321289
0.009891152381896973
0.008375406265258789
0.01102900505065918
0.01476144790649414
0.01034092903137207
0.01334071159362793
0.010153532028198242
0.010689735412597656
0.017269372940063477
0.006906986236572266
0.009670495986938477
0.01110076904296875
0.01179194450378418
0.013020515441894531
0.01033163070678711
0.010415792465209961
0.010843515396118164
0.013079404830932617
0.007846355438232422
0.01157379150390625
0.00869297981262207
0.01325678825378418
0.009061574935913086
0.012342453002929688
0.01138758659362793
0.01452779769897461
0.011293888092041016
0.014983654022216797
0.009452104568481445
0.011269092559814453
0.010967731475830078
0.013315439224243164
0.010180354118347168
0.012031316757202148
0.01343393325805664
0.011539220809936523
0.01176142692565918
0.012616157531738281
0.010987520217895508
0.01427316665649414
0.010043621063232422
0.011783361434936523
0.010730504989624023
0.00895071029663086
0.008058786392211914
0.009650230407714844
0.012036561965942383
0.013417720794677734
0.014223098754882812
0.010013103485107422
0.01072382926940918
0.010255575180053711
0.00786280632019043
0.015129327774047852
0.016414642333984375
0.012858152389526367
0.01026296615600586
0.010015726089477539
0.009617805480957031
0.009616613388061523
0.00912165641784668
0.010629415512084961
0.010080099105834961
0.011464118957519531
0.011932611465454102
0.010589361190795898
0.010972976684570312
0.015137672424316406
0.012603998184204102
0.0073223114013671875
0.007080554962158203
0.011000633239746094
0.010905265808105469
0.01497030258178711
0.009948253631591797
0.01175999641418457
0.014096498489379883
0.009421110153198242
0.008621931076049805
0.010171890258789062
0.01240396499633789
0.011179208755493164
0.009040594100952148
0.010595560073852539
0.010218381881713867
0.009479284286499023
0.010220527648925781
0.012665510177612305
0.011152505874633789
0.015630006790161133
0.010465621948242188
0.014931678771972656
0.012663841247558594
0.013887643814086914
0.008946418762207031
0.007922649383544922
0.009687662124633789
0.010552167892456055
0.011330366134643555
0.010463237762451172
0.00823974609375
0.009317874908447266
0.011528253555297852
0.007888555526733398
0.008367300033569336
0.011620759963989258
0.012935161590576172
0.009498357772827148
0.01223766803741455
0.013149261474609375
0.009495258331298828
0.013348579406738281
0.011752605438232422
0.013269186019897461
0.010413408279418945
0.00950479507446289
0.009080886840820312
0.010345697402954102
0.010419607162475586
0.012697458267211914
0.010318994522094727
0.008030176162719727
0.009880781173706055
0.01118779182434082
0.010154247283935547
0.01361227035522461
0.011365175247192383
0.009252071380615234
0.012266397476196289
0.0115814208984375
0.008913278579711914
0.01406240463256836
0.010331869125366211
0.007295846939086914
0.013413429260253906
0.008611440658569336
0.010975122451782227
0.012011528015136719
0.010059118270874023
0.015579462051391602
0.013166189193725586
0.011987686157226562
0.01185154914855957
0.010030031204223633
0.012721061706542969
0.011177778244018555
0.008666515350341797
0.009728431701660156
0.017406940460205078
0.01050424575805664
0.0096282958984375
0.01206064224243164
0.011506080627441406
0.00911855697631836
0.009272098541259766
0.009451866149902344
0.013897418975830078
0.010369539260864258
0.009265661239624023
0.0070056915283203125
0.010565519332885742
0.00853276252746582
0.011220693588256836
0.008380413055419922
0.00902867317199707
0.009012460708618164
0.01105499267578125
0.010483503341674805
0.011127710342407227
0.012315511703491211
0.011578559875488281
0.010528802871704102
0.010465860366821289
0.010822057723999023
0.009985685348510742
0.009229898452758789
0.012278556823730469
0.01405954360961914
0.01215219497680664
0.010921478271484375
0.013628721237182617
0.011199712753295898
0.01156306266784668
0.0076062679290771484
0.014027595520019531
0.01230478286743164
0.011709213256835938
0.014373540878295898
0.00883173942565918
0.007828712463378906
0.013712406158447266
0.009007453918457031
0.01034688949584961
0.009009838104248047
0.009468793869018555
0.01116800308227539
0.012026309967041016
0.010380744934082031
0.010015249252319336
0.00871586799621582
0.010052680969238281
0.013411521911621094
0.009910941123962402
0.013606548309326172
0.010466337203979492
0.01459956169128418
0.010284423828125
0.010574102401733398
0.009670257568359375
0.012827396392822266
0.007464885711669922
0.00923776626586914
0.008132219314575195
0.009408712387084961
0.013727426528930664
0.011050224304199219
0.011144399642944336
0.01075887680053711
0.011600494384765625
0.01152348518371582
0.013359785079956055
0.016716480255126953
0.010800361633300781
0.01143336296081543
0.010095357894897461
0.009920358657836914
0.010856389999389648
0.009538650512695312
0.007294654846191406
0.009774208068847656
0.011806726455688477
0.009940385818481445
0.012546300888061523
0.011884689331054688
0.014895200729370117
0.009579181671142578
0.011869192123413086
0.010392427444458008
0.009284019470214844
0.009658098220825195
0.009138345718383789
0.011383056640625
0.00953221321105957
0.007573127746582031
0.01047658920288086
0.010315656661987305
0.009796977043151855
0.007928609848022461
0.00922846794128418
0.009312629699707031
0.011552572250366211
0.009291648864746094
0.00966024398803711
0.01273488998413086
0.008525371551513672
0.011050701141357422
0.007423877716064453
0.014271736145019531
0.011156320571899414
0.010450601577758789
0.009792327880859375
0.012555360794067383
0.011391878128051758
0.008913278579711914
0.008710145950317383
0.010653018951416016
0.01287078857421875
0.012083292007446289
0.010941505432128906
0.01130819320678711
0.010367870330810547
0.008976459503173828
0.007728099822998047
0.008240938186645508
0.007749080657958984
0.010940313339233398
0.013489246368408203
0.011546850204467773
0.011687994003295898
0.008605241775512695
0.011466264724731445
0.014148235321044922
0.009023427963256836
0.011502742767333984
0.011844635009765625
0.009543657302856445
0.008982181549072266
0.0078887939453125
0.015376091003417969
0.012291431427001953
0.007210731506347656
0.011106014251708984
0.0093841552734375
0.009400606155395508
0.012997627258300781
0.009145498275756836
0.010011672973632812
0.008427858352661133
0.009012222290039062
0.008967876434326172
0.008892297744750977
0.009619712829589844
0.009628653526306152
0.009883642196655273
0.016521930694580078
0.012761831283569336
0.011720657348632812
0.010439634323120117
0.00905919075012207
0.010248661041259766
0.008664369583129883
0.012824773788452148
0.014459609985351562
0.009178876876831055
0.011745214462280273
0.00966191291809082
0.009749650955200195
0.01111292839050293
0.011521577835083008
0.009067535400390625
0.01266169548034668
0.012086153030395508
0.010441303253173828
0.0077092647552490234
0.01200723648071289
0.015257596969604492
0.009385108947753906
0.008503913879394531
0.011065006256103516
0.012720823287963867
0.0074193477630615234
0.00860452651977539
0.012334585189819336
0.011145830154418945
0.008245229721069336
0.006464481353759766
0.00976252555847168
0.011547327041625977
0.007020235061645508
0.010847806930541992
0.010052919387817383
0.008595466613769531
0.01447296142578125
0.010302305221557617
0.011932849884033203
0.010250091552734375
0.010516643524169922
0.008996248245239258
0.013195395469665527
0.010474681854248047
0.009818077087402344
0.013757467269897461
0.01147913932800293
0.011541366577148438
0.009485483169555664
0.008046150207519531
0.008666515350341797
0.009153366088867188
0.010654449462890625
0.012063264846801758
0.009622573852539062
0.011214971542358398
0.010796546936035156
0.013464212417602539
0.009183406829833984
0.009956598281860352
0.01088094711303711
0.014171838760375977
0.008692026138305664
0.012231588363647461
0.009368419647216797
0.00973963737487793
0.008610963821411133
0.012265205383300781
0.011877775192260742
0.010671854019165039
0.014045000076293945
0.009711265563964844
0.01058816909790039
0.008820295333862305
0.008665323257446289
0.010493040084838867
0.011473655700683594
0.008049726486206055
0.014028549194335938
0.006523609161376953
0.01207733154296875
0.010583162307739258
0.009456157684326172
0.008438587188720703
0.007390499114990234
0.008764266967773438
0.011158227920532227
0.010471343994140625
0.009724855422973633
0.010406017303466797
0.013393878936767578
0.009220361709594727
0.010336637496948242
0.010872840881347656
0.010721206665039062
0.011585235595703125
0.01089167594909668
0.011850833892822266
0.011554718017578125
0.009258747100830078
0.007849931716918945
0.010123014450073242
0.007697105407714844
0.014820575714111328
0.011800527572631836
0.01200723648071289
0.013102293014526367
0.010031700134277344
0.008225202560424805
0.009936332702636719
0.010875701904296875
0.010210752487182617
0.0071790218353271484
0.012469291687011719
0.012562990188598633
0.010308265686035156
0.0078067779541015625
0.010293245315551758
0.015039920806884766
0.010590791702270508
0.011983871459960938
0.009169578552246094
0.010007381439208984
0.00982809066772461
0.011319160461425781
0.010166645050048828
0.011072874069213867
0.007604360580444336
0.010155200958251953
0.010287761688232422
0.010919332504272461
0.00930333137512207
0.011749267578125
0.010412454605102539
0.010582208633422852
0.009964466094970703
0.008916616439819336
0.014078855514526367
0.011002540588378906
0.009806156158447266
0.008566617965698242
0.008651256561279297
0.01157689094543457
0.00800943374633789
0.013494253158569336
0.009213685989379883
0.010506868362426758
0.010092616081237793
0.008695363998413086
0.008292913436889648
0.008893489837646484
0.011074066162109375
0.014126062393188477
0.009797334671020508
0.009181022644042969
0.010003089904785156
0.00902700424194336
0.009871244430541992
0.01283574104309082
0.009965181350708008
0.012514352798461914
0.00955653190612793
0.008300542831420898
0.0156252384185791
0.01236867904663086
0.011663436889648438
0.0070961713790893555
0.007718086242675781
0.011259794235229492
0.01245260238647461
0.012539863586425781
0.008165597915649414
0.009437799453735352
0.01061868667602539
0.013307332992553711
0.008100271224975586
0.012198686599731445
0.00948023796081543
0.010161638259887695
0.009972095489501953
0.008796453475952148
0.010504484176635742
0.010334968566894531
0.012125015258789062
0.008147001266479492
0.008205890655517578
0.010507583618164062
0.008524656295776367
0.013938426971435547
0.008965492248535156
0.00850224494934082
0.011028289794921875
0.009438037872314453
0.008800745010375977
0.01349186897277832
0.007639646530151367
0.008653640747070312
0.010165691375732422
0.009296178817749023
0.008225202560424805
0.01508188247680664
0.009397029876708984
0.008475065231323242
0.005962371826171875
0.01261281967163086
0.011316061019897461
0.011921882629394531
0.013211488723754883
0.00936579704284668
0.012063980102539062
0.012162208557128906
0.00964975357055664
0.011548995971679688
0.011250734329223633
0.010442733764648438
0.011683225631713867
0.009505271911621094
0.012253761291503906
0.014282941818237305
0.011046886444091797
0.011706113815307617
0.010375022888183594
0.0069580078125
0.007901906967163086
0.011277437210083008
0.010633230209350586
0.009476661682128906
0.012523174285888672
0.00852656364440918
0.01174783706665039
0.008698225021362305
0.007965326309204102
0.008390188217163086
0.010584831237792969
0.0084381103515625
0.014566898345947266
0.010483503341674805
0.010097026824951172
0.009105920791625977
0.011793375015258789
0.0095977783203125
0.009697437286376953
0.010366559028625488
0.011510610580444336
0.01067352294921875
0.010823965072631836
0.008556604385375977
0.013272523880004883
0.009098529815673828
0.010962486267089844
0.0072557926177978516
0.01130533218383789
0.012493610382080078
0.009543180465698242
0.010308504104614258
0.010949134826660156
0.009121417999267578
0.008637666702270508
0.010139703750610352
0.009665489196777344
0.013151168823242188
0.009788036346435547
0.00906991958618164
0.008932113647460938
0.010400772094726562
0.010478496551513672
0.00974893569946289
0.010237693786621094
0.011427164077758789
0.01047968864440918
0.011395454406738281
0.0113067626953125
0.01137542724609375
0.00929403305053711
0.01819157600402832
0.007025957107543945
0.012296438217163086
0.007983684539794922
0.0122528076171875
0.0069522857666015625
0.00981760025024414
0.009067773818969727
0.009345531463623047
0.011382818222045898
0.01050710678100586
0.010555624961853027
0.013013601303100586
0.009316205978393555
0.009619951248168945
0.011610269546508789
0.0076313018798828125
0.012833118438720703
0.013757944107055664
0.011717557907104492
0.012805461883544922
0.010079622268676758
0.009485006332397461
0.009389877319335938
0.015178442001342773
0.008460521697998047
0.010730504989624023
0.007793903350830078
0.009835243225097656
0.007580757141113281
0.013745784759521484
0.007750511169433594
0.008082151412963867
0.009629964828491211
0.008164167404174805
0.008115768432617188
0.009594202041625977
0.007877111434936523
0.012933969497680664
0.009078741073608398
0.010102272033691406
0.009595155715942383
0.013228416442871094
0.0100860595703125
0.011389970779418945
0.01263284683227539
0.008942604064941406
0.008693933486938477
0.010568618774414062
0.011265039443969727
0.007867097854614258
0.009545326232910156
0.00883030891418457
0.011451244354248047
0.008939266204833984
0.009294509887695312
0.009271383285522461
0.010096311569213867
0.010870695114135742
0.012243986129760742
0.010193824768066406
0.010244131088256836
0.010246515274047852
0.00868844985961914
0.010799884796142578
0.012958288192749023
0.00870823860168457
0.01264810562133789
0.009972095489501953
0.013361454010009766
0.010712623596191406
0.010066509246826172
0.008629322052001953
0.012318849563598633
0.01041269302368164
0.010461568832397461
0.010737895965576172
0.007193326950073242
0.011813759803771973
0.010606050491333008
0.010418176651000977
0.009801387786865234
0.012564897537231445
0.010172605514526367
0.009843111038208008
0.009167671203613281
0.011191129684448242
0.009594917297363281
0.006223917007446289
0.011626958847045898
0.009791374206542969
0.009449481964111328
0.00868368148803711
0.012641668319702148
0.01073765754699707
0.011686086654663086
0.01267862319946289
0.00857996940612793
0.010715961456298828
0.01290130615234375
0.009674787521362305
0.007430315017700195
0.009957313537597656
0.009749650955200195
0.01354360580444336
0.011990070343017578
0.009198427200317383
0.011948823928833008
0.007256507873535156
0.0067138671875
0.009209871292114258
0.012827634811401367
0.009395360946655273
0.010753750801086426
0.0077304840087890625
0.008697032928466797
0.010994195938110352
0.00963592529296875
0.01049184799194336
0.008869409561157227
0.015520811080932617
0.008688688278198242
0.007734537124633789
0.013098478317260742
0.01125335693359375
0.010384082794189453
0.011193275451660156
0.007579803466796875
0.008478641510009766
0.01412653923034668
0.009062528610229492
0.008794546127319336
0.007904052734375
0.008341073989868164
0.010296344757080078
0.012051582336425781
0.014160394668579102
0.012368440628051758
0.010095834732055664
0.010650873184204102
0.011845588684082031
0.008370399475097656
0.010293245315551758
0.011706352233886719
0.009108781814575195
0.011088371276855469
0.00944209098815918
0.010981082916259766
0.014711618423461914
0.010631084442138672
0.00924992561340332
0.008805274963378906
0.009780406951904297
0.009346246719360352
0.012349128723144531
0.011440038681030273
0.009117841720581055
0.009059667587280273
0.00872039794921875
0.008921623229980469
0.010470151901245117
0.012368440628051758
0.008304357528686523
0.008468389511108398
0.01086282730102539
0.0119171142578125
0.009376764297485352
0.0120391845703125
0.008456230163574219
0.009353160858154297
0.007960319519042969
0.008757829666137695
0.011947393417358398
0.00728297233581543
0.010651350021362305
0.012618064880371094
0.011768817901611328
0.009673595428466797
0.013350725173950195
0.010736942291259766
0.01004171371459961
0.011162042617797852
0.011905670166015625
0.008960485458374023
0.010096311569213867
0.011795282363891602
0.011005878448486328
0.011223077774047852
0.01025843620300293
0.008146524429321289
0.013416290283203125
0.010708093643188477
0.007877111434936523
0.010583162307739258
0.008908510208129883
0.008518218994140625
0.007596015930175781
0.011592864990234375
0.009222030639648438
0.0169980525970459
0.008290767669677734
0.008381128311157227
0.012144327163696289
0.011296987533569336
0.010239362716674805
0.011774778366088867
0.007579803466796875
0.010297298431396484
0.008683204650878906
0.008961915969848633
0.01168203353881836
0.01130056381225586
0.008520364761352539
0.008846044540405273
0.008628606796264648
0.008333683013916016
0.013837099075317383
0.011809587478637695
0.010896921157836914
0.00990915298461914
0.007117509841918945
0.011856555938720703
0.010475635528564453
0.009549856185913086
0.006837606430053711
0.010667800903320312
0.009964466094970703
0.012403249740600586
0.010156393051147461
0.008646726608276367
0.011560440063476562
0.008672714233398438
0.008392333984375
0.010921478271484375
0.010955333709716797
0.013387441635131836
0.009421825408935547
0.011466503143310547
0.010529279708862305
0.008344769477844238
0.01179051399230957
0.008065462112426758
0.008471488952636719
0.011336326599121094
0.009995222091674805
0.011304855346679688
0.010401725769042969
0.012089252471923828
0.009923219680786133
0.010805130004882812
0.009740352630615234
0.008880376815795898
0.005898952484130859
0.010740995407104492
0.010225772857666016
0.011641263961791992
0.010165691375732422
0.009575843811035156
0.010573148727416992
0.011506080627441406
0.011924266815185547
0.00898599624633789
0.012033462524414062
0.009899258613586426
0.00843048095703125
0.006239652633666992
0.009566545486450195
0.008371591567993164
0.011730670928955078
0.010320663452148438
0.008594751358032227
0.009945392608642578
0.012800216674804688
0.012376070022583008
0.010864496231079102
0.01139974594116211
0.010614633560180664
0.012896060943603516
0.009295225143432617
0.01094198226928711
0.011482477188110352
0.010674238204956055
