324.788649559021
322.6941680908203
320.1971571445465
320.00212502479553
320.1603045463562
319.2672212123871
319.18576288223267
319.75854420661926
318.40417551994324
320.1132845878601
319.0496287345886
319.24660897254944
318.7829923629761
318.78966999053955
317.4687440395355
315.8101553916931
307.44433546066284
284.36036920547485
257.87104070186615
222.65325212478638
194.44805884361267
167.24604952335358
129.8725088238716
109.5904071033001
94.01547673344612
81.91759872436523
74.61356046795845
71.11609873175621
48.72837084531784
41.41848075389862
34.19182041287422
38.448854804039
30.1649207174778
30.98835864663124
13.76622062921524
11.174996316432953
10.222959101200104
15.964817583560944
14.199848890304565
18.226794362068176
13.0832878947258
3.8729023337364197
2.2598562240600586
5.01484751701355
4.863203406333923
1.0042948126792908
0.4029991626739502
2.828820586204529
1.1991147994995117
4.466205179691315
3.4245500564575195
1.8051856756210327
0.1877741813659668
0.06782996654510498
0.04760777950286865
0.031447410583496094
0.02866184711456299
0.027518033981323242
0.01859748363494873
0.034415602684020996
0.01593482494354248
0.012036800384521484
0.014477372169494629
0.010390281677246094
0.015251755714416504
0.0182344913482666
0.012501001358032227
0.00909888744354248
0.009589791297912598
0.008460044860839844
0.00855410099029541
0.009261608123779297
0.00759434700012207
0.011145591735839844
0.005903959274291992
0.006509065628051758
0.00608372688293457
0.00640261173248291
0.007288098335266113
0.006793022155761719
0.0055419206619262695
0.005487203598022461
0.005907416343688965
0.006539463996887207
0.003541231155395508
0.004587531089782715
0.004185199737548828
0.003955364227294922
0.004418373107910156
0.003741025924682617
0.002942800521850586
0.0037386417388916016
0.0040738582611083984
0.003574848175048828
0.0033736228942871094
0.0030193328857421875
0.003999948501586914
0.004945516586303711
0.0032880306243896484
0.0028235912322998047
0.0035648345947265625
0.0028389692306518555
0.0031490325927734375
0.0024802684783935547
0.0032296180725097656
0.0036246776580810547
0.002573251724243164
0.0024538040161132812
0.0028340816497802734
0.0023304224014282227
0.002778291702270508
0.002549886703491211
0.0026938915252685547
0.002960205078125
0.0029234886169433594
0.0031287670135498047
0.0017976760864257812
0.0016818046569824219
0.002044081687927246
0.002425670623779297
0.002340555191040039
0.0030510425567626953
0.003092050552368164
0.002172708511352539
0.002432107925415039
0.0024034976959228516
0.0016450881958007812
0.00227963924407959
0.00191497802734375
0.0025513172149658203
0.002016425132751465
0.001734018325805664
0.0021762847900390625
0.0021991729736328125
0.0016319751739501953
0.002614259719848633
0.0013194084167480469
0.0022792816162109375
0.00234222412109375
0.0017316341400146484
0.0022983551025390625
0.001737356185913086
0.0017311573028564453
0.0017518997192382812
0.0017516613006591797
0.0027647018432617188
0.0016131401062011719
0.0018203258514404297
0.0015223026275634766
0.0017213821411132812
0.0018851757049560547
0.001674652099609375
0.0014660358428955078
0.0014507770538330078
0.0019233226776123047
0.0023031234741210938
0.0014557838439941406
0.0015499591827392578
0.0017926692962646484
0.0013644695281982422
0.0013637542724609375
0.0011463165283203125
0.0016651153564453125
0.0012073516845703125
0.0014719963073730469
0.0014064311981201172
0.001270294189453125
0.0011603832244873047
0.0018279552459716797
0.0012578964233398438
0.0012462139129638672
0.0016863346099853516
0.00125885009765625
0.0013010501861572266
0.001264810562133789
0.0014400482177734375
0.0011532306671142578
0.001394510269165039
0.0013968944549560547
0.0010919570922851562
0.0011565685272216797
0.0011436939239501953
0.0014240741729736328
0.0009386539459228516
0.001529693603515625
0.0016970634460449219
0.0015954971313476562
0.0012042522430419922
0.0010576248168945312
0.0010223388671875
0.0015146732330322266
0.0013821125030517578
0.0015583038330078125
0.0009524822235107422
0.0010960102081298828
0.0013186931610107422
0.0018649101257324219
0.0010416507720947266
0.0012712478637695312
0.0010364055633544922
0.0013780593872070312
0.0013833045959472656
0.0016622543334960938
0.001009225845336914
0.0009958744049072266
0.0008518695831298828
0.0013365745544433594
0.0010876655578613281
0.001516103744506836
0.0015769004821777344
0.0009169578552246094
0.0011551380157470703
0.001007080078125
0.0009317398071289062
0.0008828639984130859
0.0010602474212646484
0.0009267330169677734
0.0014033317565917969
0.0007507801055908203
0.0012078285217285156
0.0008652210235595703
0.0015273094177246094
0.0013298988342285156
0.0010869503021240234
0.001051187515258789
0.0012295246124267578
0.001340627670288086
0.0010008811950683594
0.0010404586791992188
0.0009899139404296875
0.0007159709930419922
0.0012273788452148438
0.0007205009460449219
0.0009026527404785156
0.0010218620300292969
0.0013306140899658203
0.0008122920989990234
0.0011546611785888672
0.0009238719940185547
0.0010628700256347656
0.0012621879577636719
0.0010521411895751953
0.0009491443634033203
0.0011477470397949219
0.0011055469512939453
0.0011644363403320312
0.0008356571197509766
0.001201629638671875
0.0006532669067382812
0.0009877681732177734
0.0010671615600585938
0.000946044921875
0.0006530284881591797
0.0009407997131347656
0.0011816024780273438
0.0007851123809814453
0.00106048583984375
0.0008544921875
0.0010836124420166016
0.0010700225830078125
0.0007991790771484375
0.0008282661437988281
0.0006642341613769531
0.0005559921264648438
0.0008046627044677734
0.0009169578552246094
0.0007617473602294922
0.0007548332214355469
0.0009620189666748047
0.0010128021240234375
0.0007259845733642578
0.0010638236999511719
0.0008647441864013672
0.0009510517120361328
0.0009210109710693359
0.0007443428039550781
0.0007910728454589844
0.0008685588836669922
0.0010371208190917969
0.0008411407470703125
0.0009005069732666016
0.0006265640258789062
0.0009503364562988281
0.00133514404296875
0.0006909370422363281
0.0007138252258300781
0.0006310939788818359
0.0009799003601074219
0.0006380081176757812
0.0008838176727294922
0.0010454654693603516
0.0005831718444824219
0.0008113384246826172
0.0010123252868652344
0.0009639263153076172
0.0007171630859375
0.001010894775390625
0.0007917881011962891
0.0005583763122558594
0.0009379386901855469
0.0005991458892822266
0.0007727146148681641
0.0006837844848632812
0.0008616447448730469
0.0006575584411621094
0.0009968280792236328
0.0007622241973876953
0.0009229183197021484
0.0007581710815429688
0.0006356239318847656
0.0006966590881347656
0.0006108283996582031
0.0006892681121826172
0.0009691715240478516
0.0005128383636474609
0.0007641315460205078
0.0006930828094482422
0.0008339881896972656
0.0008904933929443359
0.0007872581481933594
0.00048732757568359375
0.0008776187896728516
0.0007505416870117188
0.0007715225219726562
0.0012359619140625
0.0007090568542480469
0.0005571842193603516
0.0005180835723876953
0.0006763935089111328
0.0010993480682373047
0.0005490779876708984
0.0007963180541992188
0.0006997585296630859
0.0012557506561279297
0.0008246898651123047
0.0007586479187011719
0.0007307529449462891
0.0006780624389648438
0.0006241798400878906
0.0007569789886474609
0.0007154941558837891
0.0008046627044677734
0.0006453990936279297
0.0006940364837646484
0.0007159709930419922
0.0008687973022460938
0.0010612010955810547
0.0009648799896240234
0.0005559921264648438
0.0007240772247314453
0.0006368160247802734
0.0008356571197509766
0.0010373592376708984
0.0009262561798095703
0.0007228851318359375
0.0008997917175292969
0.00067901611328125
0.0005660057067871094
0.0003750324249267578
0.0005135536193847656
0.0005779266357421875
0.0007271766662597656
0.0009074211120605469
0.0006968975067138672
0.0004336833953857422
0.00047469139099121094
0.0005710124969482422
0.0008211135864257812
0.0005929470062255859
0.0006630420684814453
0.0006244182586669922
0.0006315708160400391
0.0004703998565673828
0.0006880760192871094
0.000598907470703125
0.0005819797515869141
0.0005552768707275391
0.000579833984375
0.0007643699645996094
0.0005445480346679688
0.0007123947143554688
0.0008206367492675781
0.001001596450805664
0.0005652904510498047
0.0009098052978515625
0.0010619163513183594
0.0006568431854248047
0.0007264614105224609
0.0004913806915283203
0.0007114410400390625
0.0007598400115966797
0.00047659873962402344
0.0005137920379638672
0.0006959438323974609
0.0006835460662841797
0.0005714893341064453
0.0007371902465820312
0.0004944801330566406
0.0006003379821777344
0.000720977783203125
0.0007317066192626953
0.0004343986511230469
0.00041985511779785156
0.0007462501525878906
0.0007913112640380859
0.0005323886871337891
0.0007243156433105469
0.0006520748138427734
0.00048160552978515625
0.000698089599609375
0.0006651878356933594
0.0004935264587402344
0.0004904270172119141
0.0007097721099853516
0.0006690025329589844
0.0007472038269042969
0.0006935596466064453
0.0007314682006835938
0.0005366802215576172
0.0005908012390136719
0.000514984130859375
0.0005953311920166016
0.0009984970092773438
0.0005352497100830078
0.0005364418029785156
0.0006365776062011719
0.000537872314453125
0.0005397796630859375
0.0003781318664550781
0.0005948543548583984
0.0006108283996582031
0.000606536865234375
0.0007476806640625
0.000545501708984375
0.0005092620849609375
0.0009560585021972656
0.0007426738739013672
0.00038552284240722656
0.0005908012390136719
0.00075531005859375
0.0006542205810546875
0.0006320476531982422
0.0005128383636474609
0.0004968643188476562
0.0009381771087646484
0.0005905628204345703
0.0006258487701416016
0.0006306171417236328
0.0006275177001953125
0.00037360191345214844
0.0006382465362548828
0.00072479248046875
0.0007331371307373047
0.00064849853515625
0.0005068778991699219
0.00040268898010253906
0.0005128383636474609
0.0007154941558837891
0.0005533695220947266
0.0005514621734619141
0.0005121231079101562
0.0008139610290527344
0.0004901885986328125
0.0007283687591552734
0.0007309913635253906
0.0005419254302978516
0.0007827281951904297
0.0004413127899169922
0.0005600452423095703
0.0004837512969970703
0.0006935596466064453
0.0005924701690673828
0.0003542900085449219
0.0007102489471435547
0.000484466552734375
0.0006382465362548828
0.0007367134094238281
0.000720977783203125
0.0006279945373535156
0.0005741119384765625
0.0005762577056884766
0.00048422813415527344
0.0007948875427246094
0.0005030632019042969
0.00047659873962402344
0.0006058216094970703
0.0005817413330078125
0.0006868839263916016
0.0004200935363769531
0.0007929801940917969
0.0005054473876953125
0.00043082237243652344
0.0004036426544189453
0.0007023811340332031
0.00036978721618652344
0.000370025634765625
0.0005121231079101562
0.0007655620574951172
0.0007386207580566406
0.0004980564117431641
0.0005233287811279297
0.0003840923309326172
0.0005154609680175781
0.0007236003875732422
0.0004496574401855469
0.0006699562072753906
0.0005736351013183594
0.0005741119384765625
0.0007250308990478516
0.0005540847778320312
0.0005500316619873047
0.0006544589996337891
0.0005850791931152344
0.0006570816040039062
0.0006763935089111328
0.0004930496215820312
0.0004794597625732422
0.0004057884216308594
0.0004374980926513672
0.0005745887756347656
0.0005190372467041016
0.0009326934814453125
0.0005421638488769531
0.0005280971527099609
0.0006768703460693359
0.0005793571472167969
0.0004000663757324219
0.00048065185546875
0.0005078315734863281
0.0005915164947509766
0.0005872249603271484
0.00045800209045410156
0.0005974769592285156
0.0005445480346679688
0.0006237030029296875
0.0006470680236816406
0.0005784034729003906
0.0005691051483154297
0.0005619525909423828
0.00047206878662109375
0.0003979206085205078
0.0004482269287109375
0.0006444454193115234
0.00045871734619140625
0.0003402233123779297
0.0007424354553222656
0.00040602684020996094
0.0006234645843505859
0.000530242919921875
0.000499725341796875
0.0006070137023925781
0.0004892349243164062
0.0004525184631347656
0.0006330013275146484
0.00036787986755371094
0.0004012584686279297
0.0004661083221435547
0.00035381317138671875
0.0003981590270996094
0.0008494853973388672
0.00048828125
0.00043463706970214844
0.00043272972106933594
0.0008225440979003906
0.0003819465637207031
0.0006775856018066406
0.0005586147308349609
0.0006124973297119141
0.00040912628173828125
0.0006639957427978516
0.0007059574127197266
0.0005555152893066406
0.0005781650543212891
0.0004990100860595703
0.0007340908050537109
0.0005805492401123047
0.0005984306335449219
0.0004987716674804688
0.0005364418029785156
0.0005047321319580078
0.0004665851593017578
0.0005738735198974609
0.0005843639373779297
0.0007395744323730469
0.00048065185546875
0.0004279613494873047
0.0003807544708251953
0.0002818107604980469
0.0004947185516357422
0.0005440711975097656
0.00040459632873535156
0.0006883144378662109
0.000591278076171875
0.0004944801330566406
0.0003619194030761719
0.0006921291351318359
0.0005559921264648438
0.0004851818084716797
0.0005862712860107422
0.0006053447723388672
0.0004451274871826172
0.00045013427734375
0.0005738735198974609
0.0005369186401367188
0.0005018711090087891
0.0005779266357421875
0.0006134510040283203
0.0004436969757080078
0.0006906986236572266
0.0005035400390625
0.00043964385986328125
0.0005364418029785156
0.0005855560302734375
0.00042247772216796875
0.0004417896270751953
0.0005161762237548828
0.00045180320739746094
0.0006132125854492188
0.00047707557678222656
0.0005438327789306641
0.0004305839538574219
0.0005197525024414062
0.0005557537078857422
0.0003228187561035156
0.00063323974609375
0.0004963874816894531
0.0005171298980712891
0.00042748451232910156
0.0005300045013427734
0.0004608631134033203
0.0005977153778076172
0.0005285739898681641
0.00067138671875
0.0008456707000732422
0.0004341602325439453
0.0005514621734619141
0.0006051063537597656
0.0005397796630859375
0.0005035400390625
0.0005002021789550781
0.0004515647888183594
0.0003933906555175781
0.0004971027374267578
0.0004317760467529297
0.0005292892456054688
0.0003211498260498047
0.0006046295166015625
0.0005714893341064453
0.001016378402709961
0.0003294944763183594
0.00035381317138671875
0.0006380081176757812
0.0004608631134033203
0.0004093647003173828
0.0005257129669189453
0.00041985511779785156
0.0004889965057373047
0.0004105567932128906
0.0005643367767333984
0.00038242340087890625
0.0005650520324707031
0.00037980079650878906
0.0005211830139160156
0.0005395412445068359
0.0006420612335205078
0.0004830360412597656
0.0004055500030517578
0.0005548000335693359
0.0005755424499511719
0.0004942417144775391
0.0003223419189453125
0.0004448890686035156
0.0004329681396484375
0.0006062984466552734
0.0006256103515625
0.00040602684020996094
0.00054931640625
0.0005040168762207031
0.0003619194030761719
0.0004973411560058594
0.0004458427429199219
0.0006382465362548828
0.00038242340087890625
0.0004220008850097656
0.0004146099090576172
0.0007412433624267578
0.0005395412445068359
0.0004279613494873047
0.0005574226379394531
0.0003821849822998047
0.0004379749298095703
0.00040841102600097656
0.00033926963806152344
0.0007433891296386719
0.00048065185546875
0.0003509521484375
0.00044846534729003906
0.0004966259002685547
0.0004603862762451172
0.000576019287109375
0.0006587505340576172
0.0004794597625732422
0.0006103515625
0.000469207763671875
0.0003063678741455078
0.0005252361297607422
0.00047898292541503906
0.0006048679351806641
0.00041794776916503906
0.00042819976806640625
0.0005245208740234375
0.0005526542663574219
0.0005671977996826172
0.00047707557678222656
0.0005979537963867188
0.0005137920379638672
0.00036597251892089844
0.0003762245178222656
0.0005052089691162109
0.0004527568817138672
0.0005517005920410156
0.00037550926208496094
0.00044035911560058594
0.0007672309875488281
0.00034046173095703125
0.0006611347198486328
0.0004749298095703125
0.0003094673156738281
0.00060272216796875
0.0005314350128173828
0.0005834102630615234
0.0004680156707763672
0.00023984909057617188
0.0006902217864990234
0.0004146099090576172
0.00044536590576171875
0.0006182193756103516
0.0004069805145263672
0.0004096031188964844
0.0005679130554199219
0.00029158592224121094
0.00042057037353515625
0.000339508056640625
0.00048732757568359375
0.0006451606750488281
0.0004432201385498047
0.0005681514739990234
0.0006120204925537109
0.0005357265472412109
0.0005762577056884766
0.0003712177276611328
0.0005486011505126953
0.0006434917449951172
0.0004086494445800781
0.0005881786346435547
0.0003528594970703125
0.0004849433898925781
0.0004298686981201172
0.0003712177276611328
0.00044655799865722656
0.0005059242248535156
0.0006105899810791016
0.0004506111145019531
0.0005698204040527344
0.0003612041473388672
0.0003464221954345703
0.0005941390991210938
0.0004968643188476562
0.0004284381866455078
0.0004208087921142578
0.0004062652587890625
0.00040221214294433594
0.0004265308380126953
0.0005445480346679688
0.00039649009704589844
0.0003986358642578125
0.0006525516510009766
0.0005757808685302734
0.0003662109375
0.00047397613525390625
0.00042128562927246094
0.0005600452423095703
0.00026488304138183594
0.0005724430084228516
0.0005207061767578125
0.0006337165832519531
0.0005104541778564453
0.0005171298980712891
0.0004229545593261719
0.0003979206085205078
0.0003979206085205078
0.0005311965942382812
0.0004248619079589844
0.00041413307189941406
0.0004990100860595703
0.0005154609680175781
0.00037384033203125
0.0003914833068847656
0.00035834312438964844
0.00037384033203125
0.0007097721099853516
0.0006606578826904297
0.00040030479431152344
0.0004799365997314453
0.0007026195526123047
0.000545501708984375
0.0004413127899169922
0.000530242919921875
0.0004146099090576172
0.0005185604095458984
0.0004975795745849609
0.0003998279571533203
0.0003337860107421875
0.0006442070007324219
0.000293731689453125
0.0003974437713623047
0.0003173351287841797
0.0006890296936035156
0.00043010711669921875
0.0005288124084472656
0.00046753883361816406
0.0004107952117919922
0.00043702125549316406
0.00052642822265625
0.0005970001220703125
0.0004935264587402344
0.00036072731018066406
0.0004379749298095703
0.0004317760467529297
0.0004596710205078125
0.0004904270172119141
0.0004105567932128906
0.0003581047058105469
0.0004947185516357422
0.0004930496215820312
0.0003685951232910156
0.0005681514739990234
0.0004677772521972656
0.00043773651123046875
0.0006220340728759766
0.00036978721618652344
0.0003871917724609375
0.0002567768096923828
0.0005476474761962891
0.0004794597625732422
0.0003437995910644531
0.0005993843078613281
0.0005071163177490234
0.0004801750183105469
0.0005805492401123047
0.00042939186096191406
0.00034427642822265625
0.0003676414489746094
0.00040912628173828125
0.0004036426544189453
0.0003726482391357422
0.0006134510040283203
0.0005583763122558594
0.00037097930908203125
0.000461578369140625
0.0005195140838623047
0.0003135204315185547
0.00044035911560058594
0.00044155120849609375
0.0005970001220703125
0.0004649162292480469
0.0003020763397216797
0.00041413307189941406
0.0003452301025390625
0.00045943260192871094
0.0004756450653076172
0.0006930828094482422
0.00047898292541503906
0.000537872314453125
0.00060272216796875
0.0006549358367919922
0.000637054443359375
0.0004467964172363281
0.0004513263702392578
0.0003592967987060547
0.0004622936248779297
0.0003986358642578125
0.0004305839538574219
0.0004718303680419922
0.0006499290466308594
0.0003859996795654297
0.0005328655242919922
0.0003509521484375
0.00047469139099121094
0.0007250308990478516
0.0004367828369140625
0.0004100799560546875
0.0003962516784667969
0.0005340576171875
0.0005543231964111328
0.0005044937133789062
0.0004589557647705078
0.00024199485778808594
0.00032401084899902344
0.0004477500915527344
0.0004849433898925781
0.0006706714630126953
0.000476837158203125
0.0004062652587890625
0.0006246566772460938
0.0002655982971191406
0.0004258155822753906
0.00044655799865722656
0.0004773139953613281
0.00037860870361328125
0.0005340576171875
0.0003521442413330078
0.00044536590576171875
0.0003514289855957031
0.0005252361297607422
0.0005099773406982422
0.0003936290740966797
0.00038504600524902344
0.0004241466522216797
0.0004374980926513672
0.00033736228942871094
0.0005793571472167969
0.00036644935607910156
0.0004451274871826172
0.0004911422729492188
0.0005831718444824219
0.0005717277526855469
0.0005009174346923828
0.0005443096160888672
0.00054168701171875
0.0004353523254394531
0.00041961669921875
0.0005764961242675781
0.00031375885009765625
0.00040459632873535156
0.0004773139953613281
0.0004355907440185547
0.0006325244903564453
0.0003490447998046875
0.0005362033843994141
0.0005292892456054688
0.0004630088806152344
0.0004429817199707031
0.0005319118499755859
0.0004341602325439453
0.00048232078552246094
0.0003139972686767578
0.00028133392333984375
0.0005161762237548828
0.0004916191101074219
0.00033473968505859375
0.0002620220184326172
0.00035071372985839844
0.000453948974609375
0.0005636215209960938
0.0005066394805908203
0.0004248619079589844
0.0003578662872314453
0.0004329681396484375
0.00034737586975097656
0.00040602684020996094
0.0005161762237548828
0.0004112720489501953
0.0005831718444824219
0.0005102157592773438
0.00047516822814941406
0.0004603862762451172
0.0003962516784667969
0.00047969818115234375
0.00037860870361328125
0.0003407001495361328
0.0004341602325439453
0.00028061866760253906
0.0005891323089599609
0.0004420280456542969
0.0002956390380859375
0.0004298686981201172
0.0004899501800537109
0.0003654956817626953
0.00036716461181640625
0.0004360675811767578
0.0006761550903320312
0.0007197856903076172
0.0004172325134277344
0.0005564689636230469
0.0005240440368652344
0.0003685951232910156
0.0005097389221191406
0.0005609989166259766
0.0005614757537841797
0.0006897449493408203
0.0005044937133789062
0.00027680397033691406
0.0005309581756591797
0.0004153251647949219
0.0004420280456542969
0.0003676414489746094
0.0003898143768310547
0.0005688667297363281
0.00032210350036621094
0.00024175643920898438
0.0005846023559570312
0.0004756450653076172
0.0004105567932128906
0.0003514289855957031
0.0003540515899658203
0.00042629241943359375
0.0004887580871582031
0.00037169456481933594
0.0003762245178222656
0.0003135204315185547
0.0005431175231933594
0.0004305839538574219
0.0005080699920654297
0.0003788471221923828
0.00043010711669921875
0.0005240440368652344
0.0005707740783691406
0.0004115104675292969
0.0005879402160644531
0.000423431396484375
0.0006263256072998047
0.0003807544708251953
0.0004012584686279297
0.0003898143768310547
0.0002560615539550781
0.0004971027374267578
0.0005497932434082031
0.00044155120849609375
0.0005588531494140625
0.0003871917724609375
0.0003829002380371094
0.0004930496215820312
0.000576019287109375
0.00046443939208984375
0.0004553794860839844
0.00047469139099121094
0.0005018711090087891
0.0006058216094970703
0.00045871734619140625
0.0004982948303222656
0.00036144256591796875
0.00037026405334472656
0.0005083084106445312
0.0004563331604003906
0.0003097057342529297
0.00039839744567871094
0.0005877017974853516
0.0005624294281005859
0.0004191398620605469
0.0004229545593261719
0.00045418739318847656
0.00023698806762695312
0.0002987384796142578
0.00040459632873535156
0.0004928112030029297
0.0006260871887207031
0.0005192756652832031
0.0003342628479003906
0.00040268898010253906
0.00038313865661621094
0.0004627704620361328
0.0005414485931396484
0.0005972385406494141
0.0003821849822998047
0.0003142356872558594
0.00029778480529785156
0.0004742145538330078
0.00039458274841308594
0.0005428791046142578
0.0004258155822753906
0.00031447410583496094
0.0003025531768798828
0.0005030632019042969
0.0005307197570800781
0.00038504600524902344
0.0005724430084228516
0.00047969818115234375
0.0004944801330566406
0.0005583763122558594
0.0006995201110839844
0.00031185150146484375
0.00043654441833496094
0.0003814697265625
0.0003402233123779297
0.0003609657287597656
0.0005137920379638672
0.0004277229309082031
0.0003516674041748047
0.00044727325439453125
0.0007817745208740234
0.0003695487976074219
0.00042748451232910156
0.0003485679626464844
0.0003132820129394531
0.000469207763671875
0.00038313865661621094
0.00033402442932128906
0.0004215240478515625
0.0009696483612060547
0.0004448890686035156
0.0004773139953613281
0.00040221214294433594
0.0004177093505859375
0.0003135204315185547
0.0004439353942871094
0.00052642822265625
0.0003769397735595703
0.0003743171691894531
0.0005469322204589844
0.00045609474182128906
0.00030231475830078125
0.00036334991455078125
0.00035858154296875
0.00046825408935546875
0.0003192424774169922
0.0005068778991699219
0.0004208087921142578
0.0005340576171875
0.000537872314453125
0.00043272972106933594
0.0005083084106445312
0.0004284381866455078
0.0006957054138183594
0.0004100799560546875
0.0003962516784667969
0.0004863739013671875
0.0003795623779296875
0.0004265308380126953
0.0005681514739990234
0.00047516822814941406
0.0003662109375
0.0003113746643066406
0.0003199577331542969
0.0004439353942871094
0.0003876686096191406
0.0003361701965332031
0.00042724609375
0.0003819465637207031
0.0006182193756103516
0.0005474090576171875
0.0003829002380371094
0.00037670135498046875
0.000579833984375
0.00039768218994140625
0.0005216598510742188
0.00025534629821777344
0.00032401084899902344
0.0002751350402832031
0.0006415843963623047
0.0003879070281982422
0.0005803108215332031
0.0006234645843505859
0.0004570484161376953
0.00031447410583496094
0.0004494190216064453
0.0006074905395507812
0.0003018379211425781
0.00041937828063964844
0.0003516674041748047
0.0003666877746582031
0.0003542900085449219
0.0006020069122314453
0.000553131103515625
0.0005342960357666016
0.0003745555877685547
0.0005249977111816406
0.0003597736358642578
0.0004458427429199219
0.0003502368927001953
0.0005826950073242188
0.000377655029296875
0.0004303455352783203
0.0005919933319091797
0.00041031837463378906
0.0003211498260498047
0.0005164146423339844
0.00042819976806640625
0.0003654956817626953
0.00033664703369140625
0.0004982948303222656
0.0005614757537841797
0.0006425380706787109
0.0003685951232910156
0.00036835670471191406
0.00040841102600097656
0.00046324729919433594
0.0003979206085205078
0.00037550926208496094
0.0004973411560058594
0.0004239082336425781
0.0004482269287109375
0.00032639503479003906
0.0004930496215820312
0.00027108192443847656
0.0003733634948730469
0.0003426074981689453
0.0005221366882324219
0.0003993511199951172
0.0005040168762207031
0.00033664703369140625
0.0006098747253417969
0.0006189346313476562
0.0003521442413330078
0.0004711151123046875
0.0004942417144775391
0.00039315223693847656
0.0004856586456298828
0.0003552436828613281
0.0005068778991699219
0.0004928112030029297
0.0003838539123535156
0.00023651123046875
0.0008022785186767578
0.0004596710205078125
0.0004303455352783203
0.00046634674072265625
0.0005292892456054688
0.0004944801330566406
0.0004246234893798828
0.0003046989440917969
0.0004279613494873047
0.0004458427429199219
0.000392913818359375
0.0004391670227050781
0.00045609474182128906
0.000499725341796875
0.0005006790161132812
0.0004696846008300781
0.00034999847412109375
0.0005085468292236328
0.00037026405334472656
0.0004458427429199219
0.0004029273986816406
0.0002760887145996094
0.0005252361297607422
0.00047278404235839844
0.0004825592041015625
0.0005209445953369141
0.00045299530029296875
0.0003974437713623047
0.00047469139099121094
0.0003981590270996094
0.0007157325744628906
0.00033664703369140625
0.00044989585876464844
0.00034165382385253906
0.00029659271240234375
0.00031256675720214844
0.000408172607421875
0.0004496574401855469
0.0004737377166748047
0.0003685951232910156
0.0005464553833007812
0.0005507469177246094
0.0005214214324951172
0.0004830360412597656
0.0003376007080078125
0.00033473968505859375
0.00041556358337402344
0.0004673004150390625
0.0006091594696044922
0.0003314018249511719
0.0005078315734863281
0.0003783702850341797
0.0003228187561035156
0.0004706382751464844
0.0004591941833496094
0.00044727325439453125
0.0003066062927246094
0.00035452842712402344
0.00044798851013183594
0.0004105567932128906
0.00047397613525390625
0.0003485679626464844
0.0004241466522216797
0.0004994869232177734
0.00040340423583984375
0.0006504058837890625
0.000362396240234375
0.0003523826599121094
0.0005323886871337891
0.00033593177795410156
0.00047707557678222656
0.0005242824554443359
0.0004949569702148438
0.0006175041198730469
0.0004839897155761719
0.0005390644073486328
0.0003769397735595703
0.0005543231964111328
0.000308990478515625
0.00038313865661621094
0.0003800392150878906
0.0003838539123535156
0.0003521442413330078
0.000457763671875
0.00044846534729003906
0.0005917549133300781
0.0002799034118652344
0.0003941059112548828
0.0005075931549072266
0.0005872249603271484
0.0005619525909423828
0.0005238056182861328
0.00039005279541015625
0.0004863739013671875
0.0004668235778808594
0.0005238056182861328
0.0004222393035888672
0.00038623809814453125
0.0003497600555419922
0.00038623809814453125
0.00046515464782714844
0.0004558563232421875
0.0004038810729980469
0.0006899833679199219
0.0003781318664550781
0.0005130767822265625
0.00027823448181152344
0.0002720355987548828
0.0004477500915527344
0.0004642009735107422
0.000614166259765625
0.0002925395965576172
0.0004684925079345703
0.0006628036499023438
0.0005347728729248047
0.000293731689453125
0.0003998279571533203
0.0003731250762939453
0.00035262107849121094
0.0004754066467285156
0.0004360675811767578
0.00042057037353515625
0.00036263465881347656
0.0005168914794921875
0.00029730796813964844
0.00042819976806640625
0.0005631446838378906
0.0005040168762207031
0.0002720355987548828
0.00038909912109375
0.000370025634765625
0.0004754066467285156
0.00030612945556640625
0.0004849433898925781
0.0004627704620361328
0.00047659873962402344
0.0006105899810791016
0.0004711151123046875
0.0004105567932128906
0.00043487548828125
0.0005719661712646484
0.00042819976806640625
0.0004069805145263672
0.0004940032958984375
0.0004787445068359375
0.00032639503479003906
0.00047469139099121094
0.00036716461181640625
0.0005249977111816406
0.0003485679626464844
0.0003833770751953125
0.0003714561462402344
0.0005023479461669922
0.00032329559326171875
0.0004811286926269531
0.00034427642822265625
0.000335693359375
0.00046253204345703125
0.0004630088806152344
0.0005121231079101562
0.0005996227264404297
0.0004572868347167969
0.000362396240234375
0.0004544258117675781
0.00041675567626953125
0.0004787445068359375
0.0005462169647216797
0.0004303455352783203
0.0003178119659423828
0.00039267539978027344
0.00041604042053222656
0.0004336833953857422
0.0005445480346679688
0.00038933753967285156
0.00046062469482421875
0.0003948211669921875
0.0004906654357910156
0.0004475116729736328
0.0004558563232421875
0.0004513263702392578
0.0004353523254394531
0.00047516822814941406
0.00042438507080078125
0.0004181861877441406
0.0005702972412109375
0.0003921985626220703
0.0006403923034667969
0.00044035911560058594
0.0005261898040771484
0.0007078647613525391
0.0004372596740722656
0.00033736228942871094
0.0006148815155029297
0.0003936290740966797
0.0003769397735595703
0.0003788471221923828
0.0003998279571533203
0.0004935264587402344
0.00030994415283203125
0.0003330707550048828
0.0005729198455810547
0.0003902912139892578
0.0006337165832519531
0.0003261566162109375
0.0003333091735839844
0.00040030479431152344
0.0002779960632324219
0.00043010711669921875
0.00039958953857421875
0.00040149688720703125
0.0003921985626220703
0.0003407001495361328
0.0005576610565185547
0.00039005279541015625
0.0003914833068847656
0.0006062984466552734
0.0004000663757324219
0.00037479400634765625
0.00032401084899902344
0.0003762245178222656
0.0004215240478515625
0.0004036426544189453
0.00038051605224609375
0.0005345344543457031
0.0004184246063232422
0.0006558895111083984
0.0003902912139892578
0.0006692409515380859
0.0004620552062988281
0.0004029273986816406
0.0003638267517089844
0.000553131103515625
0.0003407001495361328
0.0005183219909667969
0.0005266666412353516
0.0005667209625244141
0.0003147125244140625
0.00035834312438964844
0.0002815723419189453
0.0005438327789306641
0.0002999305725097656
0.0004146099090576172
0.0005590915679931641
0.00032258033752441406
0.00047516822814941406
0.0003974437713623047
0.0002460479736328125
0.000385284423828125
0.0006060600280761719
0.0005192756652832031
0.00042128562927246094
0.0005023479461669922
0.0005652904510498047
0.000438690185546875
0.0005016326904296875
0.0004432201385498047
0.00045490264892578125
0.0003523826599121094
0.00026416778564453125
0.0003941059112548828
0.0002906322479248047
0.0002865791320800781
0.0003490447998046875
0.00047278404235839844
0.0005013942718505859
0.0005507469177246094
0.0004665851593017578
0.0004956722259521484
0.0004982948303222656
0.0004673004150390625
0.0005192756652832031
0.00037479400634765625
0.0005407333374023438
0.00043010711669921875
0.0004107952117919922
0.0003235340118408203
0.00040078163146972656
0.0003788471221923828
0.00038909912109375
0.0004451274871826172
0.0005567073822021484
0.0004303455352783203
0.0004012584686279297
0.00043582916259765625
0.0006237030029296875
0.00038695335388183594
0.0005326271057128906
0.0006017684936523438
0.0002593994140625
0.0004398822784423828
0.0005259513854980469
0.0004589557647705078
0.00046634674072265625
0.0004172325134277344
0.00031185150146484375
0.0003032684326171875
0.0003752708435058594
0.0003986358642578125
0.00031304359436035156
0.0003917217254638672
0.0004932880401611328
0.0004324913024902344
0.00035452842712402344
0.0003414154052734375
0.0003974437713623047
0.00040221214294433594
0.0006361007690429688
0.0004551410675048828
0.0004258155822753906
0.0005562305450439453
0.00042366981506347656
0.00030040740966796875
0.00044083595275878906
0.00040340423583984375
0.0004436969757080078
0.0006008148193359375
0.0004894733428955078
0.0007231235504150391
0.00030112266540527344
0.0006000995635986328
0.00041604042053222656
0.0004966259002685547
0.0005614757537841797
0.0004303455352783203
0.0005679130554199219
0.0005478858947753906
0.00046133995056152344
0.00046896934509277344
0.00037860870361328125
0.0004956722259521484
0.00036525726318359375
0.0003323554992675781
0.0004992485046386719
0.0004112720489501953
0.00033545494079589844
0.0003859996795654297
0.0004923343658447266
0.00037741661071777344
0.0004017353057861328
0.0004267692565917969
0.0004987716674804688
0.000347137451171875
0.00037479400634765625
0.00030112266540527344
0.0003814697265625
0.000492095947265625
0.0003502368927001953
0.0004937648773193359
0.0003807544708251953
0.00037789344787597656
0.0004429817199707031
0.0005152225494384766
0.00044226646423339844
0.0004987716674804688
0.00047588348388671875
0.00048065185546875
0.0005357265472412109
0.0005328655242919922
0.0005512237548828125
0.00036716461181640625
0.0005843639373779297
0.0002334117889404297
0.00041675567626953125
0.0004642009735107422
0.0003552436828613281
0.00033402442932128906
0.0003733634948730469
0.0004868507385253906
0.0004565715789794922
0.0003414154052734375
0.0006022453308105469
0.00046324729919433594
0.00032711029052734375
0.00037360191345214844
0.000431060791015625
0.0004458427429199219
0.0003905296325683594
0.0004756450653076172
0.0004150867462158203
0.00042700767517089844
0.00041365623474121094
0.0004017353057861328
0.0004374980926513672
0.0004780292510986328
0.0003762245178222656
0.00040841102600097656
0.0003619194030761719
0.0005321502685546875
0.00042438507080078125
0.00028634071350097656
0.0006265640258789062
0.0002353191375732422
0.00042510032653808594
0.0006182193756103516
0.0002884864807128906
0.0004341602325439453
0.00040459632873535156
0.0005929470062255859
0.00041747093200683594
0.0004048347473144531
0.00046372413635253906
0.00039696693420410156
0.00039267539978027344
0.0004429817199707031
0.0004787445068359375
0.00037097930908203125
0.00034928321838378906
0.00034165382385253906
0.00034165382385253906
0.0005295276641845703
0.00042629241943359375
0.0004918575286865234
0.0005218982696533203
0.0004336833953857422
0.0004513263702392578
0.00040149688720703125
0.0005686283111572266
0.000396728515625
0.0005872249603271484
0.0005745887756347656
0.0003528594970703125
0.0004017353057861328
0.0004029273986816406
0.0004937648773193359
0.0004928112030029297
0.00045418739318847656
0.0004923343658447266
0.00037670135498046875
0.00025844573974609375
0.0004138946533203125
0.00033783912658691406
0.00028228759765625
0.00055694580078125
0.0005049705505371094
0.0004630088806152344
0.0004937648773193359
0.00043201446533203125
0.0004284381866455078
0.00043201446533203125
0.00038313865661621094
0.0005702972412109375
0.0004487037658691406
0.0005846023559570312
0.0003917217254638672
0.0003960132598876953
0.0004401206970214844
0.000720977783203125
0.0003674030303955078
0.0003814697265625
0.00038933753967285156
0.0003762245178222656
0.0003330707550048828
0.000415802001953125
0.0004124641418457031
0.0005576610565185547
0.0004417896270751953
0.00027251243591308594
0.00034618377685546875
0.0004456043243408203
0.0004336833953857422
0.00043845176696777344
0.00040221214294433594
0.0002994537353515625
0.0003991127014160156
0.00042629241943359375
0.00038242340087890625
0.00036907196044921875
0.0006551742553710938
0.00036025047302246094
0.0003337860107421875
0.0004794597625732422
0.0004305839538574219
0.0005030632019042969
0.00038313865661621094
0.0005652904510498047
0.00032639503479003906
0.0003783702850341797
0.0005116462707519531
0.00040149688720703125
0.0004317760467529297
0.0005190372467041016
0.00037932395935058594
0.0005059242248535156
0.0005364418029785156
0.0007698535919189453
0.00047326087951660156
0.00032901763916015625
