325.51018357276917
324.41682386398315
324.58810114860535
324.1889088153839
323.8124485015869
324.0850558280945
323.0455949306488
323.5718529224396
322.9667532444
322.9542992115021
322.5594711303711
322.5594410896301
322.39812874794006
321.75178694725037
321.08217310905457
321.65903186798096
320.8642518520355
319.923748254776
320.04017758369446
319.5054564476013
319.38415455818176
318.762095451355
319.01648235321045
318.29200291633606
318.05872440338135
318.7626221179962
318.4290850162506
318.0744490623474
319.0314645767212
318.37628197669983
318.24482798576355
318.40791296958923
318.8118278980255
317.94157791137695
318.3534574508667
318.5425968170166
318.34074306488037
318.14570808410645
317.44815397262573
318.09468936920166
316.7585301399231
317.8238887786865
317.794282913208
317.6441926956177
317.1668486595154
317.3145706653595
317.1587197780609
316.86586904525757
317.1161208152771
315.2039532661438
316.1387505531311
315.1377282142639
313.4409725666046
312.53952407836914
310.8633556365967
307.9157531261444
302.8638837337494
298.7412052154541
292.342928647995
293.0043132305145
280.5196771621704
278.1598904132843
271.96198201179504
262.82629227638245
259.33463966846466
246.63274383544922
239.51812756061554
229.02612674236298
214.69411385059357
208.4270635843277
199.75904881954193
196.7286415696144
185.61661785840988
190.67476069927216
189.2571483850479
173.62203639745712
173.54600220918655
169.6960290670395
161.9325459599495
147.98722305893898
160.48320066928864
147.35012018680573
153.40413624048233
145.60106295347214
145.23892092704773
132.02167189121246
138.59010934829712
126.80482292175293
122.70363083481789
115.70001286268234
112.17078572511673
112.27603083848953
113.76599478721619
110.11808401346207
103.72739934921265
97.98035821318626
91.55680692195892
91.863496363163
87.67254874110222
84.43380397558212
94.16807022690773
86.19301760196686
77.15493988990784
69.28001976013184
70.3996484875679
64.03753912448883
55.92023050785065
62.55073443055153
60.353204905986786
58.95425969362259
48.726811945438385
54.43910399079323
53.47732448577881
49.51930630207062
45.747722178697586
48.64396262168884
45.3935809135437
49.44065999984741
38.294876396656036
38.17746293544769
40.83104941248894
38.180441439151764
36.50827753543854
41.75061276555061
37.918691515922546
29.174571812152863
38.193670094013214
32.518404483795166
27.55906191468239
29.121422469615936
32.63116466999054
30.383269280195236
25.88222399353981
23.794488668441772
33.11707639694214
24.015551269054413
18.36619609594345
19.743405878543854
23.226516008377075
16.46330600976944
13.049371182918549
18.335535407066345
13.38405054807663
18.714745223522186
14.21964704990387
11.712697863578796
8.078538179397583
19.268775045871735
13.761364251375198
11.979640245437622
12.70921802520752
15.135056018829346
13.424341559410095
11.151199042797089
8.565802812576294
9.710538625717163
13.992086589336395
12.574720650911331
11.603915750980377
11.48835700750351
9.464871644973755
9.336463451385498
10.413113594055176
17.51176130771637
12.759743809700012
8.78963652253151
11.578220069408417
7.764216125011444
6.149484753608704
7.0035253167152405
7.951502501964569
2.493294358253479
4.90200674533844
3.2753418684005737
4.952170252799988
4.544268369674683
11.202516674995422
6.341234922409058
5.893785119056702
4.468472123146057
4.173889219760895
4.902691721916199
8.75072693824768
6.410051107406616
9.427817523479462
5.105138421058655
1.9778374433517456
2.5525819063186646
6.111759781837463
2.9573177099227905
4.747473955154419
7.837199330329895
3.5227859020233154
2.4854670763015747
3.1967618465423584
1.5123990178108215
1.8691247701644897
1.1370896100997925
0.7767212390899658
1.757003903388977
4.098493695259094
1.3306314945220947
1.288185715675354
0.4992121458053589
0.42274415493011475
1.1665895581245422
0.5907630920410156
1.4341679811477661
0.4097757339477539
0.6602846384048462
0.24839317798614502
0.21741139888763428
0.19928884506225586
0.1707746982574463
0.25023019313812256
2.1292951107025146
0.2126065492630005
0.15265679359436035
0.1919541358947754
0.21723532676696777
0.09890234470367432
0.10427069664001465
0.15373444557189941
0.15719270706176758
0.09649741649627686
0.11209404468536377
0.18005919456481934
0.09507787227630615
0.1996225118637085
0.1447768211364746
0.1486576795578003
0.15691113471984863
0.1256181001663208
0.09165191650390625
0.10297584533691406
0.06792962551116943
0.0781247615814209
0.10155463218688965
0.06709051132202148
0.09080708026885986
0.061655402183532715
0.07865774631500244
0.08415937423706055
0.07934856414794922
0.0743412971496582
0.05741989612579346
0.06150484085083008
0.06908011436462402
0.0824507474899292
0.0748908519744873
0.05087924003601074
0.06328082084655762
0.07543718814849854
0.23311924934387207
0.08254194259643555
0.05988049507141113
0.0774846076965332
0.1764841079711914
0.14882612228393555
0.09646821022033691
0.06131601333618164
0.07454681396484375
0.056667327880859375
0.07577860355377197
0.05809211730957031
0.05251789093017578
0.06944406032562256
0.05023312568664551
0.08866500854492188
0.046326637268066406
0.04416215419769287
0.04131913185119629
0.039545536041259766
0.05997514724731445
0.05653977394104004
0.035880088806152344
0.050699710845947266
0.04883265495300293
0.06074976921081543
0.0470585823059082
0.046827077865600586
0.07020258903503418
0.044745683670043945
0.04565000534057617
0.04904532432556152
0.0453343391418457
0.04050183296203613
0.035813093185424805
0.039769649505615234
0.04971623420715332
0.04577517509460449
0.02790379524230957
0.0480349063873291
0.0336458683013916
0.03944087028503418
0.04284524917602539
0.040398359298706055
0.027559518814086914
0.04592132568359375
0.06175124645233154
0.028116822242736816
0.04872703552246094
0.040338754653930664
0.0379338264465332
0.11541414260864258
0.031598806381225586
0.06969404220581055
0.0750586986541748
0.044956207275390625
0.03490042686462402
0.052646636962890625
0.045252323150634766
0.03269243240356445
0.03190803527832031
0.04114413261413574
0.03842496871948242
0.02624654769897461
0.039331912994384766
0.03205513954162598
0.027455806732177734
0.03567075729370117
0.039518117904663086
0.02702498435974121
0.042701005935668945
0.023808002471923828
0.03342032432556152
0.029654502868652344
0.03829669952392578
0.030164003372192383
0.030516624450683594
0.034171342849731445
0.04753875732421875
0.02197575569152832
0.02071404457092285
0.03496694564819336
0.03166556358337402
0.03425335884094238
0.03484940528869629
0.0367121696472168
0.025051593780517578
0.028839111328125
0.023024559020996094
0.04052019119262695
0.020263671875
0.02374577522277832
0.028477907180786133
0.03114497661590576
0.03490781784057617
0.035279273986816406
0.031036853790283203
0.0277712345123291
0.02986764907836914
0.0277249813079834
0.027699947357177734
0.02641010284423828
0.02324676513671875
0.02614307403564453
0.03516077995300293
0.026901960372924805
0.023140430450439453
0.039023399353027344
0.03200793266296387
0.02442193031311035
0.022293806076049805
0.029155254364013672
0.035689592361450195
0.03395962715148926
0.028441905975341797
0.02898240089416504
0.02371954917907715
0.027449607849121094
0.0282437801361084
0.027257680892944336
0.023501873016357422
0.02247452735900879
0.02554917335510254
0.02519965171813965
0.03052210807800293
0.028134584426879883
0.027203083038330078
0.03095412254333496
0.03829240798950195
0.021059274673461914
0.022457599639892578
0.02427530288696289
0.027984619140625
0.02729034423828125
0.02362060546875
0.022154688835144043
0.02474188804626465
0.02387714385986328
0.0194246768951416
0.03348398208618164
0.027144908905029297
0.023967266082763672
0.024108171463012695
0.021126508712768555
0.024269580841064453
0.02419281005859375
0.018117904663085938
0.02504897117614746
0.02147078514099121
0.022711992263793945
0.019132137298583984
0.023483991622924805
0.02892136573791504
0.024118423461914062
0.0223391056060791
0.017305850982666016
0.024169445037841797
0.021157026290893555
0.02196788787841797
0.021643877029418945
0.023166179656982422
0.020540475845336914
0.026178598403930664
0.022339820861816406
0.02471303939819336
0.021602153778076172
0.023942232131958008
0.016145944595336914
0.014369487762451172
0.022463560104370117
0.035559892654418945
0.021502017974853516
0.026807785034179688
0.014806270599365234
0.022077322006225586
0.02181708812713623
0.0195462703704834
0.031129837036132812
0.022205352783203125
0.02156805992126465
0.020107030868530273
0.021404743194580078
0.025432825088500977
0.030560016632080078
0.018979310989379883
0.020319223403930664
0.024115562438964844
0.022226572036743164
0.0160067081451416
0.020228147506713867
0.021920442581176758
0.018097400665283203
0.023687362670898438
0.014720439910888672
0.02007007598876953
0.019567489624023438
0.018615007400512695
0.019605159759521484
0.02104353904724121
0.02261948585510254
0.023373842239379883
0.026572227478027344
0.022225618362426758
0.01629948616027832
0.028006792068481445
0.017045259475708008
0.018954753875732422
0.02938365936279297
0.019405364990234375
0.023491621017456055
0.0190274715423584
0.025080442428588867
0.02186417579650879
0.017371416091918945
0.01641392707824707
0.014144182205200195
0.013805150985717773
0.020604372024536133
0.017102956771850586
0.02698659896850586
0.01529836654663086
0.016839265823364258
0.017010211944580078
0.02212381362915039
0.021126985549926758
0.021594762802124023
0.023169279098510742
0.018960952758789062
0.01630997657775879
0.023142576217651367
0.02047121524810791
0.017047643661499023
0.01616382598876953
0.018004894256591797
0.016665935516357422
0.012284278869628906
0.013637781143188477
0.016695261001586914
0.017428159713745117
0.015017271041870117
0.018249988555908203
0.02161097526550293
0.012230873107910156
0.02383732795715332
0.02038884162902832
0.017888545989990234
0.015948772430419922
0.029742717742919922
0.01788926124572754
0.020356416702270508
0.02083754539489746
0.018630504608154297
0.015077352523803711
0.018051624298095703
0.021834135055541992
0.01647162437438965
0.016588687896728516
0.01939082145690918
0.018730640411376953
0.021062374114990234
0.017731904983520508
0.019002914428710938
0.020921707153320312
0.01892542839050293
0.014262199401855469
0.015254378318786621
0.01754140853881836
0.015238046646118164
0.01818990707397461
0.015090703964233398
0.019037246704101562
0.030675888061523438
0.022048473358154297
0.018015623092651367
0.016587018966674805
0.01718735694885254
0.01528310775756836
0.02181720733642578
0.014893531799316406
0.016877174377441406
0.015680313110351562
0.01622915267944336
0.014543771743774414
0.013886213302612305
0.01962733268737793
0.01148533821105957
0.01365804672241211
0.01437997817993164
0.01899552345275879
0.019614219665527344
0.016746997833251953
0.01783132553100586
0.01607990264892578
0.017415523529052734
0.01854729652404785
0.020360231399536133
0.013074398040771484
0.014328718185424805
0.012936115264892578
0.019228219985961914
0.020702600479125977
0.01948237419128418
0.01434183120727539
0.01599597930908203
0.018136978149414062
0.016825199127197266
0.019316673278808594
0.012881040573120117
0.01678013801574707
0.014243364334106445
0.016324758529663086
0.02082037925720215
0.015447378158569336
0.023889780044555664
0.020935535430908203
0.013929367065429688
0.017037510871887207
0.015868425369262695
0.013852357864379883
0.01673269271850586
0.01514434814453125
0.014166116714477539
0.016934633255004883
0.01310110092163086
0.016083955764770508
0.011897802352905273
0.014148950576782227
0.010927200317382812
0.017461776733398438
0.024958133697509766
0.015569210052490234
0.018342256546020508
0.012836694717407227
0.018633127212524414
0.018568992614746094
0.011697530746459961
0.013969182968139648
0.012636899948120117
0.016446352005004883
0.011477231979370117
0.01849222183227539
0.018616199493408203
0.015040874481201172
0.012530803680419922
0.01506495475769043
0.01589226722717285
0.01770329475402832
0.017488718032836914
0.011983871459960938
0.015331506729125977
0.0197451114654541
0.02234816551208496
0.021521329879760742
0.01628732681274414
0.014597654342651367
0.014409780502319336
0.012076854705810547
0.012130498886108398
0.016640901565551758
0.01603841781616211
0.014377593994140625
0.019687891006469727
0.015283823013305664
0.01933741569519043
0.01565265655517578
0.015941858291625977
0.016259431838989258
0.01111912727355957
0.011574268341064453
0.01671576499938965
0.012438535690307617
0.011986255645751953
0.014447450637817383
0.015015125274658203
0.019402503967285156
0.015591859817504883
0.01164102554321289
0.013602256774902344
0.014402151107788086
0.015596389770507812
0.010399818420410156
0.015634775161743164
0.017089366912841797
0.014867544174194336
0.016681671142578125
0.015848398208618164
0.018190860748291016
0.012112140655517578
0.01207423210144043
0.014375448226928711
0.014087915420532227
0.01725149154663086
0.020550966262817383
0.016754150390625
0.014465808868408203
0.014233112335205078
0.014105558395385742
0.01476740837097168
0.013527870178222656
0.015187501907348633
0.014165163040161133
0.011554479598999023
0.01576089859008789
0.01371455192565918
0.012063980102539062
0.01703333854675293
0.013405561447143555
0.020102739334106445
0.013975858688354492
0.010587692260742188
0.013986587524414062
0.019435644149780273
0.012790918350219727
0.011925458908081055
0.01665353775024414
0.012647390365600586
0.013771295547485352
0.012436628341674805
0.010879278182983398
0.015914201736450195
0.013447761535644531
0.016696929931640625
0.01837158203125
0.017104625701904297
0.014568805694580078
0.014761209487915039
0.0155792236328125
0.01426553726196289
0.01496124267578125
0.017841100692749023
0.011804819107055664
0.015576362609863281
0.010744094848632812
0.017098426818847656
0.018585681915283203
0.014299154281616211
0.017759323120117188
0.01207876205444336
0.014805078506469727
0.014955282211303711
0.015615701675415039
0.012685298919677734
0.01045238971710205
0.013934135437011719
0.010996341705322266
0.015389442443847656
0.014597892761230469
0.01338505744934082
0.013652324676513672
0.016787290573120117
0.019220590591430664
0.012469291687011719
0.013806581497192383
0.014169931411743164
0.015472650527954102
0.013680696487426758
0.01355123519897461
0.012575387954711914
0.014473199844360352
0.008941173553466797
0.015515804290771484
0.01655268669128418
0.012973785400390625
0.013055801391601562
0.015390634536743164
0.015207767486572266
0.016774892807006836
0.011951684951782227
0.011786222457885742
0.017755985260009766
0.014713287353515625
0.014367341995239258
0.012065649032592773
0.014162063598632812
0.014565229415893555
0.019753456115722656
0.011343717575073242
0.01531839370727539
0.015014171600341797
0.013030529022216797
0.012248992919921875
0.017913103103637695
0.013898849487304688
0.009831666946411133
0.014551162719726562
0.013451576232910156
0.012654542922973633
0.012468814849853516
0.015822649002075195
0.011971473693847656
0.012935876846313477
0.009269952774047852
0.010057449340820312
0.015517473220825195
0.013815879821777344
0.015065193176269531
0.01835465431213379
0.011493444442749023
0.0120697021484375
0.013436555862426758
0.009605169296264648
0.011444807052612305
0.01203012466430664
0.00972747802734375
0.01276087760925293
0.017985105514526367
0.013154745101928711
0.01589679718017578
0.014101028442382812
0.012513160705566406
0.01185297966003418
0.014471769332885742
0.01200413703918457
0.014189958572387695
0.013509035110473633
0.018064022064208984
0.012384653091430664
0.01088571548461914
0.01518869400024414
0.011647462844848633
0.01329803466796875
0.011354684829711914
0.01638174057006836
0.009297370910644531
0.012759923934936523
0.01587653160095215
0.01676321029663086
0.018141984939575195
0.013670921325683594
0.013388395309448242
0.013263702392578125
0.013350725173950195
0.012613534927368164
0.011833667755126953
0.013152122497558594
0.01132059097290039
0.012610912322998047
0.014712810516357422
0.012870550155639648
0.012378692626953125
0.012426137924194336
0.018365144729614258
0.013197660446166992
0.011677980422973633
0.015040874481201172
0.014196634292602539
0.014132976531982422
0.011937379837036133
0.010249137878417969
0.014187812805175781
0.013428449630737305
0.011798858642578125
0.01279902458190918
0.009942054748535156
0.016582012176513672
0.01788640022277832
0.011354207992553711
0.01388406753540039
0.011842966079711914
0.013610124588012695
0.0153350830078125
0.011010408401489258
0.014523983001708984
0.015943527221679688
0.01230168342590332
0.011843442916870117
0.013538837432861328
0.010658025741577148
0.012315034866333008
0.011600017547607422
0.010783195495605469
0.014371395111083984
0.011255502700805664
0.014078378677368164
0.012642145156860352
0.011550426483154297
0.012211799621582031
0.015608072280883789
0.014484643936157227
0.013161897659301758
0.014590024948120117
0.014453411102294922
0.012404918670654297
0.013865947723388672
0.014887094497680664
0.009179115295410156
0.01093912124633789
0.010610818862915039
0.014651298522949219
0.017137527465820312
0.01250457763671875
0.014819622039794922
0.012142658233642578
0.015954017639160156
0.011336326599121094
0.013228654861450195
0.013828277587890625
0.01141977310180664
0.011626005172729492
0.011319160461425781
0.010918855667114258
0.010795831680297852
0.018495559692382812
0.010361671447753906
0.013597965240478516
0.01525568962097168
0.011414527893066406
0.015948772430419922
0.010658979415893555
0.008748769760131836
0.009492874145507812
0.009778499603271484
0.014691591262817383
0.012549638748168945
0.011563301086425781
0.014930248260498047
0.016414880752563477
0.01206517219543457
0.015376567840576172
0.010293006896972656
0.014333963394165039
0.013181686401367188
0.014094114303588867
0.016481637954711914
0.014060497283935547
0.01355123519897461
0.011258602142333984
0.011161565780639648
0.014019966125488281
0.013133764266967773
0.013813018798828125
0.008519411087036133
0.015015602111816406
0.013099908828735352
0.008049726486206055
0.01344752311706543
0.012151002883911133
0.013167142868041992
0.012115240097045898
0.011691093444824219
0.012132406234741211
0.012786388397216797
0.015865087509155273
0.013913154602050781
0.011737823486328125
0.009622335433959961
0.014342784881591797
0.01350855827331543
0.011463165283203125
0.014373302459716797
0.011983633041381836
0.012478351593017578
0.01337122917175293
0.011011362075805664
0.011024951934814453
0.015030145645141602
0.011762857437133789
0.010850906372070312
0.01315927505493164
0.01558995246887207
0.013174295425415039
0.01747417449951172
0.012300729751586914
0.013839960098266602
0.009904861450195312
0.013750553131103516
0.010309696197509766
0.012701034545898438
0.011229515075683594
0.012807846069335938
0.012133359909057617
0.019153594970703125
0.011224508285522461
0.011437416076660156
0.010924577713012695
0.006911277770996094
0.009844779968261719
0.014170646667480469
0.012159585952758789
0.014048337936401367
0.013804197311401367
0.014087915420532227
0.014786243438720703
0.009487390518188477
0.015995502471923828
0.01341557502746582
0.01034688949584961
0.010157108306884766
0.012531280517578125
0.010371208190917969
0.011951208114624023
0.012550830841064453
0.008154153823852539
0.01307988166809082
0.014723539352416992
0.012883424758911133
0.013608694076538086
0.017513036727905273
0.010472774505615234
0.016175508499145508
0.013756036758422852
0.01239156723022461
0.009130239486694336
0.014332294464111328
0.011119842529296875
0.010980844497680664
0.008443832397460938
0.012033700942993164
0.011026859283447266
0.013814926147460938
0.009704113006591797
0.015245676040649414
0.013458728790283203
0.01264810562133789
0.00955510139465332
0.014368534088134766
0.011564016342163086
0.009686708450317383
0.015178442001342773
0.013176679611206055
0.017101049423217773
0.01613759994506836
0.016269445419311523
0.013719558715820312
0.00833582878112793
0.010132312774658203
0.011516571044921875
0.012877702713012695
0.01130223274230957
0.009939908981323242
0.013184309005737305
0.010703802108764648
0.011157512664794922
0.01192331314086914
0.012451410293579102
0.010051965713500977
0.014379024505615234
0.009829044342041016
0.011392593383789062
0.014702558517456055
0.013241052627563477
0.010494470596313477
0.013292789459228516
0.011443614959716797
0.012294292449951172
0.010111331939697266
0.008986711502075195
0.011737585067749023
0.012261152267456055
0.014840841293334961
0.012490510940551758
0.015373468399047852
0.009717226028442383
0.012673377990722656
0.012442827224731445
0.01339411735534668
0.011399507522583008
0.008907318115234375
0.011695384979248047
0.011790752410888672
0.016229629516601562
0.015266180038452148
0.013829708099365234
0.010859966278076172
0.011721611022949219
0.012286901473999023
0.010721921920776367
0.011284112930297852
0.014049291610717773
0.0183870792388916
0.01127934455871582
0.012849807739257812
0.01566004753112793
0.009166479110717773
0.010683774948120117
0.013930559158325195
0.011027812957763672
0.011245250701904297
0.0106658935546875
0.010714530944824219
0.014621973037719727
0.012675762176513672
0.013468027114868164
0.01802802085876465
0.008391857147216797
0.01127004623413086
0.013262510299682617
0.014310359954833984
0.011289596557617188
0.012909889221191406
0.008358478546142578
0.009418964385986328
0.014631509780883789
0.009252786636352539
0.012660741806030273
0.010979413986206055
0.008176803588867188
0.01143789291381836
0.012269258499145508
0.011745691299438477
0.012662410736083984
0.011695146560668945
0.012477636337280273
0.011525392532348633
0.011090517044067383
0.013143539428710938
0.010393857955932617
0.013846397399902344
0.010574817657470703
0.011141538619995117
0.012696027755737305
0.01411747932434082
0.010543584823608398
0.014495372772216797
0.008362531661987305
0.011574506759643555
0.013549566268920898
0.01077723503112793
0.010469675064086914
0.012958049774169922
0.009524106979370117
0.010782957077026367
0.00892782211303711
0.010430574417114258
0.015454292297363281
0.013918638229370117
0.010225534439086914
0.015946626663208008
0.009315013885498047
0.012060403823852539
0.011274337768554688
0.011555194854736328
0.0194547176361084
0.010964632034301758
0.010361909866333008
0.012050151824951172
0.014277219772338867
0.012816905975341797
0.008961677551269531
0.011532783508300781
0.009253501892089844
0.016045093536376953
0.015292882919311523
0.01222538948059082
0.011240959167480469
0.012398242950439453
0.014108657836914062
0.01088571548461914
0.011384963989257812
0.013127803802490234
0.010694503784179688
0.012477636337280273
0.011833667755126953
0.009634017944335938
0.012082576751708984
0.011556386947631836
0.011761188507080078
0.010937213897705078
0.013511180877685547
0.016020774841308594
0.012862443923950195
0.011874675750732422
0.012054204940795898
0.014368772506713867
0.012117862701416016
0.00890040397644043
0.009045124053955078
0.009925127029418945
0.009417533874511719
0.01047372817993164
0.011915206909179688
0.010618209838867188
0.009595632553100586
0.015594959259033203
0.01160120964050293
0.013232946395874023
0.012997865676879883
0.01169276237487793
0.009135961532592773
0.014103412628173828
0.014913558959960938
0.0077648162841796875
0.01144862174987793
0.012907981872558594
0.00923609733581543
0.009462833404541016
0.015327215194702148
0.012923479080200195
0.00973963737487793
0.01328134536743164
0.012534379959106445
0.009916067123413086
0.012803792953491211
0.01290583610534668
0.01155400276184082
0.01099252700805664
0.010800600051879883
0.011326074600219727
0.016375064849853516
0.013734102249145508
0.010288476943969727
0.010401248931884766
0.012705564498901367
0.011810541152954102
0.01202082633972168
0.0132293701171875
0.010074138641357422
0.014160633087158203
0.009042024612426758
0.011390924453735352
0.011020660400390625
0.00995182991027832
0.008972406387329102
0.010899782180786133
0.011342525482177734
0.012557506561279297
0.011273622512817383
0.01109933853149414
0.012435436248779297
0.012601137161254883
0.012624025344848633
0.009098052978515625
0.013826847076416016
0.010233879089355469
0.012258529663085938
0.009270429611206055
0.012267827987670898
0.010165214538574219
0.012106180191040039
0.01631951332092285
0.013301610946655273
0.011456489562988281
0.010740518569946289
0.01537179946899414
0.013056278228759766
0.011119365692138672
0.013561725616455078
0.010234594345092773
0.011842966079711914
0.00794672966003418
0.008522510528564453
0.01004934310913086
0.01025390625
0.015729904174804688
0.011525630950927734
0.015689373016357422
0.010283946990966797
0.015786170959472656
0.011693954467773438
0.011175394058227539
0.009542226791381836
0.012065410614013672
0.010847091674804688
0.018214702606201172
0.010999441146850586
0.012720108032226562
0.011229753494262695
0.009826183319091797
0.012091398239135742
0.0113067626953125
0.011208534240722656
0.011255264282226562
0.010463476181030273
0.01368570327758789
0.015589475631713867
0.007271289825439453
0.013584136962890625
0.010535478591918945
0.010120630264282227
0.012568950653076172
0.011580228805541992
0.01278829574584961
0.015062570571899414
0.01059103012084961
0.01128244400024414
0.013234853744506836
0.015249252319335938
0.009369373321533203
0.011297225952148438
0.013419628143310547
0.014426231384277344
0.011654853820800781
0.009514093399047852
0.012122154235839844
0.012816429138183594
0.013114452362060547
0.012105226516723633
0.013703107833862305
0.011460542678833008
0.012015104293823242
0.009555816650390625
0.00803375244140625
0.00962519645690918
0.011174678802490234
0.01122736930847168
0.012196063995361328
0.011647939682006836
0.01094961166381836
0.009393453598022461
0.010530948638916016
0.014066934585571289
0.012681961059570312
0.009583473205566406
0.009405374526977539
0.013173341751098633
0.01029205322265625
0.014563798904418945
0.012833356857299805
0.008719682693481445
0.012638330459594727
0.011040687561035156
0.01088404655456543
0.009160280227661133
0.012393712997436523
0.011499643325805664
0.011246681213378906
0.012051582336425781
0.011061668395996094
0.008910894393920898
0.00953364372253418
0.016087770462036133
0.00988459587097168
0.013844013214111328
0.008898735046386719
0.009144306182861328
0.01509857177734375
0.00970458984375
0.011703014373779297
0.010941505432128906
0.01395273208618164
0.011541128158569336
0.013109922409057617
0.009205818176269531
0.011403799057006836
0.01765918731689453
0.011642694473266602
0.009514331817626953
0.011611223220825195
0.014278411865234375
0.010092973709106445
0.010575056076049805
0.013118743896484375
0.0076122283935546875
0.009862661361694336
0.014042854309082031
0.013001203536987305
0.011499404907226562
0.012635946273803711
0.011034011840820312
0.010358095169067383
0.012881994247436523
0.012003898620605469
0.010235071182250977
0.011749744415283203
0.010595560073852539
0.009070396423339844
0.010823488235473633
0.012633800506591797
0.008962869644165039
0.01185297966003418
0.011914730072021484
0.017272472381591797
0.011245489120483398
0.012552976608276367
0.010717630386352539
0.010566473007202148
0.01086115837097168
0.0160980224609375
0.013845443725585938
0.01064920425415039
0.008440256118774414
0.015112638473510742
0.011345386505126953
0.01281595230102539
0.011267423629760742
0.00789499282836914
0.009660005569458008
0.010697364807128906
0.009083747863769531
0.013667106628417969
0.012716054916381836
0.009876489639282227
0.010696887969970703
0.015156030654907227
0.00989675521850586
0.012270689010620117
0.014093637466430664
0.012626409530639648
0.009287834167480469
0.011442422866821289
0.012296676635742188
0.009059906005859375
0.011757373809814453
0.012279510498046875
0.010916709899902344
0.015142679214477539
0.010865926742553711
0.01279902458190918
0.01323699951171875
0.010119438171386719
0.013640403747558594
0.010443925857543945
0.010975360870361328
0.011891841888427734
0.009715557098388672
0.013939619064331055
0.010596275329589844
0.010351181030273438
0.01104283332824707
0.009916543960571289
0.01403665542602539
0.010817766189575195
0.00823354721069336
0.007990121841430664
0.013301610946655273
0.01302647590637207
0.011740922927856445
0.01402425765991211
0.012468099594116211
0.011262655258178711
0.009170770645141602
0.012264490127563477
0.009948253631591797
0.010354757308959961
0.009675741195678711
0.01200723648071289
0.012756109237670898
0.011551856994628906
0.010793447494506836
0.011722087860107422
0.012452840805053711
0.011308670043945312
0.012484550476074219
0.009147405624389648
0.01237034797668457
0.014129400253295898
0.011626958847045898
0.012844562530517578
0.011517763137817383
0.011144638061523438
0.014305830001831055
0.01222538948059082
0.013586759567260742
0.01148676872253418
0.013707876205444336
0.009798049926757812
0.010693788528442383
0.015398502349853516
0.009039878845214844
0.009987115859985352
0.009110689163208008
0.013923168182373047
0.010540485382080078
0.012863874435424805
0.010538101196289062
0.010675430297851562
0.010086297988891602
0.010501384735107422
0.01324772834777832
0.013261079788208008
0.013829708099365234
0.011959314346313477
0.010608673095703125
0.011915922164916992
0.01402592658996582
0.012562990188598633
0.012682199478149414
0.009381771087646484
0.009484529495239258
0.011145591735839844
0.011983394622802734
0.011472702026367188
0.00819706916809082
0.010717630386352539
0.009321212768554688
0.009940147399902344
0.0130767822265625
0.010854482650756836
0.010660409927368164
0.012742757797241211
0.009859085083007812
0.011612892150878906
0.011451005935668945
0.012078046798706055
0.012385845184326172
0.011329412460327148
0.008588790893554688
0.011687517166137695
0.013330936431884766
0.010150671005249023
0.012740612030029297
0.014221429824829102
0.011773347854614258
0.015676259994506836
0.010724306106567383
0.011166810989379883
0.009093999862670898
0.009319305419921875
0.011809110641479492
0.012003898620605469
0.010993242263793945
0.010670900344848633
0.011415243148803711
0.011884450912475586
0.012105464935302734
0.011882781982421875
0.010947227478027344
0.013039112091064453
0.011558294296264648
0.014559507369995117
0.014597654342651367
0.012196540832519531
0.010555744171142578
0.013181447982788086
0.009293317794799805
0.017833471298217773
0.008374691009521484
0.01041102409362793
0.009882926940917969
0.012305498123168945
0.010887622833251953
0.00955343246459961
0.011889219284057617
0.013489007949829102
0.012552738189697266
0.011560201644897461
0.011207818984985352
0.008884668350219727
0.011887073516845703
0.010761737823486328
0.010023355484008789
0.012512683868408203
0.010967731475830078
0.010567188262939453
0.008480072021484375
0.009858369827270508
0.013810873031616211
0.010813236236572266
0.009974241256713867
0.008416175842285156
0.013397693634033203
0.015100240707397461
0.012752771377563477
0.0136566162109375
0.011183500289916992
0.010312318801879883
0.011491060256958008
0.013132810592651367
0.013318538665771484
0.012847423553466797
0.010303735733032227
0.012567996978759766
0.0087890625
0.008156538009643555
0.011362791061401367
0.009990453720092773
0.009560823440551758
0.010472536087036133
0.010990142822265625
0.013891458511352539
0.01596808433532715
0.014719486236572266
0.011814594268798828
0.016588449478149414
0.009496450424194336
0.010610103607177734
0.011343002319335938
0.013474464416503906
0.009984254837036133
0.008514165878295898
0.0074269771575927734
0.012039661407470703
0.013265371322631836
0.011705398559570312
0.0116729736328125
0.011803388595581055
0.009126901626586914
0.010142803192138672
0.013154268264770508
0.009850740432739258
0.010018110275268555
0.008132696151733398
0.010677337646484375
0.010210990905761719
0.011083841323852539
0.01093292236328125
0.011880159378051758
0.013772249221801758
0.011304616928100586
0.008487224578857422
0.008061408996582031
0.011974573135375977
0.010363578796386719
0.009767532348632812
0.012820243835449219
0.018188953399658203
0.009837627410888672
0.011168956756591797
0.011291980743408203
0.014590263366699219
0.01123952865600586
0.009909629821777344
0.010898351669311523
0.01123189926147461
0.014678239822387695
0.011796712875366211
0.011725425720214844
0.013290166854858398
0.010759592056274414
0.015422344207763672
0.012272834777832031
0.013467788696289062
0.014243125915527344
0.011640548706054688
0.013397216796875
0.012644767761230469
0.010944366455078125
0.008939981460571289
0.01155233383178711
0.011160135269165039
0.008117437362670898
0.013601303100585938
0.008115053176879883
0.009902238845825195
0.009500265121459961
0.009526968002319336
0.011518478393554688
0.012973785400390625
0.009065866470336914
0.013504743576049805
0.01136326789855957
0.010767936706542969
0.01288294792175293
0.01594233512878418
0.011141777038574219
0.01894998550415039
0.009196758270263672
0.01265096664428711
0.009277105331420898
0.009386062622070312
0.010115861892700195
0.012354373931884766
0.011237859725952148
0.008366823196411133
0.013007164001464844
0.011533498764038086
0.010022640228271484
0.010422468185424805
0.013479471206665039
0.01307225227355957
0.013096094131469727
0.01520085334777832
0.012856006622314453
0.013319969177246094
0.01038670539855957
0.009064435958862305
0.010051727294921875
0.011828899383544922
0.010529518127441406
0.009738445281982422
0.007260322570800781
0.010275840759277344
0.011371374130249023
0.013384819030761719
0.014362812042236328
0.010749101638793945
0.01179194450378418
0.010127782821655273
0.01038360595703125
0.013713598251342773
0.012312173843383789
0.01100921630859375
0.010189056396484375
0.01131892204284668
0.010964155197143555
0.01508021354675293
0.009150266647338867
0.010888814926147461
0.011367321014404297
0.011775970458984375
0.013508081436157227
0.009106874465942383
0.011113405227661133
0.010169029235839844
0.013109683990478516
0.009987592697143555
0.012941360473632812
0.011248350143432617
0.01065683364868164
0.010859012603759766
0.009730815887451172
0.010307550430297852
0.015518903732299805
0.011325597763061523
0.009802818298339844
0.01577472686767578
0.013767719268798828
0.013397216796875
0.008750200271606445
0.010044574737548828
0.012221097946166992
0.011119842529296875
0.01373744010925293
0.009800910949707031
0.009909629821777344
0.011144638061523438
0.011997461318969727
0.0121002197265625
0.011811971664428711
0.009721517562866211
0.015676259994506836
0.008192062377929688
0.009942293167114258
0.010269641876220703
0.009773969650268555
0.013541460037231445
0.009646415710449219
0.013841867446899414
0.013231515884399414
0.009321212768554688
0.010714054107666016
0.00803518295288086
0.01129603385925293
0.011984825134277344
0.010120391845703125
0.011134147644042969
0.009515523910522461
0.009958982467651367
0.01318979263305664
0.008808135986328125
0.011889934539794922
0.010065078735351562
0.013355255126953125
0.013757705688476562
0.013418436050415039
0.014430999755859375
0.011056184768676758
0.013321161270141602
0.010772228240966797
0.013762235641479492
0.009473562240600586
0.01455998420715332
0.010470867156982422
0.011422157287597656
0.010889530181884766
0.011895418167114258
0.010835886001586914
