324.99684834480286
323.43401288986206
322.3169050216675
320.0754466056824
319.9854667186737
319.8451142311096
319.1600651741028
318.93681144714355
319.19602274894714
318.66849064826965
318.715948343277
318.93794202804565
318.58325457572937
318.0359671115875
317.77073407173157
316.6297311782837
305.9082417488098
284.63367438316345
269.40146470069885
231.8600788116455
210.8743976354599
201.89732325077057
166.51452296972275
154.64738166332245
133.97672659158707
112.71007540822029
109.8166531920433
92.06946596503258
79.1295177936554
70.04556334018707
60.99527111649513
56.445163398981094
43.73053357005119
40.942846566438675
32.727175116539
29.181986033916473
24.415612757205963
20.471193224191666
23.039139926433563
20.52637791633606
18.863253355026245
18.405742555856705
10.733137965202332
14.37950325012207
12.287614166736603
15.315809905529022
10.015860736370087
16.056934893131256
2.965523064136505
9.721977293491364
4.2074134349823
8.976476103067398
12.068564176559448
8.61830621957779
2.739737391471863
4.6205894947052
7.216271460056305
4.713492929935455
1.979045033454895
17.295592308044434
12.29367607831955
9.442432820796967
4.9285547733306885
0.8847699165344238
2.487270414829254
0.47407662868499756
0.09418296813964844
0.3112729787826538
0.7782160043716431
0.8149365186691284
0.06791210174560547
0.06761884689331055
0.037177443504333496
0.0432354211807251
0.03000330924987793
0.027151942253112793
0.023764967918395996
0.01442861557006836
0.026219487190246582
0.01672220230102539
0.012984514236450195
0.01133716106414795
0.01726853847503662
0.005915641784667969
0.009804606437683105
0.011360526084899902
0.008800506591796875
0.006504535675048828
0.009678959846496582
0.016877174377441406
0.0052831172943115234
0.007846355438232422
0.007779836654663086
0.005089759826660156
0.007592201232910156
0.01271510124206543
0.005881071090698242
0.005448579788208008
0.012327432632446289
0.005338072776794434
0.0072013139724731445
0.0037190914154052734
0.005293130874633789
0.004568576812744141
0.005281209945678711
0.004452943801879883
0.004249095916748047
0.005590200424194336
0.003826737403869629
0.0054395198822021484
0.004275798797607422
0.002664804458618164
0.004597306251525879
0.003106355667114258
0.005668163299560547
0.003143310546875
0.004206657409667969
0.0032198429107666016
0.003915548324584961
0.004389286041259766
0.003221750259399414
0.010820388793945312
0.005586028099060059
0.0028829574584960938
0.0034155845642089844
0.0032701492309570312
0.0029554367065429688
0.0025796890258789062
0.004637956619262695
0.003534555435180664
0.00276947021484375
0.003954648971557617
0.003322601318359375
0.003654956817626953
0.002749204635620117
0.004075765609741211
0.0025069713592529297
0.0033714771270751953
0.002286672592163086
0.0024085044860839844
0.002163410186767578
0.002338409423828125
0.004131317138671875
0.0019021034240722656
0.0022270679473876953
0.0020837783813476562
0.0017688274383544922
0.0020792484283447266
0.0031557083129882812
0.002453327178955078
0.004727602005004883
0.002153635025024414
0.0018572807312011719
0.0024323463439941406
0.003037691116333008
0.0025377273559570312
0.0011377334594726562
0.0016398429870605469
0.002575397491455078
0.0018281936645507812
0.002316713333129883
0.0021522045135498047
0.0033402442932128906
0.0021409988403320312
0.0026559829711914062
0.003531217575073242
0.0021276473999023438
0.002772092819213867
0.002138853073120117
0.00244140625
0.00243377685546875
0.002637624740600586
0.002425670623779297
0.0023021697998046875
0.0021729469299316406
0.0016405582427978516
0.0017452239990234375
0.0020754337310791016
0.002567291259765625
0.0020513534545898438
0.0019805431365966797
0.0010213851928710938
0.0017271041870117188
0.001298666000366211
0.002659320831298828
0.0013172626495361328
0.0013217926025390625
0.0012559890747070312
0.0013613700866699219
0.0010683536529541016
0.0016372203826904297
0.0010099411010742188
0.002718687057495117
0.0017669200897216797
0.0016124248504638672
0.0012652873992919922
0.0014722347259521484
0.0012187957763671875
0.0019621849060058594
0.0018396377563476562
0.002774953842163086
0.0018427371978759766
0.0009260177612304688
0.003075122833251953
0.0026912689208984375
0.001270294189453125
0.001604318618774414
0.002463102340698242
0.0013332366943359375
0.0011131763458251953
0.0014624595642089844
0.0018002986907958984
0.0014467239379882812
0.0018723011016845703
0.001264333724975586
0.0018534660339355469
0.001523733139038086
0.0012187957763671875
0.0009598731994628906
0.0020782947540283203
0.0011844635009765625
0.0009393692016601562
0.0007374286651611328
0.0015115737915039062
0.001058340072631836
0.0013654232025146484
0.0015265941619873047
0.0018434524536132812
0.0010328292846679688
0.001321554183959961
0.0012538433074951172
0.0011963844299316406
0.0011639595031738281
0.0017039775848388672
0.0016164779663085938
0.0014493465423583984
0.0017266273498535156
0.0013654232025146484
0.0006723403930664062
0.0010271072387695312
0.0020754337310791016
0.0025229454040527344
0.0009410381317138672
0.0011501312255859375
0.0017535686492919922
0.0011453628540039062
0.0016102790832519531
0.0011279582977294922
0.001344919204711914
0.0009856224060058594
0.0009088516235351562
0.0008950233459472656
0.0009620189666748047
0.0011975765228271484
0.0015764236450195312
0.00153350830078125
0.0015916824340820312
0.0010678768157958984
0.001068115234375
0.000993490219116211
0.0012514591217041016
0.0018749237060546875
0.0011105537414550781
0.0011525154113769531
0.0009195804595947266
0.0007698535919189453
0.0013275146484375
0.0015935897827148438
0.0014660358428955078
0.0010564327239990234
0.0013418197631835938
0.0008733272552490234
0.0013115406036376953
0.0011029243469238281
0.0009906291961669922
0.0008368492126464844
0.0012896060943603516
0.0012481212615966797
0.0007846355438232422
0.0012545585632324219
0.0014798641204833984
0.00147247314453125
0.000911712646484375
0.0013284683227539062
0.0008628368377685547
0.001184225082397461
0.0007233619689941406
0.0012216567993164062
0.0009069442749023438
0.0011897087097167969
0.0008590221405029297
0.001828908920288086
0.001593470573425293
0.0008344650268554688
0.0011491775512695312
0.0010111331939697266
0.0010440349578857422
0.0011055469512939453
0.0009453296661376953
0.0008056163787841797
0.0010128021240234375
0.0009527206420898438
0.0012822151184082031
0.0010275840759277344
0.0012149810791015625
0.0008723735809326172
0.0007040500640869141
0.0010745525360107422
0.0006368160247802734
0.0011022090911865234
0.0012574195861816406
0.0015759468078613281
0.0011548995971679688
0.0010116100311279297
0.0011112689971923828
0.0010671615600585938
0.0008864402770996094
0.0007719993591308594
0.0007989406585693359
0.0007281303405761719
0.0015721321105957031
0.001264333724975586
0.0007798671722412109
0.0007076263427734375
0.0005385875701904297
0.0012331008911132812
0.0007963180541992188
0.0010788440704345703
0.001348257064819336
0.0010836124420166016
0.0007836818695068359
0.0008068084716796875
0.0011932849884033203
0.0012278556823730469
0.001003265380859375
0.0008604526519775391
0.0010445117950439453
0.0011780261993408203
0.00080108642578125
0.0011235475540161133
0.0007340908050537109
0.0008783340454101562
0.0007951259613037109
0.0007650852203369141
0.0012543201446533203
0.0005931854248046875
0.0004379749298095703
0.0012354850769042969
0.0005996227264404297
0.0008721351623535156
0.0008244514465332031
0.0012023448944091797
0.0013604164123535156
0.000732421875
0.000804901123046875
0.0012907981872558594
0.0006852149963378906
0.0010752677917480469
0.0015811920166015625
0.0008347034454345703
0.0007605552673339844
0.0007078647613525391
0.0009195804595947266
0.0006806850433349609
0.0008368492126464844
0.0007953643798828125
0.0009381771087646484
0.00098419189453125
0.0009932518005371094
0.0009312629699707031
0.0008378028869628906
0.0010488033294677734
0.0008285045623779297
0.0016492605209350586
0.0007679462432861328
0.0007567405700683594
0.0008823871612548828
0.0011093616485595703
0.0009355545043945312
0.0006093978881835938
0.0016857385635375977
0.0008563995361328125
0.0006661415100097656
0.0009958744049072266
0.0007245540618896484
0.0009579658508300781
0.0007176399230957031
0.0005159378051757812
0.0007722377777099609
0.0004558563232421875
0.0006883144378662109
0.0007479190826416016
0.0007402896881103516
0.00074005126953125
0.0009303092956542969
0.001337289810180664
0.0011200904846191406
0.0013184547424316406
0.0008156299591064453
0.0008521080017089844
0.0010983943939208984
0.0003459453582763672
0.0009813308715820312
0.0007491111755371094
0.0007412433624267578
0.0008711814880371094
0.0008797645568847656
0.0007755756378173828
0.0006568431854248047
0.0008678436279296875
0.0006015300750732422
0.0008094310760498047
0.0007681846618652344
0.0006635189056396484
0.001660466194152832
0.0008339881896972656
0.0012145042419433594
0.00043082237243652344
0.001178741455078125
0.0007836818695068359
0.0006852149963378906
0.0005881786346435547
0.000850677490234375
0.0007646083831787109
0.0008425712585449219
0.0007014274597167969
0.0007929801940917969
0.0008339881896972656
0.0005228519439697266
0.001012563705444336
0.0009362697601318359
0.0007627010345458984
0.0005846023559570312
0.0010268688201904297
0.0005710124969482422
0.0007746219635009766
0.0010650157928466797
0.0004222393035888672
0.0006971359252929688
0.001039743423461914
0.0011260509490966797
0.0005316734313964844
0.0005950927734375
0.0009312629699707031
0.0011650323867797852
0.0007264614105224609
0.0011527538299560547
0.0009362697601318359
0.0005133152008056641
0.0005779266357421875
0.0007352828979492188
0.0006465911865234375
0.000583648681640625
0.0008594989776611328
0.0008807182312011719
0.0008864402770996094
0.0005273818969726562
0.0007116794586181641
0.0006978511810302734
0.0008814334869384766
0.0011053085327148438
0.0005733966827392578
0.0010569095611572266
0.0005335807800292969
0.0011548995971679688
0.0006954669952392578
0.0007045269012451172
0.0006854534149169922
0.0006277561187744141
0.0009295940399169922
0.0005197525024414062
0.0006728172302246094
0.0007593631744384766
0.0005154609680175781
0.0006077289581298828
0.0010066032409667969
0.00037932395935058594
0.0008711814880371094
0.0006797313690185547
0.0010967254638671875
0.0008256435394287109
0.0007596015930175781
0.000705718994140625
0.0008325576782226562
0.0005335807800292969
0.0007061958312988281
0.0005092620849609375
0.0005083084106445312
0.0006716251373291016
0.000986337661743164
0.0010297298431396484
0.0007021427154541016
0.0012192726135253906
0.0008230209350585938
0.0005731582641601562
0.0006823539733886719
0.0005881786346435547
0.0005893707275390625
0.0009063482284545898
0.0008232593536376953
0.0010254383087158203
0.0007176399230957031
0.0006394386291503906
0.0007691383361816406
0.0005619525909423828
0.0004162788391113281
0.0005309581756591797
0.001081705093383789
0.0008187294006347656
0.0005481243133544922
0.0007030963897705078
0.00041747093200683594
0.0006656646728515625
0.0007309913635253906
0.0005087852478027344
0.0006539821624755859
0.0007550716400146484
0.0011475086212158203
0.0005507469177246094
0.0008826255798339844
0.0005104541778564453
0.0005438327789306641
0.0006871223449707031
0.00038504600524902344
0.0007181167602539062
0.0007371902465820312
0.0006175041198730469
0.0005927085876464844
0.0010480880737304688
0.0005474090576171875
0.0006670951843261719
0.00044798851013183594
0.0008418560028076172
0.000701904296875
0.0007996559143066406
0.0009403228759765625
0.0008561611175537109
0.0009429454803466797
0.0005929470062255859
0.0008831024169921875
0.0007448196411132812
0.0006947517395019531
0.0008358955383300781
0.00077056884765625
0.0009059906005859375
0.0005581378936767578
0.0005023479461669922
0.0005266666412353516
0.0006361007690429688
0.0004260540008544922
0.0006082057952880859
0.0005652904510498047
0.0004982948303222656
0.0004279613494873047
0.0006799697875976562
0.0006160736083984375
0.0012717247009277344
0.0006432533264160156
0.0005323886871337891
0.0005028247833251953
0.0006933212280273438
0.0009224414825439453
0.0009808540344238281
0.0008845329284667969
0.0005404949188232422
0.0004127025604248047
0.0008137226104736328
0.0007963180541992188
0.0009312629699707031
0.0011757612228393555
0.000522613525390625
0.0008447170257568359
0.0003540515899658203
0.0005466938018798828
0.0007891654968261719
0.0009045600891113281
0.0005714893341064453
0.0006866455078125
0.00044608116149902344
0.000629425048828125
0.0008342266082763672
0.0004291534423828125
0.0006902217864990234
0.0008816719055175781
0.0008375644683837891
0.0005788803100585938
0.0006809234619140625
0.0008244514465332031
0.0005660057067871094
0.000705718994140625
0.0006768703460693359
0.0005738735198974609
0.0006220340728759766
0.0012478828430175781
0.0007200241088867188
0.0004611015319824219
0.0005512237548828125
0.0007741451263427734
0.0007052421569824219
0.0005714893341064453
0.0005130767822265625
0.0005102157592773438
0.0005340576171875
0.0006082057952880859
0.0006189346313476562
0.0009253025054931641
0.0008487701416015625
0.0006914138793945312
0.0008308887481689453
0.0004775524139404297
0.0006575584411621094
0.0005688667297363281
0.0006797313690185547
0.0005154609680175781
0.0005879402160644531
0.00044274330139160156
0.0005304813385009766
0.0005600452423095703
0.0006954669952392578
0.0006248950958251953
0.0011883974075317383
0.0005457401275634766
0.0007107257843017578
0.0006055831909179688
0.00045800209045410156
0.00048422813415527344
0.0008714199066162109
0.0007457733154296875
0.0004673004150390625
0.0005326271057128906
0.0006468296051025391
0.0006678104400634766
0.0006854534149169922
0.0005371570587158203
0.0007536411285400391
0.00047588348388671875
0.0007300376892089844
0.0005636215209960938
0.0004956722259521484
0.0007865428924560547
0.0006816387176513672
0.0007622241973876953
0.0006434917449951172
0.0004999637603759766
0.0007627010345458984
0.0011935234069824219
0.0006439685821533203
0.0010352134704589844
0.0005698204040527344
0.0005085468292236328
0.0006029605865478516
0.0006008148193359375
0.0004761219024658203
0.0007147789001464844
0.0005822181701660156
0.0006108283996582031
0.0005970001220703125
0.0008335113525390625
0.00038504600524902344
0.0007338523864746094
0.0004324913024902344
0.0006327629089355469
0.0004591941833496094
0.0005364418029785156
0.0005521774291992188
0.0009701251983642578
0.0011272430419921875
0.0005202293395996094
0.0008747577667236328
0.0006163120269775391
0.00044274330139160156
0.0005736351013183594
0.0006139278411865234
0.0005860328674316406
0.0007052421569824219
0.0006866455078125
0.0004677772521972656
0.0008826255798339844
0.0003666877746582031
0.000720977783203125
0.0006375312805175781
0.0006887912750244141
0.0005273818969726562
0.0005872249603271484
0.0006866455078125
0.0008897781372070312
0.0007696151733398438
0.0004336833953857422
0.0005960464477539062
0.0004878044128417969
0.0006587505340576172
0.0004928112030029297
0.00041937828063964844
0.0005970001220703125
0.0004975795745849609
0.0007531642913818359
0.0005116462707519531
0.00035834312438964844
0.000698089599609375
0.0005700588226318359
0.0007064342498779297
0.0006651878356933594
0.0010406970977783203
0.000545501708984375
0.0006084442138671875
0.0005459785461425781
0.0006546974182128906
0.0004878044128417969
0.0005209445953369141
0.0008521080017089844
0.0006537437438964844
0.0006105899810791016
0.0012229681015014648
0.0003390312194824219
0.000507354736328125
0.0007586479187011719
0.0008141994476318359
0.0007009506225585938
0.0005548000335693359
0.0007288455963134766
0.00039768218994140625
0.00044083595275878906
0.0004980564117431641
0.0006253719329833984
0.00043082237243652344
0.0005719661712646484
0.00042176246643066406
0.00037598609924316406
0.0005443096160888672
0.0007772445678710938
0.00047588348388671875
0.0006775856018066406
0.0003421306610107422
0.0005319118499755859
0.0004937648773193359
0.0006465911865234375
0.0009888410568237305
0.0008273124694824219
0.0008778572082519531
0.0008189678192138672
0.0010426044464111328
0.0006253719329833984
0.0003962516784667969
0.0006468296051025391
0.0006864070892333984
0.0007646083831787109
0.0005781650543212891
0.0003902912139892578
0.0004317760467529297
0.0005102157592773438
0.0003497600555419922
0.000606536865234375
0.0004506111145019531
0.0006473064422607422
0.0004546642303466797
0.0005552768707275391
0.0005161762237548828
0.0005390644073486328
0.0003910064697265625
0.00043392181396484375
0.00036644935607910156
0.0004534721374511719
0.0006852149963378906
0.0008809566497802734
0.0007159709930419922
0.0006895065307617188
0.0007190704345703125
0.0011858940124511719
0.0005049705505371094
0.00044465065002441406
0.0005261898040771484
0.0006096363067626953
0.0008881092071533203
0.000583648681640625
0.0006899833679199219
0.0009796619415283203
0.0004832744598388672
0.0006368160247802734
0.0006859302520751953
0.0005040168762207031
0.0006530284881591797
0.0008208751678466797
0.0006618499755859375
0.0003924369812011719
0.0005080699920654297
0.0004227161407470703
0.0005970001220703125
0.0004208087921142578
0.0005791187286376953
0.0004394054412841797
0.0005717277526855469
0.0008897781372070312
0.0007817745208740234
0.0006313323974609375
0.00054931640625
0.0003261566162109375
0.0005412101745605469
0.00045561790466308594
0.0007257461547851562
0.0005307197570800781
0.0005342960357666016
0.0006139278411865234
0.0005116462707519531
0.0005633831024169922
0.0008833408355712891
0.00035834312438964844
0.000453948974609375
0.0008339881896972656
0.0007653236389160156
0.00046372413635253906
0.0006527900695800781
0.0007506608963012695
0.0007030963897705078
0.0008676052093505859
0.0004913806915283203
0.0009119510650634766
0.0005948543548583984
0.00087738037109375
0.0005748271942138672
0.0005159378051757812
0.0005915164947509766
0.0004208087921142578
0.0007970333099365234
0.0004405975341796875
0.0007159709930419922
0.0007658004760742188
0.0005908012390136719
0.0005350112915039062
0.0003833770751953125
0.0003383159637451172
0.0004000663757324219
0.0004639625549316406
0.0009695291519165039
0.0005650520324707031
0.0009596347808837891
0.0007846355438232422
0.0007696151733398438
0.0006761550903320312
0.000400543212890625
0.0007665157318115234
0.00048089027404785156
0.0006327629089355469
0.0006728172302246094
0.00029850006103515625
0.0005171298980712891
0.00042247772216796875
0.0006747245788574219
0.0005662441253662109
0.0004127025604248047
0.0005621910095214844
0.0006513595581054688
0.0004963874816894531
0.0004665851593017578
0.0005257129669189453
0.00036907196044921875
0.0003790855407714844
0.0006585121154785156
0.0006997585296630859
0.0007803440093994141
0.001118302345275879
0.0007100105285644531
0.000553131103515625
0.0004975795745849609
0.0005023479461669922
0.0007181167602539062
0.0006694793701171875
0.0004000663757324219
0.0006687641143798828
0.0005376338958740234
0.0006499290466308594
0.0004153251647949219
0.00047707557678222656
0.0007307529449462891
0.0008041858673095703
0.0006186962127685547
0.0005152225494384766
0.0005815029144287109
0.0005156993865966797
0.0004572868347167969
0.000461578369140625
0.0004754066467285156
0.0004582405090332031
0.0008335113525390625
0.0006163120269775391
0.0004744529724121094
0.0005326271057128906
0.0004096031188964844
0.0005044937133789062
0.0003323554992675781
0.000736236572265625
0.0006394386291503906
0.0004851818084716797
0.0004210472106933594
0.0005815029144287109
0.0007967948913574219
0.0005588531494140625
0.0004591941833496094
0.0008301734924316406
0.0007684230804443359
0.00038433074951171875
0.0006542205810546875
0.0005309581756591797
0.0005016326904296875
0.0006108283996582031
0.0007600784301757812
0.0007126331329345703
0.0006096363067626953
0.0005197525024414062
0.0004870891571044922
0.0007947683334350586
0.0004172325134277344
0.0009601116180419922
0.0005180835723876953
0.0003116130828857422
0.0006005764007568359
0.0005865097045898438
0.0005371570587158203
0.0006461143493652344
0.0005300045013427734
0.0008296966552734375
0.0010025501251220703
0.0003063678741455078
0.0003960132598876953
0.0004932880401611328
0.000659942626953125
0.0007297992706298828
0.0003974437713623047
0.0006453990936279297
0.0005779266357421875
0.00037670135498046875
0.0004782676696777344
0.00047707557678222656
0.00039505958557128906
0.0006694793701171875
0.0003752708435058594
0.00046896934509277344
0.0006558895111083984
0.0005409717559814453
0.0003790855407714844
0.00046515464782714844
0.0004966259002685547
0.0005819797515869141
0.0005214214324951172
0.0007507801055908203
0.0006473064422607422
0.0003006458282470703
0.0011627674102783203
0.00066375732421875
0.0004870891571044922
0.0006811618804931641
0.0007913112640380859
0.0007245540618896484
0.0008652210235595703
0.0005192756652832031
0.00029087066650390625
0.0006306171417236328
0.00047087669372558594
0.0004203319549560547
0.0006308555603027344
0.0005235671997070312
0.00045752525329589844
0.00040030479431152344
0.0007727146148681641
0.0006978511810302734
0.0005698204040527344
0.0005731582641601562
0.0006062984466552734
0.0005505084991455078
0.0005345344543457031
0.0006530284881591797
0.0006663799285888672
0.0008456707000732422
0.0006928443908691406
0.0006020069122314453
0.0004189014434814453
0.0007719993591308594
0.0004749298095703125
0.0004782676696777344
0.0004508495330810547
0.00044274330139160156
0.0008370876312255859
0.0005567073822021484
0.0004723072052001953
0.0004875659942626953
0.0005915164947509766
0.000492095947265625
0.0003509521484375
0.00048065185546875
0.0005447864532470703
0.0007369518280029297
0.0005125999450683594
0.0005877017974853516
0.0008857250213623047
0.0005269050598144531
0.0007169246673583984
0.0004634857177734375
0.0005424022674560547
0.0005857944488525391
0.0003998279571533203
0.0008213520050048828
0.0004467964172363281
0.0010385513305664062
0.0008132457733154297
0.00045800209045410156
0.0002357959747314453
0.0007712841033935547
0.00041985511779785156
0.0005490779876708984
0.00048613548278808594
0.0006208419799804688
0.0005385875701904297
0.0006613731384277344
0.00045228004455566406
0.0006554126739501953
0.00041556358337402344
0.00040602684020996094
0.0007460117340087891
0.0005114078521728516
0.00060272216796875
0.0004248619079589844
0.0005640983581542969
0.0004603862762451172
0.0004558563232421875
0.00038909912109375
0.0005395412445068359
0.0006792545318603516
0.0004975795745849609
0.0008649826049804688
0.0007145404815673828
0.0004937648773193359
0.0005338191986083984
0.0006282329559326172
0.0008742809295654297
0.000476837158203125
0.0005676746368408203
0.0006188154220581055
0.0006303787231445312
0.00038909912109375
0.00048661231994628906
0.0007586479187011719
0.00035834312438964844
0.00046515464782714844
0.0006220340728759766
0.0008628368377685547
0.0005571842193603516
0.0003910064697265625
0.0006031990051269531
0.0004284381866455078
0.0006322860717773438
0.00040984153747558594
0.0007119178771972656
0.0005738735198974609
0.0004696846008300781
0.0006313323974609375
0.0003879070281982422
0.0008392333984375
0.0006794929504394531
0.0004940032958984375
0.00042128562927246094
0.0006668567657470703
0.000553131103515625
0.0006265640258789062
0.0008196830749511719
0.0006864070892333984
0.0007865428924560547
0.0006582736968994141
0.00045299530029296875
0.0005702972412109375
0.0005507469177246094
0.0005981922149658203
0.0004603862762451172
0.00048422813415527344
0.0005006790161132812
0.0004267692565917969
0.0010999441146850586
0.00045609474182128906
0.0005831718444824219
0.00039577484130859375
0.0006644725799560547
0.00033354759216308594
0.0003905296325683594
0.0004696846008300781
0.0005648136138916016
0.0004601478576660156
0.0006792545318603516
0.00048613548278808594
0.0004687309265136719
0.0004394054412841797
0.0006432533264160156
0.0005242824554443359
0.0009417533874511719
0.0007104873657226562
0.0004181861877441406
0.0006763935089111328
0.0003216266632080078
0.0008764266967773438
0.0006473064422607422
0.0003600120544433594
0.0005891323089599609
0.0006597042083740234
0.0006043910980224609
0.0004456043243408203
0.0005800724029541016
0.0006921291351318359
0.0007276535034179688
0.0004954338073730469
0.0006351470947265625
0.0003790855407714844
0.00033664703369140625
0.0004658699035644531
0.0003669261932373047
0.0008463859558105469
0.0004487037658691406
0.0003838539123535156
0.00032639503479003906
0.0004849433898925781
0.0007784366607666016
0.0004558563232421875
0.0008962154388427734
0.0003943443298339844
0.00039196014404296875
0.0005738735198974609
0.00048041343688964844
0.0003376007080078125
0.0003795623779296875
0.0006468296051025391
0.0008552074432373047
0.0005848407745361328
0.0005095005035400391
0.0006127357482910156
0.0003058910369873047
0.00045371055603027344
0.0007691383361816406
0.0007760524749755859
0.0004611015319824219
0.0006930828094482422
0.00035190582275390625
0.0007340908050537109
0.0004899501800537109
0.0008652210235595703
0.0006644725799560547
0.0006318092346191406
0.0007572174072265625
0.0005238056182861328
0.0005574226379394531
0.00045299530029296875
0.0003795623779296875
0.0005984306335449219
0.00044918060302734375
0.0005946159362792969
0.0005946159362792969
0.00041174888610839844
0.0005352497100830078
0.0005300045013427734
0.0005354881286621094
0.0005002021789550781
0.0006647109985351562
0.0005450248718261719
0.0006594657897949219
0.0005826950073242188
0.0005114078521728516
0.0005245208740234375
0.0004322528839111328
0.0010280609130859375
0.0004477500915527344
0.0007646083831787109
0.0003898143768310547
0.0004017353057861328
0.0003955364227294922
0.0002970695495605469
0.0005521774291992188
0.0004451274871826172
0.0004849433898925781
0.0006420612335205078
0.0004470348358154297
0.0005452632904052734
0.0005743503570556641
0.00039386749267578125
0.0006663799285888672
0.0010521411895751953
0.0005028247833251953
0.00047326087951660156
0.0003466606140136719
0.000598907470703125
0.0006937980651855469
0.00034999847412109375
0.000507354736328125
0.0007731914520263672
0.0006458759307861328
0.0006620883941650391
0.0005197525024414062
0.0007867813110351562
0.0006601810455322266
0.0006194114685058594
0.0004951953887939453
0.0010178089141845703
0.0003612041473388672
0.00031495094299316406
0.0005803108215332031
0.0005738735198974609
0.0005476474761962891
0.0005252361297607422
0.00046181678771972656
0.000606536865234375
0.00041675567626953125
0.0003972053527832031
0.00045371055603027344
0.0003991127014160156
0.00046896934509277344
0.00047898292541503906
0.0007356405258178711
0.0006988048553466797
0.00042748451232910156
0.0005612373352050781
0.0007174015045166016
0.0005450248718261719
0.0006618499755859375
0.00041031837463378906
0.0004153251647949219
0.0003986358642578125
0.0008437633514404297
0.0006971359252929688
0.0005638599395751953
0.0006134510040283203
0.0003256797790527344
0.0005724430084228516
0.0004355907440185547
0.00045800209045410156
0.0006268024444580078
0.0004439353942871094
0.0004591941833496094
0.00040221214294433594
0.0005862712860107422
0.0006074905395507812
0.0006999969482421875
0.0005447864532470703
0.0007493495941162109
0.00042748451232910156
0.0005645751953125
0.0005252361297607422
0.0004608631134033203
0.0005950927734375
0.0005538463592529297
0.0006644725799560547
0.0005323886871337891
0.0002696514129638672
0.0010075569152832031
0.0004906654357910156
0.0006749629974365234
0.0004980564117431641
0.0006229877471923828
0.0007107257843017578
0.0006833076477050781
0.0005173683166503906
0.00039505958557128906
0.0003719329833984375
0.0006918907165527344
0.0007493495941162109
0.0004360675811767578
0.00046372413635253906
0.0005803108215332031
0.00027942657470703125
0.0005979537963867188
0.0005924701690673828
0.0005819797515869141
0.0004696846008300781
0.0006384849548339844
0.0007278919219970703
0.0004260540008544922
0.0004813671112060547
0.0003871917724609375
0.0005080699920654297
0.000812530517578125
0.0005033016204833984
0.0003204345703125
0.0005786418914794922
0.0005676746368408203
0.0005726814270019531
0.0005056858062744141
0.0006475448608398438
0.0004906654357910156
0.0005118846893310547
0.0008516311645507812
0.000514984130859375
0.0004532337188720703
0.0004932880401611328
0.0003349781036376953
0.0008058547973632812
0.0005176067352294922
0.0007951259613037109
0.0007801055908203125
0.0005612373352050781
0.0007078647613525391
0.0004992485046386719
0.0004558563232421875
0.00099945068359375
0.0003333091735839844
0.00052642822265625
0.0006024837493896484
0.0005502700805664062
0.0006227493286132812
0.0006270408630371094
0.0006856918334960938
0.00047898292541503906
0.0005040168762207031
0.0006852149963378906
0.0007376670837402344
0.00043511390686035156
0.0006563663482666016
0.0005249977111816406
0.0005996227264404297
0.00047326087951660156
0.0007147789001464844
0.00043392181396484375
0.0004425048828125
0.00033473968505859375
0.0003006458282470703
0.0005278587341308594
0.0005495548248291016
0.0007290840148925781
0.00022363662719726562
0.0008709430694580078
0.0004558563232421875
0.0006935596466064453
0.0004451274871826172
0.000415802001953125
0.0004601478576660156
0.0005006790161132812
0.0009074211120605469
0.00040030479431152344
0.0006797313690185547
0.0005786418914794922
0.0003001689910888672
0.0008891820907592773
0.000843048095703125
0.0008280277252197266
0.0005936622619628906
0.0005421638488769531
0.000614166259765625
0.0006582736968994141
0.000457763671875
0.0004711151123046875
0.00043463706970214844
0.0005576610565185547
0.0004677772521972656
0.0005409717559814453
0.0003986358642578125
0.0008966922760009766
0.00032401084899902344
0.0005638599395751953
0.0005118846893310547
0.00044035911560058594
0.00034499168395996094
0.0007567405700683594
0.00038933753967285156
0.0003638267517089844
0.0006215572357177734
0.0005354881286621094
0.0005323886871337891
0.0004124641418457031
0.0004603862762451172
0.0005595684051513672
0.00047087669372558594
0.0005221366882324219
0.0005450248718261719
0.00036787986755371094
0.0009229183197021484
0.0005347728729248047
0.0005550384521484375
0.0004451274871826172
0.0004677772521972656
0.0005791187286376953
0.0005173683166503906
0.00046563148498535156
0.0004909038543701172
0.0005602836608886719
0.0005550384521484375
0.00031876564025878906
0.000362396240234375
0.0004940032958984375
0.0005741119384765625
0.0004467964172363281
0.0009610652923583984
0.0009244680404663086
0.0005223751068115234
0.00041222572326660156
0.0004496574401855469
0.0005726814270019531
0.0006334781646728516
0.0004131793975830078
0.0005240440368652344
0.0005948543548583984
0.0006322860717773438
0.0008933544158935547
0.0004677772521972656
0.00034689903259277344
0.0009207725524902344
0.0004458427429199219
0.000682830810546875
0.0003941059112548828
0.0004818439483642578
0.0005807876586914062
0.00038695335388183594
0.0013114213943481445
0.0008330345153808594
0.0006279945373535156
0.0005300045013427734
0.0007081031799316406
0.0004038810729980469
0.00032210350036621094
0.00042700767517089844
0.0005772113800048828
0.0007750988006591797
0.0006909370422363281
0.0004608631134033203
0.0006108283996582031
0.000492095947265625
0.0003979206085205078
0.00048422813415527344
0.000514984130859375
0.00042724609375
0.0004591941833496094
0.00043892860412597656
0.0004477500915527344
0.0006825923919677734
0.0005280971527099609
0.0004839897155761719
0.0004057884216308594
0.0007715225219726562
0.0003387928009033203
0.00067901611328125
0.00039386749267578125
0.00044608116149902344
0.0007126331329345703
0.0008690357208251953
0.0006186962127685547
0.00041556358337402344
0.0004620552062988281
0.0009472370147705078
0.0003902912139892578
0.0004279613494873047
0.0004382133483886719
0.00034618377685546875
0.0006029605865478516
0.0005750656127929688
0.00034809112548828125
0.0005435943603515625
0.00046563148498535156
0.0004870891571044922
0.0005755424499511719
0.0005137920379638672
0.0004134178161621094
0.00047707557678222656
0.0004935264587402344
0.0007741451263427734
0.0005640983581542969
0.0007293224334716797
0.0005862712860107422
0.0005819797515869141
0.0004363059997558594
0.0006093978881835938
0.0006811618804931641
0.0006134510040283203
0.00036215782165527344
0.0005884170532226562
0.00033354759216308594
0.0005054473876953125
0.0006272792816162109
0.0009125471115112305
0.0005624294281005859
0.0004677772521972656
0.00046563148498535156
0.0006306171417236328
0.0005524158477783203
0.00042891502380371094
0.00045752525329589844
0.0005803108215332031
0.0005412101745605469
0.0007135868072509766
0.0006363391876220703
0.00031948089599609375
0.0005135536193847656
0.0005321502685546875
0.0009157657623291016
0.0005078315734863281
0.0005872249603271484
0.0006773471832275391
0.0004570484161376953
0.0005319118499755859
0.0004229545593261719
0.0006780624389648438
0.0004134178161621094
0.0006356239318847656
0.0005331039428710938
0.0004892349243164062
0.0004742145538330078
0.0008587837219238281
0.0003724098205566406
0.0007886886596679688
0.00039458274841308594
0.0006229877471923828
0.0004544258117675781
0.0005781650543212891
0.0005981922149658203
0.0006744861602783203
0.0005490779876708984
0.0008985996246337891
0.00039315223693847656
0.00040531158447265625
0.0006356239318847656
0.00044536590576171875
0.0005295276641845703
0.0004949569702148438
0.000659942626953125
0.0006310939788818359
0.00048828125
0.00030684471130371094
0.00042939186096191406
0.0005996227264404297
0.00042748451232910156
0.0005285739898681641
0.0003597736358642578
0.00043320655822753906
0.00045418739318847656
0.0004363059997558594
0.0005810260772705078
0.0007035732269287109
0.0003886222839355469
0.0007994174957275391
0.0007355213165283203
0.0007574558258056641
0.0006415843963623047
0.00043129920959472656
0.0005426406860351562
0.000537872314453125
0.0007154941558837891
0.0006010532379150391
0.0005729198455810547
0.000385284423828125
0.0005970001220703125
0.0003204345703125
0.0004665851593017578
0.00046539306640625
0.0003249645233154297
0.0005652904510498047
0.0009151697158813477
0.0005393028259277344
0.0007958412170410156
0.00042724609375
0.0004930496215820312
0.0005116462707519531
0.0008273124694824219
0.00048804283142089844
0.0008676052093505859
0.000682830810546875
0.0004949569702148438
0.0004324913024902344
0.00048542022705078125
0.0005271434783935547
0.0005125999450683594
0.0003135204315185547
0.0005440711975097656
0.0005109310150146484
0.00045180320739746094
0.0007994174957275391
0.0006465911865234375
0.0005736351013183594
0.0007510185241699219
0.0007951259613037109
0.0005517005920410156
0.000537872314453125
0.0005738735198974609
0.0007276535034179688
0.0004162788391113281
0.00043702125549316406
0.00031876564025878906
0.00039458274841308594
0.0005505084991455078
0.00042557716369628906
0.0006210803985595703
0.0004405975341796875
0.0004889965057373047
0.0006048679351806641
0.00046443939208984375
0.0005586147308349609
0.0004947185516357422
0.0004980564117431641
0.0006282329559326172
0.0005385875701904297
0.0003840923309326172
0.0004601478576660156
0.0006055831909179688
0.00046896934509277344
0.0006841421127319336
0.0007748603820800781
0.0005075931549072266
0.0003838539123535156
0.0005383491516113281
0.0005335807800292969
0.0005578994750976562
0.00037360191345214844
0.0004897117614746094
0.0005598068237304688
0.0003917217254638672
0.00040435791015625
0.0006208419799804688
0.0006082057952880859
0.0005075931549072266
0.000659942626953125
0.00040841102600097656
0.00039315223693847656
0.0007042884826660156
0.0006902217864990234
0.0004773139953613281
0.0006985664367675781
0.0005428791046142578
0.0004584789276123047
0.0005972385406494141
0.0005626678466796875
0.0005502700805664062
0.0006194114685058594
0.0003211498260498047
0.0006797313690185547
0.0005278587341308594
0.0006723403930664062
0.0003230571746826172
0.00092315673828125
0.0005030632019042969
0.0005288124084472656
0.00046753883361816406
0.0007405281066894531
0.0006103515625
0.0004134178161621094
0.00040793418884277344
0.0003540515899658203
0.0004904270172119141
0.0005657672882080078
0.0005357265472412109
0.0006425380706787109
0.0004925727844238281
0.0005934238433837891
0.0003113746643066406
0.0004115104675292969
0.0005443096160888672
0.00037407875061035156
0.0006911754608154297
0.0004134178161621094
0.0005986690521240234
0.00044155120849609375
0.0006546974182128906
0.0006603002548217773
0.0006883144378662109
0.0006260871887207031
0.0008065700531005859
0.000568389892578125
0.0006709098815917969
0.0005412101745605469
0.0006012916564941406
0.0006601810455322266
0.0006580352783203125
0.0003819465637207031
0.0007097721099853516
0.00047588348388671875
0.0006859302520751953
0.00045490264892578125
0.0006110668182373047
0.000438690185546875
0.0008985996246337891
0.0005259513854980469
0.0004222393035888672
0.0004706382751464844
0.00048160552978515625
0.0004763603210449219
0.0003361701965332031
0.0003609657287597656
0.0004496574401855469
0.00032782554626464844
0.000568389892578125
0.0006864070892333984
0.0003726482391357422
0.0005199909210205078
0.0005924701690673828
0.0005676746368408203
0.0003631114959716797
0.0006844997406005859
0.0004932880401611328
0.0005176067352294922
0.0006170272827148438
0.0005891323089599609
0.0005574226379394531
0.0003886222839355469
0.0004646778106689453
0.0005326271057128906
0.0007913112640380859
0.00044417381286621094
0.0007333755493164062
0.0006792545318603516
0.0008921623229980469
0.000591278076171875
0.0008559226989746094
