324.71024346351624
322.9331736564636
321.7415416240692
320.8921842575073
319.7154395580292
319.9589443206787
319.9935438632965
319.7671494483948
319.1851906776428
319.2679727077484
317.93311500549316
318.51417207717896
316.75941491127014
311.1478941440582
289.72683930397034
246.88929164409637
211.3808866739273
194.24521660804749
172.18856173753738
155.31408005952835
140.596961915493
123.91416323184967
104.2114725112915
106.83242592215538
79.12758693099022
83.46678134799004
77.01819437742233
84.73508951067924
77.74460276961327
58.243823796510696
55.474843204021454
47.47834938764572
48.45185801386833
57.88130420446396
47.34108853340149
57.56225383281708
53.30364289879799
56.72397822141647
29.7671320438385
51.579586416482925
47.197400242090225
44.629065811634064
52.535044103860855
29.151527255773544
38.7531336247921
35.12186947464943
26.53137829899788
27.792578995227814
28.156566709280014
29.43551731109619
48.163119465112686
61.9229641854763
42.40081351995468
64.78091570734978
80.43159341812134
57.381884187459946
56.6864355802536
48.840838223695755
34.8895979821682
32.66902542114258
28.973382264375687
34.543629467487335
27.12849137187004
16.053959012031555
81.24859338998795
58.31098157167435
58.33960402011871
82.46059945225716
73.19336149096489
99.10034772753716
67.58796218037605
38.06809067726135
47.62475121021271
35.23649626970291
98.1522758603096
54.949840784072876
64.0031394213438
79.59820288419724
35.947009950876236
88.1836062669754
80.38093391060829
52.50622871518135
32.555702567100525
130.80601426959038
63.46242067217827
67.22554123401642
46.4382543861866
61.06040379405022
27.879076182842255
26.45478355884552
32.26594519615173
29.812101870775223
15.666358977556229
61.44097816944122
75.70461481809616
65.1654422879219
58.407699286937714
29.263779401779175
30.70958086848259
31.886319249868393
51.053295999765396
32.16471800208092
31.404618322849274
8.774085015058517
40.86498475074768
32.04587143659592
55.69384968280792
56.88030681014061
64.906285405159
49.01435300707817
27.587809145450592
59.30995026230812
73.92384725809097
57.806253492832184
63.22017323970795
83.33722200989723
58.099470019340515
64.49546140432358
98.94006344676018
61.710619032382965
46.30172395706177
37.51680827140808
37.466169357299805
87.95588603615761
145.17967918515205
95.48096498847008
112.67373356223106
59.59230737388134
61.31796635687351
61.91287302970886
71.3296790421009
62.797994524240494
28.39151132106781
25.557200580835342
70.43610444664955
52.78780770301819
47.409353613853455
45.80123007297516
16.460763186216354
17.06187030673027
30.490197151899338
40.070135682821274
35.498552083969116
13.420529246330261
39.753920912742615
27.36933723092079
29.88817995786667
49.50960525870323
65.820311576128
76.23615288734436
114.38463407754898
65.04301969707012
57.05822449922562
29.80084154009819
52.669167429208755
83.1978934109211
84.05011683702469
47.24579015374184
22.982078313827515
17.972418189048767
41.29562425613403
42.92847943305969
23.38561698794365
67.04242017865181
100.88699871301651
89.61980551481247
50.36807671189308
115.76989832520485
53.80813783407211
54.66814625263214
30.99630144238472
18.918468683958054
23.033601194620132
42.030239284038544
37.618672758340836
37.851639196276665
26.852793037891388
21.499224349856377
55.308076828718185
42.0860378742218
21.936822950839996
27.952345848083496
43.360677152872086
21.01299625635147
47.630645990371704
7.680077642202377
5.083826780319214
6.880506157875061
6.1818508207798
30.343367010354996
13.022944450378418
6.093376100063324
10.925781816244125
7.836387813091278
31.83145782351494
64.6631044447422
30.658402025699615
34.240955740213394
24.934445977211
10.384133338928223
17.939666911959648
26.023829832673073
54.121583223342896
56.4323964715004
18.751368016004562
14.309517115354538
7.703535676002502
5.4855310916900635
3.1508056819438934
7.69291365146637
1.3262144923210144
1.5194557905197144
1.231780767440796
0.7336463332176208
0.3787306547164917
0.8865891396999359
0.4334574341773987
1.0103924870491028
0.6539499759674072
0.32223498821258545
0.5138306021690369
10.856695085763931
49.944591492414474
70.00019785761833
62.63235455751419
120.07305485010147
18.742931246757507
10.953784793615341
19.949344277381897
12.054464429616928
4.000054121017456
19.3455158919096
12.034976065158844
45.607067912817
56.61702087521553
45.948394268751144
28.165466874837875
29.461051106452942
42.23489171266556
29.586710780858994
24.28783704340458
7.342091888189316
10.472765356302261
3.7568304985761642
1.2747691571712494
1.0961664617061615
5.044931769371033
7.211416453123093
11.355187267065048
4.551347851753235
65.22554528713226
74.20869040489197
15.511489272117615
3.6515086591243744
63.23398655653
10.915182635188103
5.250082224607468
6.5084212720394135
9.611564099788666
10.376693993806839
10.042259871959686
1.0924431085586548
2.68871533870697
24.614165425300598
100.6246210038662
120.54950888454914
90.66755637526512
54.18135058879852
49.26165959239006
17.898208498954773
36.000028133392334
19.236279010772705
69.94952264428139
70.53590331971645
55.032049387693405
84.74306172132492
46.81997261941433
45.859085097908974
14.262480646371841
15.125224381685257
21.277831941843033
11.459538847208023
7.875484526157379
71.3592155277729
13.361173629760742
15.30697526037693
5.367324203252792
7.561573833227158
9.4415223300457
29.14558231830597
32.01958668231964
30.567651569843292
20.72241535782814
18.92025116086006
278.8811816573143
322.59349060058594
323.21774077415466
320.67232298851013
319.90496706962585
321.13178634643555
320.1580684185028
318.7806599140167
319.2737374305725
319.59730434417725
318.61197566986084
318.2897274494171
318.2638442516327
319.15957498550415
318.6687216758728
318.7947099208832
319.03030347824097
318.7499840259552
318.89087200164795
318.75086998939514
318.7590458393097
318.62857365608215
318.9858968257904
318.6834442615509
318.5853178501129
318.41220593452454
319.43817591667175
318.50557589530945
318.23443937301636
318.4175090789795
318.69704508781433
318.7754349708557
318.23596572875977
318.4712417125702
318.5694947242737
318.6115233898163
319.05048656463623
318.206102848053
318.1804139614105
318.43254256248474
318.5093960762024
318.4514744281769
318.4372491836548
318.89332580566406
318.1695408821106
318.26788687705994
318.4487364292145
318.34689831733704
318.1407072544098
318.3352210521698
318.5908877849579
318.168771982193
318.22827339172363
318.13888239860535
317.5761182308197
317.608521938324
318.21939754486084
318.89179015159607
317.74899458885193
318.4353041648865
317.9794497489929
318.3503668308258
318.3023250102997
318.5230567455292
318.36415791511536
317.5454044342041
317.94373297691345
318.94186186790466
318.49317932128906
318.0402126312256
318.61617970466614
318.88097071647644
318.2540330886841
317.8718218803406
317.711297750473
318.56841349601746
317.9710178375244
318.55091524124146
318.23541045188904
318.2513573169708
317.2892551422119
318.5864999294281
317.8730163574219
318.10770416259766
318.0122330188751
317.560076713562
318.3807168006897
318.15362453460693
318.102267742157
317.8948485851288
317.69092631340027
318.8297243118286
318.2982392311096
318.479585647583
318.5583860874176
318.3663897514343
318.50040650367737
318.1231577396393
317.84861993789673
317.8945014476776
318.2614140510559
318.10110449790955
318.29698944091797
318.38646626472473
318.22605323791504
317.40165281295776
317.81678438186646
318.58724761009216
318.16150760650635
318.00691866874695
317.71636509895325
317.9790508747101
318.2815673351288
317.6822190284729
318.4203050136566
317.8969144821167
317.70289874076843
318.1336863040924
317.70115208625793
317.92428255081177
318.023410320282
318.0758788585663
317.68844866752625
317.74691700935364
318.4219505786896
317.92145133018494
318.49573159217834
317.7614381313324
318.1156802177429
317.6747281551361
317.99697518348694
318.01228642463684
317.9135708808899
318.1294267177582
318.33765864372253
317.9018793106079
318.1050684452057
318.0946898460388
317.9436366558075
317.96272563934326
318.13625168800354
318.08861660957336
317.8903830051422
318.23650002479553
317.94563484191895
318.4718585014343
317.8380172252655
317.86314630508423
318.0629255771637
317.9439604282379
318.113578081131
317.4334146976471
318.18541073799133
317.87137746810913
318.51708221435547
317.8309690952301
317.2914972305298
317.8600740432739
317.8788175582886
317.64588928222656
317.8767545223236
318.45901346206665
318.73605012893677
318.3755433559418
317.88377928733826
318.0568130016327
317.8056433200836
317.7856411933899
317.7479090690613
318.02999091148376
317.8081798553467
318.00948786735535
317.7626142501831
317.5905201435089
317.919273853302
317.70422554016113
318.1439116001129
317.9698841571808
317.9258613586426
317.94753313064575
318.0314176082611
318.2441487312317
317.7580654621124
318.21990156173706
318.2343668937683
317.82623744010925
318.0579378604889
318.3839809894562
317.7253315448761
317.59819889068604
317.91199111938477
318.0118968486786
318.11988520622253
317.8283123970032
318.1078143119812
317.4777042865753
317.9457805156708
317.7033109664917
317.7705523967743
317.5382077693939
317.4392604827881
317.69888162612915
317.84890055656433
317.90368151664734
318.0537736415863
317.3431921005249
317.62860345840454
318.2994031906128
318.3706374168396
318.05453968048096
317.7974717617035
318.29581904411316
318.1909170150757
318.1185293197632
317.6557126045227
318.1434898376465
318.03541350364685
317.8923418521881
318.16654801368713
317.75439047813416
317.78790497779846
317.50417971611023
317.77806973457336
318.1441469192505
318.1146035194397
317.8846769332886
318.1439878940582
317.6509630680084
317.37048840522766
318.0505142211914
318.10767436027527
317.79676604270935
318.11401414871216
317.8727476596832
317.9663026332855
317.89293336868286
318.04650831222534
317.70150876045227
317.66775703430176
317.51779794692993
318.0946578979492
317.63367462158203
317.6362862586975
317.94636034965515
317.8103733062744
317.4593734741211
317.7331144809723
318.2467520236969
318.19999170303345
318.1905908584595
317.76363468170166
318.10897731781006
317.4902024269104
317.8480746746063
318.2294924259186
317.8668067455292
318.0942499637604
317.6066954135895
317.8139810562134
318.1156828403473
317.45197343826294
318.01655077934265
317.67483830451965
318.11117219924927
317.98807311058044
318.002641916275
317.5817527770996
317.52978706359863
317.7361433506012
317.4623703956604
318.182404756546
317.907986164093
318.2203211784363
317.38783836364746
318.22863125801086
318.05568289756775
317.76661014556885
317.91261863708496
317.67070055007935
318.0314190387726
318.31643629074097
317.4539620876312
317.3568296432495
317.89715695381165
318.1180543899536
318.02832865715027
317.42655301094055
317.54502391815186
317.74641609191895
317.53131556510925
318.60176038742065
317.8724935054779
317.54661536216736
317.5463140010834
317.75258898735046
317.56316328048706
317.8751757144928
317.49417424201965
318.0866491794586
318.0679371356964
318.410756111145
318.09114360809326
317.6120853424072
317.3763122558594
317.7504725456238
317.8829367160797
318.16701793670654
318.1185848712921
318.0107800960541
317.65683031082153
317.9010591506958
318.2937831878662
318.02180337905884
317.7087564468384
316.8990750312805
318.1738717556
317.450377702713
317.7600266933441
317.9406957626343
317.7309880256653
317.6799142360687
317.5480282306671
318.11798095703125
317.7872281074524
317.66312742233276
317.59166169166565
318.60827231407166
318.0285930633545
318.00198578834534
317.7461619377136
317.82563066482544
317.45829033851624
317.48798966407776
317.6300427913666
317.4080972671509
317.89472579956055
317.8396797180176
317.9973158836365
317.7178614139557
318.0165150165558
318.22133207321167
318.17252230644226
317.7706353664398
317.7151689529419
317.84449100494385
318.0328485965729
317.678808927536
317.4641716480255
317.8533470630646
317.7285578250885
317.6240837574005
317.58864402770996
318.245796918869
317.59377789497375
317.6024317741394
317.73675656318665
317.9184069633484
318.3539500236511
317.6444458961487
317.7321865558624
318.1760685443878
317.9556818008423
317.67037630081177
317.69632744789124
317.03275203704834
317.8534429073334
318.07603335380554
317.8880286216736
318.0531883239746
317.75868797302246
317.65573048591614
317.706668138504
317.30103039741516
317.515585899353
317.4164011478424
317.9231188297272
317.24830198287964
317.9155480861664
317.3691363334656
318.21661257743835
318.18301463127136
317.65371441841125
318.30840587615967
317.8045494556427
318.3120174407959
317.85059666633606
317.6983551979065
317.4590542316437
318.0268886089325
317.5736291408539
317.40011644363403
317.6943235397339
317.51290559768677
317.8365795612335
317.76013231277466
317.5062162876129
318.1990702152252
317.75279116630554
317.8134753704071
317.6992120742798
318.01402831077576
318.10879945755005
317.88551926612854
317.82162952423096
317.55052757263184
318.0981562137604
317.26650619506836
317.8345956802368
317.86962938308716
317.6250751018524
318.0171823501587
317.5164067745209
318.1735243797302
318.0904517173767
317.7420566082001
317.6021959781647
317.6564860343933
318.09846091270447
317.86978125572205
317.95353984832764
317.6832573413849
317.7404730319977
317.8769488334656
317.87332224845886
317.34462118148804
317.70038747787476
317.7978672981262
318.224369764328
317.8239908218384
318.0507342815399
317.7122893333435
317.71481800079346
317.7905099391937
317.6561439037323
317.7558419704437
317.6175081729889
317.68746185302734
317.8438732624054
317.54384326934814
317.85336899757385
317.55574226379395
317.8040828704834
317.9259464740753
317.677472114563
317.7923092842102
317.46982526779175
317.94577503204346
317.592369556427
317.8557319641113
317.9258999824524
317.453631401062
318.1092574596405
317.8740429878235
317.9319829940796
317.8493010997772
318.3261284828186
317.72631072998047
317.68519711494446
317.40506386756897
317.3837661743164
317.4600477218628
318.0432827472687
317.7622196674347
317.62250232696533
317.8346700668335
317.5314178466797
317.92027044296265
317.8844437599182
317.86704778671265
317.3896758556366
317.8236012458801
317.7873136997223
317.8450529575348
317.51303362846375
317.5123007297516
318.1582169532776
317.5996313095093
318.09325528144836
317.67610812187195
317.52533531188965
317.6727771759033
318.001638174057
317.93388390541077
318.29877829551697
317.7117123603821
317.54691338539124
317.58545684814453
317.9102475643158
317.62829542160034
317.7163815498352
317.29633688926697
317.4272925853729
317.97547221183777
317.74640250205994
317.2440083026886
317.61446356773376
318.06203413009644
317.7768437862396
318.030415058136
317.62263655662537
317.54315423965454
317.42785263061523
317.7436053752899
317.6272873878479
317.8703417778015
318.03005480766296
317.763320684433
317.79164838790894
318.1019859313965
317.71347546577454
317.62429022789
317.67014837265015
317.4268763065338
317.7362048625946
317.7067942619324
317.82120513916016
318.03997921943665
318.00477266311646
317.78134751319885
318.09363770484924
318.165549993515
317.8784728050232
317.73983359336853
317.64181184768677
317.5925648212433
317.8347632884979
318.33911061286926
317.60066390037537
317.29567289352417
317.7377862930298
317.5673019886017
317.8528869152069
317.3938226699829
317.31821870803833
317.6007845401764
317.79426670074463
318.02837896347046
317.35423517227173
317.68699884414673
317.3413915634155
317.9338345527649
318.174489736557
317.7290322780609
317.44244623184204
317.4937765598297
317.917763710022
317.3209419250488
317.6400318145752
318.045738697052
317.8793959617615
318.2079277038574
318.1129491329193
317.76089453697205
317.9963412284851
318.009236574173
318.0061774253845
317.2650496959686
317.5843200683594
317.4006087779999
317.61029744148254
317.6815059185028
317.63346123695374
317.5056462287903
317.75288105010986
317.34539675712585
318.03434205055237
317.80048298835754
317.6680705547333
317.73718762397766
317.8046989440918
317.63769602775574
317.2745237350464
317.7653946876526
318.06322622299194
317.60205125808716
317.96236991882324
317.68842697143555
317.92532110214233
317.73901748657227
318.17644810676575
318.22053694725037
318.36056780815125
317.41209387779236
317.61314725875854
317.7677779197693
317.7222406864166
317.7005705833435
317.7443904876709
317.67894101142883
318.41634368896484
317.5181565284729
317.53847789764404
317.18515610694885
318.2004539966583
317.62384033203125
317.34117102622986
317.57848715782166
318.1003260612488
318.0407211780548
317.6728413105011
317.63149428367615
317.9836976528168
317.5253939628601
317.88488125801086
317.8747591972351
317.8982174396515
317.8068161010742
317.79870414733887
317.4911847114563
317.52075958251953
317.91587257385254
317.8890233039856
318.04096150398254
317.803671836853
317.86063289642334
317.5754301548004
317.59637212753296
317.5387704372406
318.01110339164734
317.9177300930023
317.7869327068329
317.62888765335083
317.1098289489746
317.9637267589569
317.91414189338684
317.7283036708832
317.4982399940491
317.62760734558105
317.40205574035645
317.61050271987915
317.78452229499817
317.9220733642578
317.9558663368225
317.7649254798889
317.8737337589264
318.00809383392334
317.74210596084595
317.38814640045166
318.0739107131958
318.1522173881531
317.5567274093628
317.57910776138306
317.3788092136383
317.8465895652771
317.44365310668945
317.6380863189697
317.96645617485046
318.18121552467346
317.55938696861267
317.204567193985
317.4851357936859
317.9266285896301
317.7143306732178
318.0622675418854
317.97611808776855
317.64655089378357
318.00818157196045
317.37298464775085
318.06069803237915
317.720618724823
317.20738410949707
317.71901178359985
317.4416227340698
317.46784496307373
317.85466599464417
317.50103664398193
317.09978103637695
318.24188590049744
317.81982374191284
318.1233594417572
317.91269159317017
317.7537987232208
318.1243507862091
317.7618820667267
317.78700041770935
317.21459674835205
318.07835817337036
317.7810719013214
317.792516708374
317.9381320476532
317.5558249950409
317.5061688423157
317.46009612083435
317.99065494537354
318.20967149734497
317.43289065361023
317.72560024261475
317.4147777557373
317.3164598941803
318.40299010276794
317.49500274658203
317.8832657337189
317.81475281715393
317.5083611011505
317.8270959854126
317.77931094169617
317.88036346435547
317.6766209602356
317.92782068252563
317.46790838241577
317.70442152023315
317.8853657245636
317.6465311050415
318.2397358417511
318.1881353855133
317.3168263435364
318.0467360019684
317.50544118881226
317.66281962394714
317.80106258392334
317.606027841568
317.3975033760071
317.90099263191223
317.3381440639496
317.6378252506256
317.86749792099
317.4347503185272
317.19443011283875
317.5474519729614
317.66675424575806
317.9361445903778
318.27432322502136
317.82773756980896
317.80821561813354
317.4403920173645
317.6992609500885
317.6731791496277
317.8062427043915
317.9463677406311
317.7988655567169
317.5287961959839
317.9540069103241
317.9704737663269
318.23719096183777
317.87542152404785
317.1267206668854
317.7079613208771
318.10645627975464
317.5526690483093
317.36459016799927
317.5373640060425
318.3101050853729
317.44341230392456
317.26304841041565
317.79765009880066
317.5989279747009
317.7778317928314
317.68949031829834
317.66875886917114
318.12035298347473
317.9787542819977
317.7083034515381
317.74845695495605
317.30037450790405
317.67644357681274
317.47873091697693
317.90426445007324
317.9806191921234
317.3360195159912
317.3509383201599
317.91942262649536
317.5558223724365
317.9232909679413
317.7125039100647
317.2562062740326
317.0899307727814
317.6899223327637
317.84159088134766
317.71918988227844
317.760293006897
317.8070819377899
317.68350434303284
317.65971064567566
317.5829288959503
317.79197430610657
317.8089678287506
317.8248624801636
317.67060446739197
317.4658076763153
317.588130235672
317.77200198173523
317.9784336090088
318.10510325431824
317.47449493408203
317.60878920555115
317.4815368652344
317.6842863559723
318.5234110355377
317.6781461238861
317.52397060394287
317.60460233688354
318.0049955844879
317.7651047706604
317.6828668117523
317.80111622810364
317.20888662338257
317.34634280204773
317.5765554904938
317.79125237464905
317.3858411312103
317.73611521720886
317.84518361091614
317.23272919654846
317.460768699646
317.7497510910034
317.5580062866211
317.918639421463
317.89446234703064
317.7451615333557
317.8284990787506
317.4881122112274
317.89617943763733
317.4861125946045
318.00508737564087
317.5938889980316
317.8104786872864
318.0318868160248
317.55910086631775
318.1437373161316
317.61397910118103
318.14025688171387
317.5563499927521
317.59629011154175
317.72525429725647
317.9057776927948
317.92384123802185
317.4694721698761
317.9229083061218
317.24106431007385
317.7932724952698
317.16973519325256
317.5244605541229
317.9603011608124
317.56460452079773
317.83511662483215
317.6405441761017
317.93031311035156
317.7182743549347
318.0767571926117
317.77776765823364
317.82091093063354
317.58230924606323
317.07082438468933
317.9530453681946
317.3918454647064
317.4252483844757
317.89301776885986
317.7698321342468
317.43106341362
317.7663185596466
317.8444936275482
318.06694293022156
317.86048769950867
317.70742177963257
317.72663974761963
318.0389041900635
317.98559832572937
317.8712282180786
317.7317154407501
318.1847264766693
318.0785973072052
316.9406781196594
317.7718839645386
317.45646953582764
317.9968328475952
317.86006331443787
317.5627119541168
318.01175117492676
317.85190415382385
317.69270730018616
317.53576588630676
317.3095259666443
317.6460380554199
317.7431402206421
317.9536564350128
317.8741958141327
317.65691685676575
317.71572637557983
317.7472641468048
317.7326169013977
317.832396030426
317.8938720226288
317.96316480636597
317.63081884384155
317.3258409500122
317.4251081943512
317.8497712612152
318.2876818180084
317.2306983470917
317.3892388343811
317.56496500968933
318.00418043136597
317.5168216228485
317.0784740447998
317.68713116645813
318.25989603996277
317.7953178882599
317.5818440914154
317.64304661750793
317.65002608299255
317.89616084098816
317.7874801158905
318.3273539543152
317.42087411880493
317.63190841674805
317.84308981895447
317.5691714286804
317.60615968704224
318.2730815410614
317.7046248912811
317.7976486682892
318.0697822570801
317.5396890640259
317.74011993408203
317.85738921165466
317.9265863895416
317.63704228401184
317.72078704833984
317.408087015152
317.47194361686707
317.8454613685608
317.38094878196716
318.0662729740143
317.5638666152954
317.4514813423157
317.4105143547058
317.5574769973755
317.6100552082062
317.4781062602997
317.46126341819763
317.86092948913574
317.7509458065033
317.52696108818054
317.9623718261719
317.642347574234
317.898029088974
317.5338797569275
318.0829875469208
317.5729043483734
317.83010268211365
317.7070896625519
317.5148367881775
318.02874302864075
317.1177484989166
317.8164908885956
318.0237910747528
317.5147304534912
317.7532992362976
317.6090006828308
317.5043799877167
317.39116644859314
317.8819282054901
317.53138995170593
318.13663482666016
317.80767846107483
317.6129767894745
317.55169129371643
317.45167684555054
317.4359452724457
317.55079436302185
317.1527006626129
317.8738946914673
317.93008399009705
318.177672624588
317.51359152793884
317.815603017807
317.9252531528473
317.70382857322693
317.6417374610901
317.98789644241333
317.6237874031067
317.6253731250763
318.0813202857971
317.6384906768799
317.40197253227234
317.39434599876404
317.4318108558655
317.67167115211487
317.6535220146179
318.010214805603
317.77581095695496
317.49673652648926
317.74306058883667
317.5183935165405
318.0647873878479
317.645222902298
317.6957359313965
318.06545400619507
318.08970308303833
317.650794506073
317.7700889110565
317.3131835460663
317.47299122810364
317.8412969112396
317.6651666164398
317.5070288181305
317.42803502082825
317.8895926475525
317.7815670967102
317.7371699810028
318.20429587364197
317.8629906177521
317.6319761276245
317.9115262031555
317.7361071109772
316.98409128189087
317.8514897823334
317.9224798679352
317.3867769241333
317.8948493003845
317.83061718940735
317.6696677207947
317.6814203262329
317.4793691635132
317.86847710609436
317.62641882896423
317.65344762802124
317.1322810649872
317.5512294769287
317.80378246307373
317.8083734512329
317.6924753189087
317.53831720352173
317.87653732299805
317.79000425338745
317.6407835483551
317.8183822631836
317.7931430339813
317.5840735435486
317.50310254096985
317.83313179016113
317.71833968162537
317.96734499931335
318.0458872318268
317.744101524353
317.55076599121094
317.6975474357605
317.6990020275116
317.4097509384155
317.58168840408325
317.4536099433899
318.15879583358765
318.31619024276733
317.9104039669037
318.10938906669617
317.47123765945435
317.37590742111206
317.3077530860901
317.6068663597107
318.3988163471222
317.74757957458496
317.02161502838135
317.6605226993561
317.6796109676361
318.0388650894165
317.4249498844147
317.4324185848236
317.8306999206543
318.0339014530182
317.5157413482666
317.9266128540039
317.5503203868866
317.75093936920166
317.4416763782501
317.5268385410309
317.493506193161
317.6436538696289
317.3756093978882
317.9577341079712
317.7785677909851
317.90774178504944
318.04381012916565
317.81433057785034
317.6545341014862
317.7484254837036
317.1899127960205
317.7231650352478
317.54064202308655
317.95320868492126
317.50220012664795
317.65239000320435
317.60495686531067
317.8121221065521
317.2154395580292
317.59334564208984
317.7888915538788
317.4783990383148
317.7197015285492
317.59240221977234
317.7964518070221
317.54570508003235
317.6974050998688
317.63544845581055
317.88270258903503
317.86361932754517
317.65190148353577
317.79404377937317
317.5649094581604
317.6955885887146
318.23282074928284
317.66134428977966
317.60795974731445
317.83193159103394
317.8786678314209
317.96927666664124
317.7734181880951
317.6611227989197
317.86418080329895
317.9585692882538
317.63349199295044
317.5980145931244
317.5644760131836
318.02976059913635
317.6966190338135
317.9348201751709
317.7319345474243
317.8791687488556
317.16727328300476
317.7715382575989
317.5198743343353
317.4212200641632
317.8479950428009
317.79140186309814
317.93670535087585
317.531968832016
318.04360461235046
317.6758244037628
317.3551619052887
317.7697985172272
317.3935618400574
317.62895035743713
317.78474164009094
317.5352420806885
317.20592188835144
317.8280735015869
317.872061252594
317.59465503692627
317.9703412055969
317.7633743286133
317.8140377998352
317.8869397640228
318.13538694381714
317.51690101623535
317.57180523872375
317.333948135376
317.9232141971588
317.31696820259094
317.6785521507263
318.00797629356384
317.4931209087372
317.4233000278473
317.5166575908661
317.3419682979584
317.948068857193
317.9303858280182
317.46958589553833
317.64859342575073
318.11756920814514
317.78684425354004
318.2004702091217
317.0886814594269
317.50942850112915
317.30794882774353
317.9638297557831
317.5457983016968
317.25858664512634
317.6366231441498
318.0223858356476
317.5615084171295
317.84315967559814
317.7561514377594
317.3701732158661
317.9200818538666
317.76611280441284
316.9269404411316
317.78281259536743
317.52872610092163
317.93970680236816
317.8526313304901
317.3505804538727
317.43713665008545
317.8284122943878
318.0483908653259
317.8353109359741
317.6714427471161
317.44735622406006
317.59366941452026
317.6420896053314
317.77583503723145
317.96314883232117
317.6017668247223
317.860009431839
317.7143063545227
318.1407868862152
317.9382903575897
317.4877028465271
317.71212935447693
317.8500416278839
317.82937574386597
317.6424403190613
317.3872652053833
317.450355052948
317.29197239875793
317.8488121032715
317.851282119751
317.2831509113312
317.8526165485382
317.4176445007324
317.88473415374756
318.0541892051697
317.2439832687378
317.84519600868225
317.8238139152527
317.75720620155334
317.99502754211426
317.95594215393066
317.694637298584
317.5640754699707
317.74027252197266
317.33978176116943
317.97794246673584
317.66234493255615
317.29989314079285
317.5925679206848
317.755957365036
317.3046147823334
318.03483605384827
317.3282952308655
317.73528838157654
317.675733089447
317.61831760406494
317.8730266094208
317.7539324760437
317.2323205471039
318.17431902885437
318.0990557670593
317.643296957016
317.68023777008057
317.85480666160583
317.3992450237274
317.69110655784607
317.8344714641571
317.2542653083801
318.34533953666687
317.68050360679626
317.5966360569
317.56147742271423
317.5459871292114
317.81523513793945
317.1582806110382
317.7983958721161
318.01911973953247
317.89190697669983
317.96076250076294
317.29304003715515
317.6999406814575
317.60898637771606
317.7962510585785
317.2583043575287
317.6818470954895
317.6005380153656
317.7351133823395
317.6147971153259
317.48656821250916
318.34276723861694
318.12340211868286
317.7097957134247
317.46727871894836
317.8008122444153
317.37904834747314
317.5170032978058
317.5991895198822
317.7052445411682
317.38224244117737
317.6036367416382
317.22080540657043
317.34700083732605
317.2786777019501
317.63469314575195
317.6619293689728
317.9867527484894
318.02285861968994
317.8304624557495
317.57099056243896
317.8772974014282
317.78893399238586
317.68234372138977
317.81812834739685
318.08674025535583
317.3134126663208
317.8289966583252
318.0657868385315
317.57640528678894
317.4963803291321
317.80985713005066
318.30666971206665
317.76226329803467
317.5837893486023
317.7850604057312
317.8899898529053
317.37039041519165
317.72457575798035
317.7642343044281
317.3472409248352
317.83736658096313
318.19414353370667
317.84850454330444
317.35978984832764
317.27805757522583
317.53517389297485
317.320720911026
317.93479323387146
317.2691402435303
316.99228858947754
317.6080939769745
317.6493670940399
318.21008920669556
317.490718126297
317.56027388572693
317.75303196907043
317.52493166923523
317.87949562072754
317.76089668273926
317.8458135128021
317.4636871814728
318.05185747146606
317.7210912704468
317.57890939712524
318.06077241897583
317.5540988445282
317.75785732269287
317.5256440639496
317.60944533348083
318.11868596076965
317.85669207572937
317.8477487564087
317.87069177627563
317.7425956726074
317.39885687828064
317.78126287460327
317.44554352760315
317.76419591903687
317.8296139240265
317.58047342300415
317.6841595172882
317.42509746551514
318.021737575531
317.64955592155457
317.75875663757324
317.4552869796753
317.91328287124634
317.9255211353302
317.52929043769836
317.4613993167877
317.54414892196655
317.35136914253235
317.71882486343384
317.7842779159546
317.46109104156494
318.4006669521332
317.3586347103119
317.78993129730225
318.11258935928345
317.6571214199066
317.85218715667725
317.5857050418854
317.5994415283203
317.90542697906494
317.89025378227234
317.71777606010437
317.3838493824005
317.8948223590851
317.7340817451477
317.98708033561707
317.70979595184326
317.8063020706177
317.7770936489105
317.4383337497711
317.4776725769043
317.50096797943115
317.52159333229065
317.5959806442261
317.92003631591797
317.66883063316345
317.7158374786377
317.48956656455994
317.6628360748291
317.6042754650116
317.7208242416382
317.6011836528778
317.820524930954
317.49252438545227
317.68455362319946
317.672474861145
317.4928421974182
317.5083863735199
317.6929805278778
317.98165130615234
318.19345355033875
317.9486663341522
317.5777175426483
317.5889072418213
317.9062440395355
317.6454336643219
317.61054944992065
317.47736120224
