325.82175183296204
325.66188287734985
325.60559582710266
325.00538659095764
325.2570185661316
325.03208112716675
324.48527336120605
324.35914158821106
324.18709325790405
324.2389919757843
324.3002073764801
323.9108202457428
323.5239109992981
323.4329459667206
323.2683069705963
322.8173370361328
322.80280590057373
323.0007109642029
322.64759588241577
322.0503215789795
321.9497923851013
321.4082067012787
321.10075211524963
320.40831112861633
320.2053425312042
319.9960107803345
319.18041586875916
318.930762052536
318.5993437767029
318.60509872436523
317.76381158828735
318.2673234939575
317.3198583126068
317.96957302093506
317.1873517036438
317.69845485687256
318.320024728775
317.47604274749756
316.68911027908325
316.7828092575073
316.75281023979187
316.3406503200531
316.5759160518646
314.0207495689392
316.09952902793884
313.8959233760834
312.97190976142883
311.3877408504486
306.9863431453705
302.5408492088318
292.05453515052795
286.20552587509155
277.744998216629
279.0915170907974
269.3737349510193
257.24559009075165
257.2932026386261
242.10179781913757
234.8980848789215
227.42500114440918
223.6243463754654
209.79112660884857
197.02829390764236
200.99199438095093
191.59590768814087
187.37756824493408
184.29197698831558
179.76162165403366
165.46304309368134
158.97698652744293
166.19056379795074
157.4528510570526
157.40580260753632
152.11934477090836
150.90103244781494
144.73664718866348
139.1572386622429
132.91646739840508
134.27781510353088
137.93510603904724
136.45141994953156
138.86300706863403
124.10261452198029
118.29752585291862
112.45146611332893
111.77702975273132
114.36810052394867
119.75538283586502
102.30394095182419
108.48491460084915
102.30989080667496
101.49603134393692
96.80806347727776
102.15210583806038
98.45788222551346
91.46037685871124
99.9949726164341
91.08429011702538
80.26006481051445
80.86939835548401
75.90291273593903
84.21978223323822
73.46827960014343
69.92365518212318
73.44297862052917
65.49884909391403
69.34195548295975
68.0092444717884
62.56863576173782
58.40388172864914
60.12489742040634
58.05470982193947
54.15421521663666
61.911770820617676
53.10560953617096
46.85309171676636
49.497074604034424
45.677791118621826
49.73565545678139
39.99324628710747
50.13382112979889
43.1693097949028
40.99924039840698
45.78611317276955
34.22666874527931
36.328971803188324
44.42884111404419
35.93956059217453
35.10079929232597
34.21340957283974
34.84322661161423
27.91169536113739
35.301439344882965
32.46190828084946
33.58396339416504
31.329939663410187
26.647526770830154
31.770782828330994
18.82901555299759
22.32929167151451
24.42732697725296
23.55506145954132
19.72410950064659
18.32412350177765
17.549329966306686
26.296057879924774
24.82096618413925
13.74562394618988
18.043321669101715
21.14703518152237
23.38376885652542
15.886782050132751
18.81495225429535
20.35108381509781
18.244381487369537
16.52253568172455
19.562365770339966
10.23718398809433
20.258450984954834
19.432107031345367
16.29390299320221
10.929329872131348
8.431560277938843
18.386320382356644
10.25122058391571
9.600276589393616
10.352715492248535
12.395009756088257
10.346251487731934
17.441099047660828
9.767877325415611
7.805596828460693
2.8434078693389893
3.870404601097107
4.72114360332489
5.858462765812874
13.109833002090454
12.548229932785034
11.090460002422333
5.005558252334595
3.3212050199508667
2.248210310935974
2.8302628993988037
3.2060707807540894
3.783848762512207
5.516325354576111
12.056489109992981
17.786410748958588
5.017754018306732
8.57061618566513
7.785803973674774
8.126785218715668
6.201807618141174
4.087014228105545
2.448879837989807
8.362883925437927
5.22282212972641
8.505121111869812
8.975272297859192
7.591295659542084
5.454148173332214
1.9281091094017029
1.251996636390686
1.4166089296340942
0.7709250450134277
0.8680039644241333
15.402058362960815
11.20222133398056
2.548502504825592
3.1338170766830444
1.2087539434432983
1.1331695914268494
1.2925127148628235
0.7173408269882202
0.38802313804626465
0.4000171422958374
0.5855846405029297
0.5833832621574402
0.6113948822021484
0.539474368095398
1.3481738567352295
2.333509385585785
1.1197971105575562
0.42392563819885254
0.478796124458313
0.33360207080841064
0.6201920509338379
1.1784655451774597
0.33285486698150635
0.4170362949371338
0.262182354927063
0.21233808994293213
0.15684723854064941
0.3262892961502075
0.48381805419921875
0.22325611114501953
0.1869138479232788
0.2541985511779785
0.10759234428405762
0.2217245101928711
0.8174567222595215
0.48947983980178833
7.4213385581970215
12.838412165641785
3.3136180639266968
0.9812002182006836
0.4942171573638916
0.41382670402526855
0.33050477504730225
0.336417555809021
0.2540324926376343
0.2962454557418823
0.20939022302627563
0.2505676746368408
0.2551630735397339
0.17865896224975586
0.24576866626739502
0.21019721031188965
0.18447434902191162
0.1499769687652588
0.15364551544189453
0.1584256887435913
0.16260409355163574
0.1522125005722046
0.14634180068969727
0.11397266387939453
0.13163518905639648
0.15307021141052246
0.17893463373184204
0.10016417503356934
0.125718355178833
0.11958742141723633
0.11277985572814941
0.10871386528015137
0.0953681468963623
0.08744680881500244
0.07571256160736084
0.07273268699645996
0.11787939071655273
0.06892061233520508
0.07694888114929199
0.09166538715362549
0.08842432498931885
0.09821796417236328
0.11600494384765625
0.07615232467651367
0.09219837188720703
0.08472275733947754
0.0963597297668457
0.11807405948638916
0.10062098503112793
0.0903327465057373
0.08925390243530273
0.08427762985229492
0.08401656150817871
0.0753018856048584
0.06060600280761719
0.09237170219421387
0.06949591636657715
0.09096312522888184
0.07379555702209473
0.07051467895507812
0.056392669677734375
0.06298816204071045
0.10024476051330566
0.055572509765625
0.06728672981262207
0.07590126991271973
0.06749963760375977
0.06125283241271973
0.06592607498168945
0.052593350410461426
0.05901908874511719
0.05211162567138672
0.06760001182556152
0.05386948585510254
0.09726083278656006
0.06471514701843262
0.054091691970825195
0.05780625343322754
0.061004638671875
0.07062983512878418
0.05626058578491211
0.06842243671417236
0.06283867359161377
0.06135916709899902
0.04920649528503418
0.045055389404296875
0.058968305587768555
0.056853294372558594
0.06818532943725586
0.05065011978149414
0.06312894821166992
0.07961082458496094
0.0479201078414917
0.04988741874694824
0.04648852348327637
0.049213409423828125
0.044882774353027344
0.054265737533569336
0.05004000663757324
0.046448469161987305
0.06762409210205078
0.06860852241516113
0.047508955001831055
0.050865888595581055
0.03773188591003418
0.03711843490600586
0.06232714653015137
0.056967735290527344
0.05227208137512207
0.04903054237365723
0.046401262283325195
0.03585243225097656
0.05222368240356445
0.04777812957763672
0.038756370544433594
0.03597545623779297
0.03721451759338379
0.059343814849853516
0.045278310775756836
0.036002397537231445
0.05062758922576904
0.040575265884399414
0.043596506118774414
0.04022836685180664
0.03857612609863281
0.03764820098876953
0.042086124420166016
0.04009890556335449
0.0508427619934082
0.048348426818847656
0.05489659309387207
0.037589311599731445
0.02824854850769043
0.031464576721191406
0.03208422660827637
0.03392958641052246
0.04520845413208008
0.04810786247253418
0.03465008735656738
0.032629966735839844
0.03449273109436035
0.038899898529052734
0.03786778450012207
0.03538918495178223
0.04119265079498291
0.03523898124694824
0.05010485649108887
0.041335105895996094
0.02744889259338379
0.048248291015625
0.040808677673339844
0.046913743019104004
0.03922688961029053
0.03147172927856445
0.04600811004638672
0.0361485481262207
0.02887272834777832
0.04397273063659668
0.0429760217666626
0.0589214563369751
0.031168699264526367
0.04391813278198242
0.04301714897155762
0.05471539497375488
0.04979705810546875
0.026821613311767578
0.0389249324798584
0.03302335739135742
0.03863668441772461
0.042185187339782715
0.041086435317993164
0.03188681602478027
0.029019594192504883
0.029148578643798828
0.028469324111938477
0.04689943790435791
0.03935813903808594
0.032781362533569336
0.02876114845275879
0.03361976146697998
0.03124213218688965
0.03616642951965332
0.029244184494018555
0.028414487838745117
0.03289961814880371
0.03709673881530762
0.029964208602905273
0.03179121017456055
0.024664878845214844
0.02447819709777832
0.03863859176635742
0.030668258666992188
0.045450687408447266
0.03299403190612793
0.041849374771118164
0.03637993335723877
0.029585838317871094
0.038713693618774414
0.03320908546447754
0.03309273719787598
0.03253817558288574
0.030977249145507812
0.03904557228088379
0.02537846565246582
0.0473630428314209
0.03648805618286133
0.027074337005615234
0.030796051025390625
0.027774572372436523
0.034458041191101074
0.033899784088134766
0.030935049057006836
0.028985023498535156
0.033092498779296875
0.0278780460357666
0.025975704193115234
0.03564023971557617
0.035907745361328125
0.030309438705444336
0.0316472053527832
0.03570199012756348
0.023468494415283203
0.0325465202331543
0.027527570724487305
0.025830507278442383
0.02701425552368164
0.028720736503601074
0.03438591957092285
0.027367234230041504
0.024226903915405273
0.02841663360595703
0.02318263053894043
0.026973247528076172
0.02751946449279785
0.03394818305969238
0.03361654281616211
0.022035837173461914
0.022699356079101562
0.025360107421875
0.02805471420288086
0.027805328369140625
0.026090621948242188
0.0204770565032959
0.035399436950683594
0.03238105773925781
0.026938438415527344
0.028026580810546875
0.02605295181274414
0.029018640518188477
0.0280916690826416
0.03323101997375488
0.02507162094116211
0.03501272201538086
0.024859189987182617
0.022185802459716797
0.026592016220092773
0.024092912673950195
0.029744625091552734
0.035004615783691406
0.032755136489868164
0.024536848068237305
0.028396129608154297
0.027976036071777344
0.02488875389099121
0.02323770523071289
0.028023481369018555
0.02627277374267578
0.033838510513305664
0.02919173240661621
0.02964496612548828
0.020450353622436523
0.02459120750427246
0.021022558212280273
0.0214998722076416
0.0232541561126709
0.02778041362762451
0.02481091022491455
0.030204057693481445
0.023916006088256836
0.024692058563232422
0.0334162712097168
0.02357006072998047
0.020132780075073242
0.02718830108642578
0.020531177520751953
0.029193878173828125
0.02431178092956543
0.03251504898071289
0.032483816146850586
0.025492191314697266
0.01813507080078125
0.025480985641479492
0.027149677276611328
0.03365349769592285
0.023111581802368164
0.03146672248840332
0.024748563766479492
0.02618265151977539
0.018567800521850586
0.020946741104125977
0.040608882904052734
0.02754974365234375
0.028756260871887207
0.027387380599975586
0.026910066604614258
0.025423288345336914
0.0294874906539917
0.02129077911376953
0.030875444412231445
0.023458003997802734
0.026569843292236328
0.024860858917236328
0.02456057071685791
0.021068334579467773
0.022386789321899414
0.022170543670654297
0.02157282829284668
0.02332448959350586
0.024825334548950195
0.027646780014038086
0.021401643753051758
0.02860093116760254
0.025139570236206055
0.025562524795532227
0.022513628005981445
0.025383949279785156
0.02056288719177246
0.021794557571411133
0.021769285202026367
0.02089667320251465
0.02456831932067871
0.026144981384277344
0.024397850036621094
0.024163007736206055
0.019195556640625
0.02707672119140625
0.025847911834716797
0.021246671676635742
0.02140355110168457
0.02428436279296875
0.026972651481628418
0.02618885040283203
0.021738052368164062
0.022459745407104492
0.02370619773864746
0.026056528091430664
0.021948814392089844
0.0197066068649292
0.02420353889465332
0.02309703826904297
0.022064685821533203
0.019019603729248047
0.025437235832214355
0.02264571189880371
0.02018141746520996
0.020503759384155273
0.02336740493774414
0.03242826461791992
0.024730443954467773
0.019616365432739258
0.017791032791137695
0.023806095123291016
0.02171039581298828
0.018439531326293945
0.026541709899902344
0.0183563232421875
0.017809391021728516
0.03012537956237793
0.02496778964996338
0.027309656143188477
0.01976943016052246
0.023173809051513672
0.021301746368408203
0.018559694290161133
0.02532958984375
0.018836021423339844
0.027863740921020508
0.0236208438873291
0.023444652557373047
0.01900792121887207
0.02759385108947754
0.02144443988800049
0.02815866470336914
0.023829221725463867
0.02083754539489746
0.02158379554748535
0.01840686798095703
0.018843412399291992
0.028397679328918457
0.016205310821533203
0.016524076461791992
0.02332782745361328
0.02211618423461914
0.024131059646606445
0.020515918731689453
0.02000141143798828
0.019249916076660156
0.018322229385375977
0.027355194091796875
0.02607250213623047
0.024627208709716797
0.01645636558532715
0.0213165283203125
0.02451324462890625
0.022616863250732422
0.01722884178161621
0.01716017723083496
0.018405914306640625
0.020918607711791992
0.01690196990966797
0.016913414001464844
0.02471780776977539
0.025576114654541016
0.024281740188598633
0.01692986488342285
0.021637678146362305
0.020180940628051758
0.019006729125976562
0.024845123291015625
0.020761966705322266
0.021936893463134766
0.023684024810791016
0.021012306213378906
0.027719974517822266
0.02152395248413086
0.01661396026611328
0.020960569381713867
0.018494129180908203
0.016872406005859375
0.023044109344482422
0.01909494400024414
0.01986527442932129
0.024974822998046875
0.01890873908996582
0.02318286895751953
0.02823472023010254
0.02872288227081299
0.018674612045288086
0.015781402587890625
0.023221969604492188
0.021579265594482422
0.025526881217956543
0.018622636795043945
0.016013145446777344
0.021484851837158203
0.01625800132751465
0.024102210998535156
0.021700143814086914
0.025521278381347656
0.01702260971069336
0.018387317657470703
0.01956915855407715
0.028768062591552734
0.021437406539916992
0.01985931396484375
0.029522180557250977
0.017835617065429688
0.02213430404663086
0.01668262481689453
0.01921844482421875
0.023195981979370117
0.01802515983581543
0.022594451904296875
0.01823282241821289
0.021641254425048828
0.020142078399658203
0.021717309951782227
0.024706602096557617
0.014970064163208008
0.0258176326751709
0.018001794815063477
0.011988162994384766
0.02359318733215332
0.023638248443603516
0.018813133239746094
0.01670670509338379
0.023115992546081543
0.020170927047729492
0.017923831939697266
0.018920183181762695
0.02086329460144043
0.019591689109802246
0.024363279342651367
0.01788926124572754
0.02011585235595703
0.016605138778686523
0.025553464889526367
0.021886825561523438
0.01484537124633789
0.021749019622802734
0.01928567886352539
0.017422199249267578
0.015779733657836914
0.01738119125366211
0.016546249389648438
0.02458786964416504
0.0236513614654541
0.01685619354248047
0.01788330078125
0.016662120819091797
0.020719051361083984
0.019548654556274414
0.02332782745361328
0.022617816925048828
0.01755237579345703
0.025609970092773438
0.023267269134521484
0.02099919319152832
0.0176239013671875
0.02225184440612793
0.020803213119506836
0.01936483383178711
0.016301631927490234
0.016597509384155273
0.019076824188232422
0.023967504501342773
0.01818680763244629
0.015077590942382812
0.021883487701416016
0.021263837814331055
0.0225374698638916
0.016115665435791016
0.02380990982055664
0.016695022583007812
0.018756866455078125
0.02288079261779785
0.023345470428466797
0.017682671546936035
0.01834583282470703
0.01984548568725586
0.021564483642578125
0.01819467544555664
0.017027616500854492
0.01583099365234375
0.021645545959472656
0.01767730712890625
0.020025253295898438
0.01607060432434082
0.020366430282592773
0.015447616577148438
0.020406484603881836
0.01916646957397461
0.019832372665405273
0.021713852882385254
0.01300954818725586
0.019469499588012695
0.017500638961791992
0.02011728286743164
0.020507097244262695
0.015950679779052734
0.022265195846557617
0.028033971786499023
0.020574331283569336
0.0198056697845459
0.02223372459411621
0.020519256591796875
0.01690840721130371
0.021001338958740234
0.016198396682739258
0.019397258758544922
0.021296024322509766
0.016086816787719727
0.0185549259185791
0.015192031860351562
0.019756555557250977
0.015204191207885742
0.01814866065979004
0.01665949821472168
0.016362667083740234
0.018335342407226562
0.021850943565368652
0.020941972732543945
0.015387296676635742
0.02149510383605957
0.023653745651245117
0.021688222885131836
0.016590118408203125
0.017259836196899414
0.021123409271240234
0.016508102416992188
0.018939495086669922
0.020288705825805664
0.017049312591552734
0.02001190185546875
0.015877485275268555
0.017671585083007812
0.017163753509521484
0.019330263137817383
0.018993496894836426
0.021427631378173828
0.017325639724731445
0.01990818977355957
0.014024496078491211
0.021384239196777344
0.018786191940307617
0.01641392707824707
0.015789270401000977
0.016697168350219727
0.021681547164916992
0.01701068878173828
0.020869016647338867
0.014896392822265625
0.025485515594482422
0.017811298370361328
0.02118659019470215
0.019669771194458008
0.018431901931762695
0.015356779098510742
0.01727461814880371
0.014923810958862305
0.01624441146850586
0.0184323787689209
0.01941967010498047
0.017738819122314453
0.019416332244873047
0.01830577850341797
0.01679074764251709
0.02130126953125
0.019445180892944336
0.019322633743286133
0.014867305755615234
0.017415523529052734
0.020858287811279297
0.020954132080078125
0.017444372177124023
0.020048856735229492
0.021785259246826172
0.01117706298828125
0.01637554168701172
0.01946568489074707
0.020920991897583008
0.0186154842376709
0.019000530242919922
0.016931772232055664
0.015189170837402344
0.01731276512145996
0.020348310470581055
0.022535324096679688
0.018368005752563477
0.01572132110595703
0.01842522621154785
0.019084453582763672
0.022547245025634766
0.018527746200561523
0.014312028884887695
0.014898061752319336
0.01903080940246582
0.017743349075317383
0.021481037139892578
0.015582561492919922
0.020726442337036133
0.01936960220336914
0.019121646881103516
0.022641658782958984
0.017223596572875977
0.016548871994018555
0.020712614059448242
0.0186769962310791
0.0132293701171875
0.014695405960083008
0.014271020889282227
0.017707109451293945
0.01645183563232422
0.015781402587890625
0.01812267303466797
0.01391458511352539
0.018552541732788086
0.015029668807983398
0.025506973266601562
0.017484426498413086
0.016846179962158203
0.017610549926757812
0.0210573673248291
0.012245416641235352
0.017538785934448242
0.028336286544799805
0.014807462692260742
0.019863128662109375
0.021394729614257812
0.017458677291870117
0.014539480209350586
0.014739513397216797
0.027262210845947266
0.019437074661254883
0.013724088668823242
0.016887664794921875
0.016206026077270508
0.02234482765197754
0.019804954528808594
0.023288488388061523
0.014210224151611328
0.015885353088378906
0.01536107063293457
0.019719362258911133
0.015862703323364258
0.014824390411376953
0.013597249984741211
0.016867399215698242
0.014933586120605469
0.018964290618896484
0.02129340171813965
0.015227317810058594
0.02176082134246826
0.01882004737854004
0.015585184097290039
0.018533706665039062
0.018871784210205078
0.019158124923706055
0.016013622283935547
0.016847610473632812
0.01586318016052246
0.015874624252319336
0.02059757709503174
0.019905805587768555
0.021607160568237305
0.014936208724975586
0.018008947372436523
0.018349409103393555
0.019231319427490234
0.013471841812133789
0.01964092254638672
0.022953510284423828
0.024634599685668945
0.01259756088256836
0.018074512481689453
0.014911413192749023
0.013230085372924805
0.013289928436279297
0.012010335922241211
0.015037298202514648
0.018377304077148438
0.01972174644470215
0.018170595169067383
0.015637874603271484
0.015819549560546875
0.019082307815551758
0.02304220199584961
0.015602350234985352
0.018271207809448242
0.02345132827758789
0.016358137130737305
0.014167070388793945
0.01911163330078125
0.015489578247070312
0.02068352699279785
0.018306970596313477
0.01772141456604004
0.016528606414794922
0.015338659286499023
0.01799321174621582
0.014795303344726562
0.014729738235473633
0.01894211769104004
0.022204160690307617
0.01557469367980957
0.014694690704345703
0.01361846923828125
0.019107341766357422
0.0185854434967041
0.01774144172668457
0.01749134063720703
0.020336627960205078
0.017177820205688477
0.015390157699584961
0.01609206199645996
0.015328168869018555
0.022481918334960938
0.01597309112548828
0.01619577407836914
0.017701387405395508
0.016459226608276367
0.013666629791259766
0.016231060028076172
0.014791250228881836
0.01898777484893799
0.015429258346557617
0.017438650131225586
0.021440982818603516
0.015505313873291016
0.017157316207885742
0.013466835021972656
0.015273571014404297
0.016803503036499023
0.016458511352539062
0.013484954833984375
0.016754627227783203
0.01982259750366211
0.021320104598999023
0.020081758499145508
0.01822972297668457
0.016237974166870117
0.014957666397094727
0.018284082412719727
0.015112876892089844
0.016725540161132812
0.01719379425048828
0.01595306396484375
0.019372940063476562
0.013201475143432617
0.019655704498291016
0.015757322311401367
0.016631603240966797
0.020705699920654297
0.017566442489624023
0.01935267448425293
0.011411666870117188
0.013510704040527344
0.020794153213500977
0.017422199249267578
0.02211785316467285
0.02270221710205078
0.016590356826782227
0.015036344528198242
0.022339582443237305
0.018897533416748047
0.019682645797729492
0.016396522521972656
0.01493978500366211
0.01416778564453125
0.014832496643066406
0.015345335006713867
0.019401192665100098
0.0174558162689209
0.016001462936401367
0.01580023765563965
0.015958309173583984
0.02131187915802002
0.026556015014648438
0.011432409286499023
0.018310070037841797
0.016756057739257812
0.018002748489379883
0.01806330680847168
0.01567673683166504
0.014159440994262695
0.016793012619018555
0.014623403549194336
0.01679849624633789
0.014268159866333008
0.017740964889526367
0.015099763870239258
0.011624574661254883
0.018306493759155273
0.02051377296447754
0.01563858985900879
0.018961191177368164
0.014122247695922852
0.01516103744506836
0.017902135848999023
0.01827263832092285
0.014834046363830566
0.016222000122070312
0.016129255294799805
0.01607656478881836
0.016371488571166992
0.01707291603088379
0.01757335662841797
0.012659549713134766
0.01706838607788086
0.01632213592529297
0.018058061599731445
0.011902332305908203
0.01749444007873535
0.019273996353149414
0.019349336624145508
0.01686406135559082
0.01852107048034668
0.018329381942749023
0.013923406600952148
0.013527870178222656
0.018253087997436523
0.014252066612243652
0.01839280128479004
0.022640228271484375
0.01903700828552246
0.015480518341064453
0.020088672637939453
0.019890785217285156
0.015944719314575195
0.013045072555541992
0.015284061431884766
0.01421976089477539
0.01312875747680664
0.016711711883544922
0.016115188598632812
0.0163266658782959
0.017669200897216797
0.021994829177856445
0.016994476318359375
0.015157461166381836
0.018633127212524414
0.013084888458251953
0.011824369430541992
0.018271207809448242
0.015670180320739746
0.02010631561279297
0.013390779495239258
0.0145721435546875
0.01390683650970459
0.018586397171020508
0.016061782836914062
0.019051074981689453
0.02387833595275879
0.018398046493530273
0.01910853385925293
0.015761137008666992
0.01864314079284668
0.0167388916015625
0.01717853546142578
0.015482187271118164
0.020419836044311523
0.02065587043762207
0.013670921325683594
0.015325546264648438
0.014618635177612305
0.01650238037109375
0.015978574752807617
0.014038801193237305
0.022992849349975586
0.01638650894165039
0.021277427673339844
0.014914870262145996
0.016472578048706055
0.017230749130249023
0.016967296600341797
0.019579172134399414
0.015953779220581055
0.016188383102416992
0.02204298973083496
0.015340089797973633
0.01793503761291504
0.016912221908569336
0.011826515197753906
0.018121719360351562
0.016735553741455078
0.015180349349975586
0.020756006240844727
0.016535043716430664
0.017262697219848633
0.015946149826049805
0.014172554016113281
0.015031099319458008
0.01728200912475586
0.017731666564941406
0.018053293228149414
0.012581348419189453
0.017563581466674805
0.013120651245117188
0.012296438217163086
0.01982593536376953
0.01724410057067871
0.01939868927001953
0.0171966552734375
0.016453981399536133
0.017766714096069336
0.016035795211791992
0.014997243881225586
0.015642404556274414
0.01988077163696289
0.014037370681762695
0.012517452239990234
0.01779651641845703
0.013196229934692383
0.0134124755859375
0.0181427001953125
0.01787114143371582
0.015744805335998535
0.014841794967651367
0.01685810089111328
0.021874427795410156
0.014594554901123047
0.019420146942138672
0.01793670654296875
0.023476600646972656
0.013413429260253906
0.01664113998413086
0.0157470703125
0.015395402908325195
0.0191652774810791
0.01375579833984375
0.012826919555664062
0.018689632415771484
0.015351533889770508
0.018309831619262695
0.016637563705444336
0.01871323585510254
0.01798081398010254
0.014984607696533203
0.011315584182739258
0.01686882972717285
0.017622947692871094
0.016961097717285156
0.015322446823120117
0.018295764923095703
0.014033079147338867
0.015920162200927734
0.01553034782409668
0.013091325759887695
0.01091146469116211
0.021158218383789062
0.01627969741821289
0.013615846633911133
0.0153656005859375
0.020748376846313477
0.017043113708496094
0.025740861892700195
0.01299595832824707
0.019116640090942383
0.011307954788208008
0.014532089233398438
0.02069878578186035
0.017986536026000977
0.01874399185180664
0.016356945037841797
0.016218900680541992
0.01542806625366211
0.01770615577697754
0.015938997268676758
0.018886566162109375
0.014493703842163086
0.017055273056030273
0.014349937438964844
0.019495487213134766
0.015587329864501953
0.014808177947998047
0.015788793563842773
0.01619720458984375
0.017908096313476562
0.015146255493164062
0.015316486358642578
0.0156404972076416
0.016459226608276367
0.01976323127746582
0.015384912490844727
0.01355886459350586
0.012258529663085938
0.0189816951751709
0.015917062759399414
0.019910335540771484
0.01937425136566162
0.016359567642211914
0.013355493545532227
0.013487577438354492
0.020658493041992188
0.014960527420043945
0.0164034366607666
0.017673254013061523
0.017858266830444336
0.019962310791015625
0.015158414840698242
0.013760566711425781
0.011770486831665039
0.01677107810974121
0.01839160919189453
0.017399311065673828
0.02219104766845703
0.014908552169799805
0.016236066818237305
0.011793136596679688
0.018103837966918945
0.01565694808959961
0.01820683479309082
0.013937234878540039
0.015726327896118164
0.012264490127563477
0.016062498092651367
0.015906333923339844
0.0188295841217041
0.016359329223632812
0.01451253890991211
0.01684713363647461
0.01544642448425293
0.018023252487182617
0.01407313346862793
0.01914048194885254
0.015871286392211914
0.019346952438354492
0.016782760620117188
0.02267599105834961
0.019472360610961914
0.012814998626708984
0.015576839447021484
0.015483617782592773
0.01787710189819336
0.018922090530395508
0.018302440643310547
0.013795137405395508
0.017408132553100586
0.012196063995361328
0.016893386840820312
0.01609039306640625
0.018930912017822266
0.014782428741455078
0.013226985931396484
0.01378631591796875
0.01557302474975586
0.021309614181518555
0.015119552612304688
0.020918607711791992
0.0202791690826416
0.013765335083007812
0.017445087432861328
0.014414548873901367
0.018641948699951172
0.022979736328125
0.019999027252197266
0.016348600387573242
0.014955520629882812
0.014262199401855469
0.012122154235839844
0.01686549186706543
0.012895345687866211
0.02098870277404785
0.014196634292602539
0.0103607177734375
0.016289710998535156
0.01917743682861328
0.01396942138671875
0.017548084259033203
0.015440225601196289
0.017932415008544922
0.015959739685058594
0.01627516746520996
0.015352249145507812
0.012729883193969727
0.014930248260498047
0.013393163681030273
0.013725757598876953
0.012656211853027344
0.01592874526977539
0.019274473190307617
0.015757083892822266
0.018436431884765625
0.01538228988647461
0.01397848129272461
0.016442060470581055
0.012539386749267578
0.014304041862487793
0.017264604568481445
0.018311142921447754
0.019494295120239258
0.018230438232421875
0.016515254974365234
0.013579130172729492
0.01953125
0.02077770233154297
0.018021106719970703
0.022342443466186523
0.012662172317504883
0.015462160110473633
0.02108454704284668
0.014932870864868164
0.014722585678100586
0.016399860382080078
0.01933145523071289
0.016127347946166992
0.021898269653320312
0.017688274383544922
0.016817569732666016
0.015872955322265625
0.015510201454162598
0.017742395401000977
0.016225576400756836
0.01852560043334961
0.015472650527954102
0.016915559768676758
0.019016265869140625
0.015018224716186523
0.014793157577514648
0.013323545455932617
0.014886140823364258
0.015546083450317383
0.020037174224853516
0.015723466873168945
0.014093637466430664
0.01850581169128418
0.016487836837768555
0.012470245361328125
0.01747727394104004
0.015553951263427734
0.014128684997558594
0.016368865966796875
0.01466989517211914
0.014992952346801758
0.020435571670532227
0.012568950653076172
0.013633012771606445
0.01587367057800293
0.018390893936157227
0.020767927169799805
0.016178369522094727
0.019659757614135742
0.020043373107910156
0.018243074417114258
0.017735719680786133
0.015735149383544922
0.016524076461791992
0.014312028884887695
0.015812158584594727
0.021901845932006836
0.015966296195983887
0.015020132064819336
0.01441645622253418
0.01625847816467285
0.018711328506469727
0.014972686767578125
0.014957427978515625
0.012727737426757812
0.015573740005493164
0.01709151268005371
0.018071413040161133
0.01466679573059082
0.012117147445678711
0.01624011993408203
0.01677107810974121
0.017327547073364258
0.015564918518066406
0.016616344451904297
0.011825084686279297
0.014345169067382812
0.017010211944580078
0.019006967544555664
0.01780080795288086
0.020282506942749023
0.015453100204467773
0.016802072525024414
0.01621222496032715
0.013532161712646484
0.01492929458618164
0.02584981918334961
0.011439085006713867
0.014894247055053711
0.015745162963867188
0.014658927917480469
0.017276763916015625
0.013773679733276367
0.01770615577697754
0.0133209228515625
0.015645742416381836
0.01562666893005371
0.014730215072631836
0.01421499252319336
0.01248025894165039
0.01773238182067871
0.014502525329589844
0.015525102615356445
0.01616525650024414
0.01732468605041504
0.01844191551208496
0.01587533950805664
0.016749858856201172
0.014884233474731445
0.018610477447509766
0.017365455627441406
0.017719507217407227
0.017218828201293945
0.016448259353637695
0.012645244598388672
0.016582012176513672
0.015294075012207031
0.017189502716064453
0.024398207664489746
0.017519235610961914
0.016534090042114258
0.015313148498535156
0.014343738555908203
0.01467275619506836
0.01232004165649414
0.021472454071044922
0.014963865280151367
0.012636423110961914
0.015598535537719727
0.015103340148925781
0.01592874526977539
0.016851425170898438
0.017702102661132812
0.019611120223999023
0.017948150634765625
0.018141984939575195
0.01519012451171875
0.01607656478881836
0.014881134033203125
0.017635583877563477
0.014221668243408203
0.018377304077148438
0.015182018280029297
0.010512590408325195
0.015008687973022461
0.014962196350097656
0.017617225646972656
0.017429828643798828
0.012983322143554688
0.011579751968383789
0.01861119270324707
0.015458345413208008
0.015993833541870117
0.015412569046020508
0.013627052307128906
0.01311635971069336
0.014856576919555664
0.017798662185668945
0.016100406646728516
0.017342090606689453
0.013961553573608398
0.02062702178955078
0.016559958457946777
0.01643848419189453
0.017276525497436523
0.0251157283782959
0.01739215850830078
0.017136573791503906
0.015374422073364258
0.015267610549926758
0.019929885864257812
0.012966632843017578
0.018922090530395508
0.014285087585449219
0.01369023323059082
0.013187646865844727
0.016930580139160156
0.01923823356628418
0.014338016510009766
0.014245986938476562
0.01515960693359375
0.01589512825012207
0.01590287685394287
0.015396833419799805
0.014844894409179688
0.017671823501586914
0.020838022232055664
0.017954349517822266
0.014179229736328125
0.018391847610473633
0.01747429370880127
0.018010616302490234
0.015015840530395508
0.020582914352416992
0.015160799026489258
0.014209747314453125
0.015312433242797852
0.013992547988891602
0.018343210220336914
0.01603221893310547
0.016362428665161133
0.016606807708740234
0.01653456687927246
0.01997542381286621
0.014044046401977539
0.019127845764160156
0.012064695358276367
0.01633286476135254
0.01341557502746582
0.014599084854125977
0.011751413345336914
0.014755725860595703
0.016054153442382812
0.013691425323486328
0.012688875198364258
0.013956785202026367
0.019739627838134766
0.015830516815185547
0.014444351196289062
0.018242835998535156
0.016682863235473633
0.017380714416503906
0.016861915588378906
0.01557016372680664
0.017923355102539062
0.014311075210571289
0.00932621955871582
0.017087221145629883
0.013348817825317383
0.014598846435546875
0.01517033576965332
0.018016576766967773
0.016712427139282227
0.016268491744995117
0.021000146865844727
0.019644737243652344
0.01374197006225586
0.01576709747314453
0.02083897590637207
0.014758825302124023
0.01971578598022461
0.012727737426757812
0.01669025421142578
0.017381906509399414
0.01626420021057129
0.016919374465942383
0.01691293716430664
0.015326499938964844
0.015715360641479492
0.01691722869873047
0.012959480285644531
0.014085054397583008
0.016849040985107422
0.015470504760742188
0.014680147171020508
0.014216184616088867
0.02095317840576172
0.017186880111694336
0.01290583610534668
0.014231204986572266
0.016173362731933594
0.014381647109985352
0.017305850982666016
0.015915632247924805
0.01974630355834961
0.01548910140991211
0.017104387283325195
0.017681121826171875
0.014432668685913086
0.01292109489440918
0.017261743545532227
0.014345407485961914
0.019098997116088867
0.01332402229309082
0.01748490333557129
0.013968944549560547
0.0168607234954834
0.017673730850219727
0.018259286880493164
0.015316009521484375
0.01654362678527832
0.016271352767944336
0.019141674041748047
0.017058134078979492
0.012558460235595703
0.017932653427124023
0.01924729347229004
0.018755674362182617
0.014329910278320312
0.01612234115600586
0.012686729431152344
0.017112016677856445
0.015520334243774414
0.01827549934387207
0.01835155487060547
0.016971826553344727
0.014980316162109375
0.01698434352874756
0.01677536964416504
0.01633286476135254
0.017482519149780273
0.015590667724609375
0.016872644424438477
0.011745214462280273
0.018512725830078125
0.018068552017211914
0.01263117790222168
0.013700246810913086
0.014754056930541992
0.018341541290283203
0.018102645874023438
0.014591693878173828
0.015598773956298828
0.012229442596435547
0.015613555908203125
