324.31978058815
321.4230589866638
321.22777938842773
320.7933325767517
319.2575933933258
319.4941177368164
318.82435131073
319.101087808609
318.5635812282562
319.4269459247589
318.2393991947174
316.0265097618103
308.55967378616333
286.3920593261719
258.58960378170013
237.48523211479187
228.96095192432404
203.70171773433685
202.5492261648178
199.20331156253815
256.67829060554504
302.66074442863464
237.212664604187
224.66845226287842
224.9356404542923
221.5382273197174
216.66499191522598
175.08825647830963
176.66900593042374
198.7861471772194
173.39973679184914
172.60773342847824
161.75318306684494
157.08241561055183
135.38142001628876
148.30458050966263
154.1616526246071
158.44239741563797
164.61521318554878
180.13504314422607
176.85007590055466
135.45615059137344
142.9990237057209
158.0323176085949
148.06716990470886
147.2317773103714
177.34992825984955
151.900750041008
256.4901270866394
320.930379152298
320.0042510032654
318.67858934402466
319.2046527862549
318.790465593338
319.2433247566223
318.4014971256256
318.51783633232117
318.1844804286957
318.47284150123596
318.6112959384918
318.1501965522766
319.3736402988434
318.37962555885315
318.6267776489258
318.9683184623718
317.6285517215729
318.7160003185272
318.2725145816803
318.6877794265747
318.2804229259491
318.5971083641052
318.45078778266907
318.0871067047119
318.01782631874084
318.6937129497528
318.2947533130646
318.37390756607056
318.0761616230011
318.4830572605133
318.0683128833771
318.41098976135254
317.8750820159912
318.6639394760132
318.2309374809265
318.7413239479065
318.2834873199463
317.91096448898315
318.50176668167114
318.21254110336304
318.011111497879
317.7752754688263
317.9810047149658
318.6557755470276
318.6840853691101
317.57590794563293
318.32722878456116
318.4747579097748
317.5232398509979
317.83652567863464
317.9660120010376
318.9823122024536
317.7509582042694
317.8840708732605
318.4717080593109
318.32947182655334
317.64980816841125
318.1775052547455
318.1807723045349
317.4607491493225
318.5228524208069
317.7279574871063
318.68852138519287
317.9649622440338
318.649569272995
317.86372447013855
317.86137795448303
318.5061810016632
318.08937335014343
318.07352781295776
317.7680730819702
318.2236123085022
318.0328667163849
318.360285282135
318.132520198822
318.0297782421112
317.80184292793274
318.7288420200348
318.4092252254486
318.3530933856964
318.14087438583374
317.08721232414246
317.8363027572632
318.0488135814667
318.20680046081543
318.5317282676697
318.40081310272217
318.43750643730164
317.66604447364807
318.6042711734772
317.93112540245056
318.3648052215576
318.5456557273865
318.16004490852356
317.99487590789795
318.24145889282227
317.74866223335266
317.71652913093567
318.32215571403503
317.99158549308777
317.19101762771606
318.01360177993774
318.4185585975647
318.00653767585754
318.36298513412476
318.08024191856384
318.3592116832733
317.563818693161
318.16743421554565
317.6954243183136
317.2222740650177
318.48128509521484
317.44253969192505
319.0127696990967
317.76622891426086
317.4863817691803
318.1594524383545
317.9851818084717
318.5225479602814
318.1574068069458
318.0442304611206
318.1005115509033
317.7973175048828
317.92929434776306
318.44735741615295
317.63184571266174
317.8321752548218
318.758496761322
318.15031599998474
317.8766939640045
318.5405910015106
318.28708386421204
317.40695095062256
317.8082869052887
318.2770359516144
318.0958933830261
318.2784597873688
318.4797556400299
317.87830805778503
317.9759695529938
318.08764266967773
317.7718343734741
318.04885601997375
317.70339250564575
317.580242395401
317.8090434074402
317.81115460395813
317.53923869132996
317.9953534603119
318.238445520401
318.06856513023376
318.1316442489624
317.9186658859253
318.1541705131531
317.96106338500977
317.7580153942108
318.25428009033203
318.0364899635315
318.3898072242737
318.1677870750427
317.7395706176758
317.6409721374512
318.4671583175659
317.9779329299927
317.7159652709961
318.46964740753174
317.0960547924042
318.21343326568604
318.1157805919647
318.0845046043396
317.79480481147766
317.7944960594177
317.4260935783386
317.6440734863281
318.10395097732544
318.0786726474762
317.65980887413025
317.75725865364075
318.40986585617065
317.56481409072876
318.2690169811249
318.27040672302246
318.0824508666992
317.8504843711853
318.1231665611267
317.8818669319153
318.1768362522125
317.8928565979004
317.6627604961395
317.89028120040894
318.1911292076111
318.06944704055786
318.025173664093
317.51186418533325
317.10074400901794
318.4563844203949
318.71051120758057
317.7762267589569
317.78660345077515
317.35553216934204
317.6933047771454
317.95216488838196
317.64670181274414
317.93169045448303
318.12676525115967
317.97955226898193
318.1654944419861
317.6069827079773
317.52954745292664
317.1270127296448
318.2245352268219
317.8139727115631
317.5256884098053
318.47982954978943
317.2718822956085
317.8786623477936
317.24270701408386
318.54258966445923
317.9797534942627
318.171621799469
317.41717743873596
317.8742949962616
318.22297382354736
317.77308464050293
317.8277688026428
317.48707818984985
318.24519181251526
318.2230372428894
317.55905079841614
317.9227113723755
318.1756944656372
318.31188225746155
318.0521442890167
317.7785995006561
317.5843138694763
317.96829414367676
317.80446314811707
317.42629837989807
317.81176590919495
317.71180033683777
318.25339341163635
317.7171049118042
318.07512402534485
318.25937843322754
317.5108504295349
318.1690921783447
317.60536003112793
317.92782068252563
317.60690665245056
318.17880296707153
318.1008903980255
317.3907108306885
317.9268374443054
317.3262448310852
318.31964778900146
317.5356414318085
318.0245199203491
317.29703855514526
318.17605090141296
318.0419452190399
317.5957145690918
317.94592022895813
318.2842528820038
318.0138347148895
317.67184829711914
317.5621349811554
318.4737961292267
318.0457661151886
317.8165292739868
317.7809627056122
317.9619586467743
317.76662516593933
318.34726309776306
317.53020310401917
318.1603648662567
317.85104489326477
317.77167654037476
318.4517743587494
318.0094232559204
317.9800646305084
317.5902030467987
317.9304165840149
317.7868173122406
317.3281247615814
317.9336214065552
317.4714035987854
317.8314895629883
317.9209599494934
318.15728402137756
318.3362774848938
317.6672520637512
317.75233697891235
317.0477485656738
317.6413071155548
317.54585886001587
317.99748277664185
317.8635013103485
318.03131103515625
317.57741117477417
317.77421283721924
317.7941336631775
317.6866202354431
318.2571520805359
317.99917817115784
317.761860370636
317.904643535614
317.3714048862457
318.1591708660126
317.8310799598694
317.9960615634918
317.5787179470062
317.7341425418854
317.72663950920105
318.0565457344055
318.0203809738159
317.509822845459
317.28760051727295
318.29126596450806
317.641973733902
317.6510877609253
318.16019558906555
318.07553911209106
318.2681996822357
317.88567996025085
317.33880400657654
317.7584297657013
318.0689857006073
317.91349506378174
318.43182134628296
318.02072644233704
317.5168685913086
317.70320200920105
317.67558765411377
317.6808388233185
317.66719698905945
318.2626175880432
318.367791891098
318.06548261642456
317.75768637657166
317.9607443809509
318.0213077068329
317.3161644935608
317.97408175468445
317.58993005752563
317.77809286117554
317.00698232650757
317.58152890205383
317.48535776138306
317.6794488430023
318.18430972099304
317.68518328666687
317.6595456600189
318.2171013355255
317.11897826194763
317.88544392585754
318.29530930519104
318.08768606185913
318.0888886451721
317.77037525177
317.42639780044556
318.0757591724396
317.585732460022
318.00568532943726
317.4078621864319
317.66834712028503
317.57336926460266
317.41756868362427
317.7043902873993
317.61867117881775
316.9264543056488
317.520489692688
318.37710189819336
318.06244707107544
317.6781942844391
317.53933215141296
317.7770733833313
317.5384159088135
317.5649747848511
318.5218641757965
318.2317771911621
317.6790683269501
317.8928716182709
317.77094745635986
318.24810695648193
317.51129627227783
317.588796377182
317.6480588912964
318.1281328201294
317.7157356739044
317.84910225868225
318.0047824382782
317.35305285453796
318.3567485809326
318.0181860923767
318.2103261947632
317.75118827819824
317.67192459106445
317.5116765499115
317.87840938568115
317.7352726459503
317.6323025226593
318.0019190311432
317.65254950523376
318.12308621406555
317.99919390678406
317.7426633834839
317.443327665329
317.7992808818817
317.0814599990845
317.7280852794647
317.9428584575653
317.7465732097626
317.722975730896
317.24791407585144
317.7979497909546
317.8627829551697
317.8435001373291
318.2926080226898
317.59246349334717
318.13069009780884
317.3700861930847
317.8393385410309
318.080126285553
317.59914684295654
317.7204370498657
317.32766819000244
317.69155192375183
317.64261078834534
317.5844144821167
317.715460062027
317.81629180908203
317.541268825531
317.6666724681854
317.56055092811584
317.7349452972412
318.08962655067444
318.0355417728424
317.68662118911743
317.32033586502075
317.3716628551483
317.82446002960205
317.51975655555725
318.05532479286194
317.77691745758057
317.9712541103363
317.1073682308197
318.0707674026489
317.9466860294342
317.5985643863678
317.69222807884216
317.7903001308441
317.67234230041504
318.20551013946533
317.87267327308655
317.6243851184845
317.9773528575897
317.8524839878082
317.6496374607086
317.9478380680084
317.748263835907
317.38384652137756
317.8972177505493
318.02463722229004
317.5790948867798
317.93016052246094
317.86948919296265
317.8504436016083
317.42001128196716
318.0246093273163
317.8491687774658
317.98269605636597
317.27166080474854
317.6545515060425
317.1521153450012
317.87889671325684
318.0039300918579
317.68806076049805
317.557434797287
317.6225483417511
318.11709856987
317.35308265686035
317.7756848335266
317.57204389572144
317.36454916000366
318.08434772491455
317.7607190608978
317.3293330669403
317.4958026409149
317.8950254917145
317.7031557559967
317.53022742271423
317.77801179885864
317.8018500804901
318.04156374931335
318.04295539855957
317.7725100517273
317.7525088787079
317.3671863079071
317.80646419525146
317.44069361686707
317.652468919754
317.8893322944641
317.80443263053894
317.6634826660156
317.66015362739563
317.5634186267853
318.03254652023315
317.80608439445496
317.7036340236664
317.7971365451813
318.11032724380493
317.1962230205536
318.06950664520264
318.25647234916687
317.58105993270874
317.4119870662689
317.6655156612396
317.92337441444397
317.55944895744324
317.6962993144989
317.66994857788086
317.25199031829834
318.1158585548401
317.45606803894043
317.97144055366516
318.03658413887024
317.9225368499756
317.5922291278839
317.79316234588623
317.52094435691833
317.7266867160797
317.9818227291107
317.8270082473755
317.29306626319885
317.48978638648987
317.6309509277344
317.8236858844757
317.5034132003784
317.6889832019806
317.90786361694336
317.74357056617737
317.5857582092285
317.6809365749359
317.93128204345703
317.8699080944061
317.4591631889343
317.9892873764038
317.684467792511
317.5632793903351
318.0277602672577
317.5025188922882
317.6877021789551
317.8018901348114
318.3371343612671
317.5734152793884
317.9516050815582
317.986216545105
317.442923784256
317.96719431877136
317.77227759361267
317.38594579696655
317.6607553958893
317.4345271587372
317.6116669178009
317.83476638793945
317.940630197525
317.189493894577
317.31209349632263
317.4131271839142
317.28903579711914
318.46025800704956
317.7858896255493
317.8430700302124
317.1566185951233
317.5600254535675
317.7811379432678
317.6405119895935
318.0085771083832
317.5635974407196
317.9372069835663
317.556405544281
317.4785234928131
317.6591682434082
317.8248062133789
317.9380433559418
317.39153695106506
317.5803666114807
317.86024284362793
317.5167965888977
318.15614676475525
318.16642785072327
317.329913854599
317.9038324356079
317.81662678718567
317.3017168045044
317.6476249694824
317.79810428619385
317.71519231796265
317.84852361679077
317.41716861724854
317.29507398605347
317.1203832626343
317.8919508457184
317.8103060722351
317.74889731407166
317.6688742637634
317.4295754432678
318.3084228038788
317.5914978981018
317.85257053375244
317.8888621330261
318.0322413444519
317.3615491390228
318.1219263076782
317.94869232177734
317.4886167049408
318.00102281570435
317.3774836063385
317.53581285476685
317.69986057281494
317.80127477645874
317.8040006160736
317.6049692630768
317.4383399486542
317.4783926010132
317.4447445869446
317.5496211051941
318.12322998046875
317.8028256893158
317.47010016441345
317.6633005142212
317.6245300769806
317.7662024497986
317.94017219543457
317.1967225074768
317.6027126312256
318.16791224479675
317.47212529182434
317.615975856781
317.59538745880127
317.5890152454376
316.9696662425995
317.4809310436249
317.52477765083313
318.13903522491455
317.7345938682556
318.1272873878479
317.96005511283875
317.94138741493225
317.4599871635437
318.0380210876465
318.0182468891144
317.46675062179565
317.591126203537
317.96553683280945
317.4341778755188
317.41052198410034
318.087749004364
317.4345734119415
317.8815860748291
317.47841334342957
317.3412010669708
317.68683671951294
317.901344537735
317.34571838378906
317.11320400238037
317.57534098625183
317.933865070343
317.7621855735779
316.56902956962585
317.77312994003296
317.53471779823303
317.865038394928
317.3155589103699
318.2579879760742
318.0994908809662
317.9251489639282
317.1622076034546
318.0275785923004
317.737233877182
317.7294759750366
317.6403043270111
317.67162346839905
317.1701157093048
318.3592610359192
317.50943636894226
317.9723346233368
317.6910037994385
317.64048171043396
317.975759267807
317.650981426239
317.6562268733978
317.6043953895569
317.5315282344818
317.6066017150879
317.56662774086
317.6176960468292
317.86118149757385
317.9075527191162
317.5565745830536
317.6674892902374
317.3579750061035
317.57870054244995
317.67696142196655
317.93626403808594
317.44935607910156
317.6748037338257
317.82523226737976
317.65429401397705
317.9542751312256
318.10622668266296
317.827433347702
317.31611132621765
317.2012417316437
317.41590881347656
317.6694703102112
317.4997036457062
317.9899744987488
317.7486455440521
317.62505173683167
317.73276567459106
317.4673843383789
318.0724506378174
317.45871090888977
317.6053328514099
317.99396777153015
317.45655059814453
317.85448384284973
317.0458104610443
317.4289700984955
318.2401261329651
317.7550964355469
317.5334289073944
317.46779441833496
317.91469979286194
318.20088624954224
317.63935947418213
317.5822231769562
317.3949873447418
318.0745162963867
317.508367061615
317.7034194469452
317.2215533256531
317.2596814632416
317.42889404296875
317.13495659828186
317.6185791492462
318.154141664505
318.0337462425232
318.1363961696625
317.765017747879
317.4822494983673
318.24984765052795
317.6591820716858
317.61492824554443
317.67392230033875
317.9430696964264
317.6503369808197
317.89661717414856
317.92821860313416
317.3848853111267
317.7312455177307
316.9187242984772
317.39935183525085
317.50199007987976
317.5706968307495
317.5206756591797
317.84104466438293
317.3251528739929
317.4162096977234
317.5787286758423
317.8144347667694
317.37187790870667
317.741494178772
317.5477936267853
317.65633392333984
317.2180016040802
317.495400428772
317.78837180137634
317.68941855430603
318.1842985153198
317.4572026729584
317.2990794181824
317.6960418224335
317.4227478504181
317.46989822387695
317.6612467765808
318.27742314338684
318.1889636516571
318.1874203681946
317.41381335258484
317.9331147670746
317.62835693359375
317.8280596733093
317.6896057128906
317.5288836956024
317.47043657302856
317.3675043582916
317.869900226593
317.5660049915314
317.60833406448364
317.5834650993347
317.573370218277
318.04795360565186
317.32387804985046
317.03093338012695
317.7020833492279
317.9305500984192
317.51937794685364
317.3027973175049
317.4885950088501
317.850266456604
317.50845408439636
317.5733914375305
317.75018858909607
317.6986474990845
318.23380970954895
317.78845286369324
317.65809416770935
317.620165348053
317.7598125934601
317.8335428237915
317.8919520378113
317.6634213924408
317.77907133102417
317.4313530921936
317.5748543739319
317.871657371521
317.8725140094757
317.4543573856354
317.0854606628418
317.4767589569092
317.8349492549896
317.8292508125305
317.36168932914734
317.17726826667786
317.36391043663025
317.50320053100586
317.6628863811493
317.78598856925964
317.8743805885315
317.7064964771271
317.6595718860626
317.3992552757263
317.6890609264374
317.73929619789124
317.1934070587158
317.80852007865906
317.73925733566284
317.928181886673
317.66269731521606
317.4782419204712
317.79656076431274
317.75943660736084
317.4129695892334
317.5952663421631
317.77424454689026
317.839230298996
317.54420280456543
317.6410803794861
317.54665899276733
317.66348600387573
317.7813334465027
317.40275740623474
317.7774398326874
317.56951689720154
317.5830326080322
317.5636250972748
317.7656693458557
317.35172843933105
317.6015727519989
317.63171005249023
317.69660782814026
316.90323996543884
317.82473373413086
317.8136320114136
317.840701341629
317.6893787384033
317.4599504470825
318.1929793357849
317.63875436782837
317.37882018089294
317.675612449646
317.5353739261627
317.6374249458313
317.97377729415894
317.7811441421509
317.83316707611084
317.8362708091736
317.5892629623413
317.2192192077637
317.6514163017273
317.4304585456848
317.4713888168335
317.5254204273224
317.44170665740967
317.52462434768677
317.5678331851959
318.09797978401184
317.4249360561371
317.86671471595764
317.64091062545776
317.4076826572418
317.5795660018921
317.5303599834442
317.48641777038574
317.44503951072693
317.74249243736267
317.47079038619995
317.6663694381714
317.5919735431671
317.6304717063904
317.75978088378906
318.20834493637085
317.42615842819214
317.3951907157898
317.965562582016
317.2389793395996
317.54093050956726
317.8169906139374
317.74861335754395
317.22818541526794
317.9103593826294
317.9869337081909
317.81780433654785
317.6907727718353
318.05194783210754
317.267874956131
317.86782360076904
317.5897445678711
317.89287519454956
317.425087928772
317.38021516799927
317.61736369132996
317.47676849365234
317.2165358066559
317.7566428184509
317.10336422920227
317.3197889328003
318.22314071655273
317.85863161087036
317.7371792793274
318.16949701309204
317.7849199771881
317.5180003643036
317.4306080341339
317.7517123222351
317.6343619823456
318.11431097984314
317.5097506046295
317.542028427124
317.332323551178
317.5045473575592
317.4471230506897
318.10932636260986
317.33767771720886
317.6303713321686
317.93612456321716
317.74136328697205
318.1013102531433
317.2126500606537
317.9355182647705
317.4623234272003
317.57738757133484
317.35753631591797
317.8964262008667
317.1779191493988
317.60976362228394
317.242050409317
317.32668566703796
317.6763415336609
317.38587164878845
317.24514627456665
317.78645753860474
317.8354871273041
317.536155462265
317.4982101917267
317.5750858783722
317.8125524520874
317.41335225105286
317.25241708755493
317.51632738113403
317.64012145996094
317.30828309059143
317.6920895576477
317.74169754981995
317.5821912288666
317.71053767204285
318.1028916835785
317.909161567688
317.920937538147
317.4767608642578
317.6193416118622
317.4863896369934
317.5004515647888
317.10148549079895
317.904314994812
318.16668701171875
317.82829308509827
317.8964729309082
317.4168221950531
317.50085616111755
318.0970425605774
317.2261233329773
317.3490273952484
317.91952562332153
317.0847465991974
317.6263415813446
317.74658727645874
317.5727024078369
317.44688057899475
317.83904123306274
317.7339618206024
317.5871858596802
317.8127088546753
317.96056389808655
317.7614905834198
317.52230644226074
317.2977948188782
317.8645236492157
317.5758898258209
317.64183235168457
317.4957411289215
317.72272849082947
317.83365416526794
317.70557045936584
317.5311915874481
317.54718136787415
317.54059052467346
317.65021896362305
317.30790162086487
317.51655769348145
317.1012690067291
317.7260274887085
317.93344235420227
317.4887990951538
317.8926329612732
317.33688592910767
317.6999251842499
317.9523272514343
317.6894516944885
317.4879946708679
317.6936249732971
317.6740896701813
317.89614629745483
317.55145382881165
317.77092599868774
317.64231848716736
317.1408576965332
317.1135346889496
317.7811553478241
317.7405905723572
317.6175775527954
317.89546155929565
317.4401845932007
317.8693070411682
317.5919101238251
317.5122790336609
317.742990732193
317.2719762325287
317.68468976020813
317.90242886543274
317.8458180427551
317.0336594581604
317.5422956943512
317.892879486084
317.81599402427673
317.4153435230255
317.25402665138245
317.8665771484375
317.35471177101135
317.68080711364746
317.72686290740967
317.705096244812
317.6694760322571
317.46892833709717
317.6470687389374
317.5779666900635
317.5139956474304
317.6031277179718
317.7739679813385
317.2787790298462
316.94200587272644
317.6844766139984
317.499142408371
317.46882820129395
317.59388041496277
317.46277260780334
317.4199616909027
317.7009356021881
317.1974184513092
318.15558528900146
317.6022779941559
317.3293149471283
317.7542259693146
317.7256672382355
317.71543073654175
317.8828902244568
317.2376663684845
317.6987407207489
317.6108491420746
317.7779321670532
317.48893666267395
317.93967962265015
318.0879487991333
317.6165244579315
317.8712639808655
317.0965151786804
317.9875886440277
317.799706697464
317.56814408302307
317.2931377887726
317.9136927127838
317.23993468284607
318.08076095581055
317.53639912605286
317.55590987205505
317.5016679763794
317.44887471199036
317.50509667396545
317.5663032531738
317.66336727142334
317.6743047237396
317.5662167072296
317.3848829269409
316.9285454750061
317.6180970668793
318.1417031288147
317.99656414985657
317.50215673446655
317.79887795448303
318.0405285358429
317.40092420578003
317.6426739692688
317.5274817943573
317.8135588169098
317.56092643737793
317.44074034690857
317.3470344543457
317.9314913749695
317.49935507774353
317.57438254356384
317.68639397621155
317.35543179512024
317.1716887950897
317.9494104385376
318.0953462123871
317.60385060310364
317.4757196903229
318.0445349216461
317.37241673469543
317.6805167198181
317.33500719070435
317.5989260673523
317.24169063568115
317.5345916748047
318.0912537574768
317.69165992736816
317.80329418182373
317.3068540096283
317.7358589172363
317.831595659256
317.3539779186249
317.6530797481537
317.75629568099976
317.34469389915466
317.3598551750183
317.68355321884155
317.594938993454
317.78936290740967
317.5982596874237
317.65793538093567
317.62734031677246
317.64331126213074
317.28005027770996
317.61146807670593
317.6330404281616
317.6245467662811
317.5566256046295
317.6061017513275
317.41522431373596
317.38962602615356
317.56198382377625
317.80320715904236
317.3744206428528
317.6802875995636
317.73966670036316
317.53664207458496
317.7091488838196
317.31096720695496
317.45900321006775
317.4482047557831
317.92156863212585
317.31422448158264
317.4491651058197
317.7406713962555
317.4904947280884
317.83781147003174
317.7199499607086
317.71296787261963
317.52339577674866
317.5998213291168
317.604585647583
317.7167103290558
317.470561504364
317.489759683609
317.44518280029297
318.0459864139557
317.8897979259491
317.2508819103241
317.90280985832214
317.76146268844604
317.50954151153564
318.3416790962219
317.72498393058777
317.53587651252747
317.41930747032166
317.470773935318
317.50556087493896
317.65144658088684
317.5548450946808
317.12738490104675
316.8413634300232
317.56432700157166
317.51214051246643
317.3090240955353
317.9307646751404
317.7805964946747
317.770423412323
317.31260871887207
317.52871227264404
317.7588953971863
317.6290371417999
317.64410424232483
317.8035817146301
317.38856410980225
317.3225064277649
317.89142537117004
318.2682194709778
317.82497215270996
317.24238300323486
317.05458426475525
317.9803309440613
317.4232723712921
317.10596919059753
317.3295521736145
317.41016840934753
318.0334794521332
317.30063581466675
317.08466267585754
317.4671049118042
317.7147972583771
318.0562787055969
317.97770524024963
317.6220347881317
317.4173860549927
317.264347076416
317.75268816947937
317.2788565158844
317.46897768974304
317.6700749397278
317.7558057308197
317.78875207901
317.5366814136505
317.3123607635498
318.0081272125244
317.991592168808
318.0446937084198
317.4668176174164
317.87628078460693
317.5893702507019
317.5923616886139
317.40051078796387
317.6745162010193
317.54847502708435
317.7586455345154
317.57014632225037
317.5429427623749
317.57247400283813
317.8913924694061
317.257141828537
317.5525412559509
317.8425590991974
318.1167576313019
317.65794944763184
317.22219467163086
317.8394265174866
317.58024168014526
317.6609740257263
317.88507986068726
317.2619194984436
317.5746772289276
317.3949942588806
317.7005271911621
316.9586970806122
317.28954792022705
317.50382375717163
317.762898683548
317.21807503700256
318.0458016395569
318.0405695438385
317.92752718925476
317.5078592300415
317.356773853302
317.5125057697296
317.7205648422241
317.4965980052948
317.40693044662476
317.90050506591797
317.55022048950195
317.6825325489044
317.72413635253906
317.66658663749695
317.36108660697937
317.7363874912262
317.5833773612976
318.17363595962524
318.1229090690613
317.74478673934937
317.5218575000763
316.98747086524963
317.810373544693
317.83233547210693
317.71785378456116
317.12792587280273
317.8311586380005
317.0732684135437
317.25221943855286
317.945351600647
317.49298191070557
317.5924689769745
317.29897952079773
317.37589406967163
317.17883944511414
317.77487683296204
318.22594022750854
317.26237416267395
317.79941034317017
317.37237071990967
317.93418979644775
317.92074704170227
317.15091466903687
317.69802808761597
317.73038935661316
317.2753610610962
317.48610663414
316.96336126327515
317.1387870311737
317.65228271484375
317.40367007255554
317.4542405605316
317.35729002952576
317.7448287010193
317.61512303352356
317.7787535190582
317.91759729385376
317.2379674911499
317.4148952960968
317.641587972641
317.4393994808197
317.59723258018494
317.4258737564087
317.5728349685669
317.7527515888214
317.38361167907715
317.4351670742035
317.84259057044983
317.93574714660645
318.04089522361755
317.53215622901917
317.90489292144775
317.4603359699249
317.4309332370758
317.34675455093384
317.8566861152649
317.66703701019287
318.15423369407654
317.67472290992737
317.73077297210693
318.070410490036
317.59109592437744
317.86895537376404
317.4514091014862
317.2790148258209
317.41217279434204
317.42510533332825
317.6641888618469
317.93150568008423
317.966717004776
317.7118763923645
317.276086807251
317.82425570487976
317.2964713573456
317.80660009384155
317.32679438591003
317.43806767463684
317.6592741012573
317.34809279441833
317.93986797332764
316.9123387336731
318.20449924468994
317.3024845123291
317.42984437942505
317.33112359046936
317.6216902732849
317.62139415740967
317.957391500473
317.838960647583
317.4845106601715
317.72347116470337
317.1141664981842
317.934609413147
317.48452377319336
317.9076201915741
317.3106105327606
318.03851675987244
317.18651723861694
317.64379596710205
317.6539378166199
317.8332042694092
317.43207001686096
317.54085206985474
317.7803156375885
317.4274036884308
318.11503052711487
317.40102076530457
317.91258239746094
317.3969314098358
317.7405574321747
317.8777906894684
317.5303168296814
317.56316924095154
317.78545022010803
317.4399080276489
317.50257563591003
317.7724995613098
317.5662751197815
317.3249731063843
317.46395802497864
317.46069717407227
317.4397542476654
317.62895250320435
317.580442905426
317.46431827545166
317.5624563694
317.7567894458771
317.1781768798828
317.646870136261
317.74807834625244
317.546998500824
317.4408588409424
317.6910436153412
317.45284366607666
317.4379723072052
317.51138520240784
317.5874981880188
317.64040875434875
317.6694712638855
317.5635287761688
317.2581396102905
318.0124044418335
317.6222949028015
317.62107706069946
318.02779722213745
317.3253104686737
317.7229378223419
317.02676701545715
318.05032896995544
318.0278797149658
317.6317312717438
317.75819873809814
317.22904324531555
317.47039580345154
317.6026976108551
317.56783151626587
317.89748311042786
317.51237511634827
317.2554922103882
317.5611345767975
317.6338834762573
317.26902318000793
318.08539175987244
317.9969265460968
317.46556878089905
317.437451839447
317.9279520511627
317.3577253818512
317.79563570022583
318.18297481536865
317.33324456214905
317.4647068977356
317.6909644603729
316.7724406719208
317.60637617111206
317.6814544200897
317.9827163219452
317.3292701244354
317.59646916389465
317.41538071632385
317.76736283302307
317.3283791542053
318.0559570789337
316.92619585990906
317.6128966808319
317.7079350948334
317.57577872276306
317.4020609855652
317.8776161670685
317.91479229927063
317.3967089653015
317.44282722473145
317.406617641449
317.4046938419342
317.3437671661377
317.6060526371002
317.57044529914856
317.44853925704956
317.8474085330963
317.7206189632416
317.8908529281616
317.72312593460083
317.96753668785095
317.46900510787964
317.7131357192993
317.6206884384155
317.53086733818054
317.3704662322998
317.40004420280457
317.1795048713684
317.6529242992401
317.28282952308655
317.4884674549103
317.55104207992554
317.4764258861542
318.1921248435974
317.59512424468994
317.35487699508667
317.37636637687683
317.7175450325012
317.372451543808
317.4615647792816
317.53551173210144
317.78219985961914
317.5237159729004
317.7318305969238
317.66923093795776
317.51685667037964
317.87106442451477
317.3669409751892
316.9064166545868
317.98564195632935
317.3686378002167
317.77902030944824
317.4555883407593
318.0758173465729
317.6174485683441
317.6295645236969
317.71313095092773
317.3351774215698
317.5283284187317
317.73953080177307
317.9920642375946
317.8251678943634
317.30918622016907
317.6430685520172
317.50798511505127
317.44512391090393
317.70910263061523
317.36045384407043
317.60907673835754
317.70987820625305
317.78798365592957
317.28752732276917
317.46059823036194
317.6411807537079
317.5638747215271
317.73082876205444
317.2372646331787
317.8558158874512
317.1805922985077
317.87113547325134
317.79034519195557
317.46817994117737
317.79810070991516
317.3051245212555
317.0941240787506
317.2276246547699
317.54321026802063
317.82305669784546
318.1451916694641
317.3973298072815
317.8407893180847
317.85841178894043
317.6959021091461
317.3291120529175
317.44586086273193
317.2797830104828
317.2199807167053
317.2729437351227
317.6779270172119
317.80939507484436
317.4405815601349
317.7325327396393
317.79304575920105
317.55918765068054
317.4541766643524
317.94836354255676
317.37658309936523
317.4616377353668
318.0556242465973
317.94727516174316
317.5721070766449
317.7752215862274
317.8351249694824
317.5582537651062
317.3456747531891
317.32754278182983
317.42800068855286
317.3030002117157
317.2225441932678
317.7571840286255
317.3119089603424
317.3898866176605
317.48315691947937
317.49633169174194
317.35095596313477
317.6904807090759
317.78499364852905
318.270587682724
317.56720089912415
317.2956602573395
317.3566598892212
317.6632590293884
317.76594829559326
317.52100110054016
317.39187240600586
317.97338914871216
317.7688672542572
317.967978477478
317.55484795570374
317.7884740829468
317.54318404197693
317.6208350658417
317.79418897628784
317.4264304637909
317.3273115158081
317.64660906791687
317.6125178337097
317.43454337120056
317.8505291938782
317.4459044933319
