325.1862304210663
325.16717290878296
324.84498381614685
324.1840307712555
324.51101565361023
324.1509704589844
323.8824853897095
324.42033100128174
323.92831921577454
323.624990940094
323.3916952610016
323.4325189590454
323.0880253314972
322.7931206226349
322.6520001888275
322.4572768211365
322.42037177085876
322.3284282684326
321.5150315761566
321.73007702827454
321.2482120990753
321.0539343357086
321.0711295604706
320.9165096282959
320.0960829257965
319.65119075775146
319.8897125720978
319.3337814807892
319.5188901424408
319.01582741737366
319.67010951042175
318.4946687221527
318.0987322330475
318.40526819229126
318.24413681030273
317.8805663585663
317.92153882980347
318.6671071052551
317.80060601234436
317.20542573928833
318.17901062965393
317.59692120552063
317.86215901374817
317.3290090560913
316.8975110054016
318.40145087242126
317.99034333229065
317.4375593662262
316.96897053718567
317.0306646823883
316.457350730896
317.15788173675537
316.3374402523041
316.62843799591064
315.4955623149872
315.05809259414673
314.6014907360077
312.8445031642914
309.91116762161255
302.8415551185608
292.8610191345215
292.3758342266083
287.55048298835754
283.6195776462555
273.2501903772354
267.8731017112732
264.12709629535675
248.13280606269836
239.01587915420532
229.45910799503326
217.9428858757019
215.25229144096375
208.95765781402588
202.29786729812622
199.95105075836182
189.8446890115738
184.9150140285492
185.5476554632187
180.87421298027039
179.67797392606735
176.28856933116913
160.8714326620102
154.69771420955658
150.9728553891182
147.6185221672058
145.44123476743698
135.09239435195923
132.39098119735718
126.58650404214859
128.5879101753235
135.86246126890182
122.80041646957397
114.86035931110382
111.15688034892082
112.70792827010155
111.58105212450027
106.50231182575226
101.16453239321709
96.1318433880806
93.43338561058044
94.39018577337265
89.35030025243759
73.43820005655289
77.73753276467323
73.9829506278038
68.76387107372284
66.78975450992584
67.55347779393196
79.3033966422081
63.22533696889877
65.90518006682396
64.99285447597504
61.65765431523323
64.78904747962952
53.68720743060112
54.91475519537926
53.97343757748604
52.598004758358
50.65030685067177
52.532292664051056
50.09712067246437
43.319955348968506
42.826911598443985
41.4069459438324
42.68118315935135
40.20377963781357
46.59022372961044
42.05340778827667
36.718809723854065
38.729430973529816
36.52213695645332
31.65503564476967
38.18520402908325
34.51789066195488
34.120183646678925
27.214565873146057
23.75940638780594
24.58619624376297
26.034841150045395
21.58392271399498
23.382383972406387
19.20679211616516
20.69887602329254
23.465551108121872
23.6012601852417
19.619261384010315
18.17806351184845
17.9859921336174
24.60164898633957
21.985745787620544
12.298069417476654
14.521481215953827
24.33008098602295
13.839450716972351
17.69217774271965
14.663703501224518
21.037787288427353
20.46649944782257
15.036428391933441
14.494379162788391
16.926644563674927
23.72855043411255
10.094128608703613
15.576922595500946
13.52823406457901
13.606998145580292
16.23622328042984
12.458548545837402
9.458560585975647
13.429341793060303
4.462561786174774
6.051019847393036
9.899099707603455
7.120585083961487
7.223562568426132
8.523276567459106
5.599677801132202
3.7686188220977783
2.467252731323242
9.15891346335411
9.209120452404022
6.362847447395325
12.328584104776382
21.950834035873413
7.481514930725098
8.37886792421341
3.8364726305007935
1.3569389581680298
11.615458548069
6.740738391876221
2.5415982604026794
4.77363783121109
11.113699197769165
9.3306183218956
9.114515900611877
4.396573841571808
9.559994518756866
5.605666160583496
10.23718810081482
5.42396605014801
4.421800851821899
1.6775710582733154
5.421129107475281
6.88754403591156
6.148989289999008
4.781549036502838
11.783694624900818
4.51745069026947
2.2227227091789246
2.094513416290283
1.0333313941955566
1.1641939878463745
0.6932862997055054
1.1384384632110596
5.161513566970825
5.253994584083557
1.876410722732544
1.69547700881958
0.7350460290908813
0.9386549293994904
0.47774767875671387
0.3745114803314209
0.32687509059906006
0.31520748138427734
0.23557353019714355
2.698681950569153
2.9657938480377197
3.422713875770569
10.14852511882782
4.893558859825134
7.221358060836792
4.063138246536255
0.9348137378692627
0.42342519760131836
0.9529201686382294
0.35785043239593506
0.3166775107383728
0.3158220052719116
0.34716153144836426
1.9153560400009155
0.3103971481323242
0.40424150228500366
0.6397762298583984
1.694683313369751
1.635655865073204
0.4705430269241333
0.17915916442871094
0.17235779762268066
0.19498562812805176
0.13497614860534668
0.18006527423858643
0.18112492561340332
0.10042905807495117
0.1281757354736328
0.10711729526519775
0.11316823959350586
0.12103629112243652
0.11478865146636963
0.14064526557922363
0.11602264642715454
0.06360161304473877
0.11937189102172852
0.0724649429321289
0.0988459587097168
0.12388765811920166
0.10460567474365234
0.06369507312774658
0.08546566963195801
0.16793608665466309
0.24663794040679932
0.10237264633178711
0.05272316932678223
0.07279109954833984
0.10466116666793823
0.05105471611022949
0.04329705238342285
0.04746901988983154
0.05855083465576172
0.06026101112365723
0.057218194007873535
0.028870344161987305
0.04336380958557129
0.04712319374084473
0.053545355796813965
0.03378629684448242
0.038231611251831055
0.038954973220825195
0.05235588550567627
0.04637503623962402
0.05354571342468262
0.04375016689300537
0.030220508575439453
0.04420304298400879
0.04726576805114746
0.05142068862915039
0.045398712158203125
0.0731499195098877
0.0266726016998291
0.06825637817382812
0.04483318328857422
0.0488886833190918
0.04233860969543457
0.04430818557739258
0.0455935001373291
0.037688493728637695
0.041533470153808594
0.03694415092468262
0.040258944034576416
0.026513338088989258
0.04222702980041504
0.027493000030517578
0.043877363204956055
0.0257951021194458
0.04618382453918457
0.027161121368408203
0.0433042049407959
0.029265165328979492
0.04428243637084961
0.04025387763977051
0.0271451473236084
0.03843545913696289
0.029040813446044922
0.04298090934753418
0.04019951820373535
0.029238224029541016
0.0221250057220459
0.027609586715698242
0.03136444091796875
0.027356386184692383
0.028626441955566406
0.02998828887939453
0.031639814376831055
0.03336381912231445
0.02187967300415039
0.025844573974609375
0.038086891174316406
0.02741086483001709
0.02378702163696289
0.016671180725097656
0.03267955780029297
0.024898767471313477
0.023128032684326172
0.03748130798339844
0.02312302589416504
0.02077937126159668
0.025696754455566406
0.02302408218383789
0.020366668701171875
0.038431644439697266
0.030268430709838867
0.028593897819519043
0.02410149574279785
0.03664398193359375
0.0208890438079834
0.025630950927734375
0.019003629684448242
0.030738353729248047
0.02354145050048828
0.03463006019592285
0.03363943099975586
0.04131364822387695
0.01975226402282715
0.02288234233856201
0.01812577247619629
0.022851943969726562
0.025585651397705078
0.014989852905273438
0.029369354248046875
0.017848968505859375
0.029603958129882812
0.02590346336364746
0.01839303970336914
0.019992709159851074
0.022944211959838867
0.022001266479492188
0.022292613983154297
0.019164562225341797
0.014516353607177734
0.018372774124145508
0.02875518798828125
0.02318882942199707
0.029096364974975586
0.021925926208496094
0.024965524673461914
0.018105149269104004
0.015674591064453125
0.015625715255737305
0.021593332290649414
0.03777647018432617
0.023802518844604492
0.01867055892944336
0.0182492733001709
0.024714231491088867
0.018368244171142578
0.01800704002380371
0.023040294647216797
0.022068262100219727
0.020596742630004883
0.02119612693786621
0.019421935081481934
0.021140575408935547
0.01826190948486328
0.018787384033203125
0.01624917984008789
0.02508687973022461
0.020714521408081055
0.025255441665649414
0.019895553588867188
0.018502473831176758
0.02310967445373535
0.02201557159423828
0.014126062393188477
0.01715397834777832
0.01633143424987793
0.022370576858520508
0.02202320098876953
0.027756452560424805
0.03344845771789551
0.021788358688354492
0.017421364784240723
0.015906333923339844
0.019586563110351562
0.021995067596435547
0.02181100845336914
0.018997907638549805
0.01580667495727539
0.017702817916870117
0.01416015625
0.01942586898803711
0.015957355499267578
0.021731853485107422
0.01936507225036621
0.016208171844482422
0.016948461532592773
0.020083189010620117
0.013796329498291016
0.01850104331970215
0.015644311904907227
0.017038822174072266
0.017635345458984375
0.01961493492126465
0.01630377769470215
0.018230438232421875
0.017287731170654297
0.016270875930786133
0.01934981346130371
0.02197432518005371
0.018445730209350586
0.013143777847290039
0.018253326416015625
0.020386934280395508
0.010796785354614258
0.014338254928588867
0.015717506408691406
0.02043294906616211
0.017148971557617188
0.018309831619262695
0.018360614776611328
0.02066636085510254
0.014975547790527344
0.013866543769836426
0.012981176376342773
0.020093202590942383
0.012005805969238281
0.014566779136657715
0.01803112030029297
0.015044212341308594
0.013227701187133789
0.019848227500915527
0.014647960662841797
0.013153553009033203
0.02281665802001953
0.019735336303710938
0.026187896728515625
0.014667272567749023
0.018125295639038086
0.015113353729248047
0.015753746032714844
0.018366217613220215
0.01568126678466797
0.022554874420166016
0.014517784118652344
0.018362998962402344
0.015475988388061523
0.016318321228027344
0.015829086303710938
0.012174367904663086
0.018115997314453125
0.014876604080200195
0.013331055641174316
0.013418436050415039
0.01666402816772461
0.013813257217407227
0.012584924697875977
0.016274452209472656
0.014548063278198242
0.02085280418395996
0.012982606887817383
0.017090559005737305
0.01635599136352539
0.013457775115966797
0.017786741256713867
0.019412517547607422
0.015900611877441406
0.014508247375488281
0.01648259162902832
0.016272783279418945
0.010340213775634766
0.01211404800415039
0.016980409622192383
0.01313328742980957
0.012547016143798828
0.013927221298217773
0.013696432113647461
0.018712520599365234
0.012748003005981445
0.014932870864868164
0.01712322235107422
0.010117292404174805
0.0154571533203125
0.01343536376953125
0.009753942489624023
0.019978761672973633
0.011701583862304688
0.01825261116027832
0.016216754913330078
0.013099908828735352
0.015874147415161133
0.012535810470581055
0.014294147491455078
0.019574642181396484
0.014147043228149414
0.010020613670349121
0.01325678825378418
0.014338254928588867
0.017484188079833984
0.022341489791870117
0.012583255767822266
0.012393712997436523
0.017209529876708984
0.012819290161132812
0.016689777374267578
0.01569366455078125
0.013360977172851562
0.013164281845092773
0.012995481491088867
0.013693571090698242
0.01743626594543457
0.0123291015625
0.014934182167053223
0.01679515838623047
0.012999773025512695
0.014607071876525879
0.011140108108520508
0.011181354522705078
0.014568090438842773
0.015546083450317383
0.013765335083007812
0.01484060287475586
0.013834476470947266
0.013759136199951172
0.013250350952148438
0.011324405670166016
0.01588606834411621
0.010842323303222656
0.014848947525024414
0.01721978187561035
0.014046788215637207
0.009808540344238281
0.012008428573608398
0.013245344161987305
0.011659622192382812
0.01691150665283203
0.012465238571166992
0.021640300750732422
0.012619733810424805
0.012540817260742188
0.013941049575805664
0.011066913604736328
0.010295867919921875
0.01323556900024414
0.011390209197998047
0.009766101837158203
0.012232303619384766
0.01744842529296875
0.014250755310058594
0.01217949390411377
0.011534929275512695
0.011645078659057617
0.01669597625732422
0.013390660285949707
0.010677099227905273
0.010541915893554688
0.015414714813232422
0.010623931884765625
0.012283563613891602
0.015462875366210938
0.012395620346069336
0.014590740203857422
0.014342069625854492
0.019431591033935547
0.011821746826171875
0.013385772705078125
0.018874168395996094
0.015900373458862305
0.012714028358459473
0.011517047882080078
0.012912750244140625
0.00839996337890625
0.01486349105834961
0.016063213348388672
0.01151275634765625
0.011230707168579102
0.012036800384521484
0.01759171485900879
0.010988235473632812
0.012599706649780273
0.013440608978271484
0.012685775756835938
0.009984970092773438
0.015070676803588867
0.01361227035522461
0.010408163070678711
0.010689020156860352
0.014203786849975586
0.014714956283569336
0.011870622634887695
0.014688253402709961
0.013800859451293945
0.01554417610168457
0.012188196182250977
0.010838985443115234
0.012989044189453125
0.011275291442871094
0.014696121215820312
0.011388540267944336
0.013416051864624023
0.010674357414245605
0.010315179824829102
0.012480497360229492
0.015361785888671875
0.011052370071411133
0.012883901596069336
0.012878179550170898
0.00972294807434082
0.013955354690551758
0.011095523834228516
0.013902902603149414
0.010427474975585938
0.010892152786254883
0.008276224136352539
0.013087034225463867
0.011168718338012695
0.012635946273803711
0.010324716567993164
0.011513710021972656
0.01064610481262207
0.017160892486572266
0.009660720825195312
0.014345884323120117
0.01266169548034668
0.012427330017089844
0.00977015495300293
0.012010574340820312
0.011523962020874023
0.01206064224243164
0.014178276062011719
0.013975262641906738
0.015827655792236328
0.016695737838745117
0.010622501373291016
0.0127488374710083
0.01121377944946289
0.014574050903320312
0.011571884155273438
0.015541791915893555
0.009134769439697266
0.010114908218383789
0.013684988021850586
0.009821891784667969
0.013916015625
0.014038681983947754
0.011537313461303711
0.012877941131591797
0.01071929931640625
0.010046720504760742
0.011779546737670898
0.010082006454467773
0.011248350143432617
0.013068914413452148
0.012468099594116211
0.016010284423828125
0.010730504989624023
0.011223554611206055
0.009592652320861816
0.017562270164489746
0.010339021682739258
0.010515451431274414
0.011223793029785156
0.015530109405517578
0.00933980941772461
0.013257861137390137
0.009030342102050781
0.012908220291137695
0.012836217880249023
0.009333610534667969
0.014278411865234375
0.012412071228027344
0.007578849792480469
0.012242317199707031
0.008276939392089844
0.01249074935913086
0.011240959167480469
0.011965036392211914
0.012318611145019531
0.011176586151123047
0.011983633041381836
0.010868072509765625
0.012474894523620605
0.013490676879882812
0.010113716125488281
0.009686708450317383
0.009955406188964844
0.012172937393188477
0.008966207504272461
0.010773658752441406
0.011409997940063477
0.013415098190307617
0.010170698165893555
0.013391733169555664
0.010597705841064453
0.010504722595214844
0.010092735290527344
0.01218867301940918
0.013130426406860352
0.009662866592407227
0.009307503700256348
0.015091419219970703
0.013236522674560547
0.012685537338256836
0.014847040176391602
0.010330438613891602
0.010328292846679688
0.011266469955444336
0.010110616683959961
0.009317874908447266
0.010363340377807617
0.011616110801696777
0.010210990905761719
0.014220714569091797
0.012792110443115234
0.008251190185546875
0.010590553283691406
0.012739419937133789
0.008713245391845703
0.009357929229736328
0.013698339462280273
0.010921955108642578
0.01360940933227539
0.011132001876831055
0.010215520858764648
0.009709358215332031
0.01012730598449707
0.009836435317993164
0.011668682098388672
0.013039827346801758
0.011223077774047852
0.012806177139282227
0.008494138717651367
0.010438203811645508
0.010103702545166016
0.012273550033569336
0.013673782348632812
0.011375904083251953
0.011912345886230469
0.011484503746032715
0.009551048278808594
0.010837554931640625
0.012909412384033203
0.012145280838012695
0.007731437683105469
0.011923074722290039
0.010887622833251953
0.011497020721435547
0.007186412811279297
0.014800786972045898
0.010159730911254883
0.01275944709777832
0.012015581130981445
0.009314298629760742
0.011314868927001953
0.009048223495483398
0.010785460472106934
0.01540684700012207
0.012785911560058594
0.008465766906738281
0.0123976469039917
0.012419700622558594
0.01190328598022461
0.01032876968383789
0.012685298919677734
0.013277292251586914
0.008649587631225586
0.008362531661987305
0.012247323989868164
0.008990287780761719
0.011212587356567383
0.007772684097290039
0.008335113525390625
0.010910511016845703
0.00872039794921875
0.009323835372924805
0.008601903915405273
0.01157069206237793
0.013730049133300781
0.013040304183959961
0.007817506790161133
0.013051867485046387
0.011650562286376953
0.009585380554199219
0.012036561965942383
0.009900093078613281
0.01276254653930664
0.010288476943969727
0.00842142105102539
0.012653827667236328
0.011957883834838867
0.007777690887451172
0.009079456329345703
0.011999130249023438
0.008465290069580078
0.009412527084350586
0.011076927185058594
0.010016679763793945
0.014127135276794434
0.008540630340576172
0.012431144714355469
0.007923603057861328
0.013581275939941406
0.009168148040771484
0.01034688949584961
0.015971899032592773
0.011311769485473633
0.011538982391357422
0.010025739669799805
0.01050424575805664
0.008484840393066406
0.011656999588012695
0.011109352111816406
0.010586023330688477
0.011586189270019531
0.008702754974365234
0.012327194213867188
0.009743213653564453
0.009438753128051758
0.012883424758911133
0.009366273880004883
0.010103464126586914
0.008869051933288574
0.012042760848999023
0.009079694747924805
0.008022785186767578
0.013481378555297852
0.010777950286865234
0.012017011642456055
0.009657859802246094
0.011317610740661621
0.008679628372192383
0.012411117553710938
0.00765228271484375
0.008466958999633789
0.009189367294311523
0.009361028671264648
0.010210514068603516
0.013495922088623047
0.008006572723388672
0.011803150177001953
0.009946823120117188
0.011601686477661133
0.010542154312133789
0.009504556655883789
0.012891054153442383
0.012605905532836914
0.01064157485961914
0.010223865509033203
0.008057832717895508
0.008295536041259766
0.012131929397583008
0.009754657745361328
0.011862754821777344
0.011457085609436035
0.008432865142822266
0.010793924331665039
0.009185075759887695
0.010692596435546875
0.009938955307006836
0.009799957275390625
0.010018348693847656
0.007780313491821289
0.008698582649230957
0.0099639892578125
0.010940909385681152
0.012579679489135742
0.010843276977539062
0.011188507080078125
0.0102386474609375
0.012391805648803711
0.012833356857299805
0.009120702743530273
0.009238719940185547
0.014919281005859375
0.010621786117553711
0.01107335090637207
0.013688087463378906
0.009103775024414062
0.010868549346923828
0.009375333786010742
0.008819341659545898
0.01292109489440918
0.01197957992553711
0.014793157577514648
0.007171630859375
0.010952353477478027
0.007383823394775391
0.012294530868530273
0.013531684875488281
0.010626077651977539
0.009335756301879883
0.009005308151245117
0.0077419281005859375
0.009920120239257812
0.01034855842590332
0.009382486343383789
0.008212089538574219
0.008131265640258789
0.011780738830566406
0.009140968322753906
0.008722305297851562
0.009406089782714844
0.013384342193603516
0.009632110595703125
0.00829315185546875
0.007934331893920898
0.010282754898071289
0.009624361991882324
0.011535406112670898
0.01025533676147461
0.011755228042602539
0.011960983276367188
0.011658430099487305
0.009900331497192383
0.011124372482299805
0.010214805603027344
0.009543418884277344
0.008982658386230469
0.01010441780090332
0.01397562026977539
0.008576631546020508
0.009826898574829102
0.008661270141601562
0.0092848539352417
0.012684106826782227
0.010048151016235352
0.011594295501708984
0.00986480712890625
0.010119199752807617
0.0077135562896728516
0.007222890853881836
0.012811899185180664
0.007916688919067383
0.010874032974243164
0.008600234985351562
0.012830376625061035
0.009003400802612305
0.008228540420532227
0.007988929748535156
0.012711524963378906
0.010628938674926758
0.00951695442199707
0.010500550270080566
0.015874862670898438
0.009511709213256836
0.0066678524017333984
0.013073205947875977
0.010590553283691406
0.01080322265625
0.005761384963989258
0.010161876678466797
0.013429641723632812
0.008002996444702148
0.013045549392700195
0.009905815124511719
0.007678508758544922
0.00904989242553711
0.009311437606811523
0.009155511856079102
0.008884549140930176
0.011520147323608398
0.0063266754150390625
0.009233474731445312
0.00923776626586914
0.007860898971557617
0.010796904563903809
0.009481191635131836
0.013007640838623047
0.010985374450683594
0.011683225631713867
0.012409687042236328
0.006760120391845703
0.009473562240600586
0.010079383850097656
0.012813091278076172
0.009426116943359375
0.012840986251831055
0.011240839958190918
0.01012277603149414
0.011090993881225586
0.011296987533569336
0.008092164993286133
0.011533021926879883
0.008495330810546875
0.010622739791870117
0.008900642395019531
0.008121490478515625
0.008582711219787598
0.007475376129150391
0.00806283950805664
0.00895547866821289
0.010668039321899414
0.012306690216064453
0.009536504745483398
0.011801481246948242
0.009612441062927246
0.010398149490356445
0.009346485137939453
0.008556127548217773
0.010091781616210938
0.00968170166015625
0.011396408081054688
0.010390758514404297
0.010776281356811523
0.01045846939086914
0.013173818588256836
0.012425422668457031
0.009887456893920898
0.00824594497680664
0.009696602821350098
0.009802818298339844
0.01161336898803711
0.009761571884155273
0.008313179016113281
0.012456417083740234
0.01112055778503418
0.007169008255004883
0.010947465896606445
0.010404586791992188
0.0072498321533203125
0.011098623275756836
0.014470577239990234
0.01153421401977539
0.00948333740234375
0.012555599212646484
0.011998653411865234
0.008672952651977539
0.0075855255126953125
0.011595726013183594
0.008652210235595703
0.008512258529663086
0.00897216796875
0.010127782821655273
0.009714603424072266
0.00737309455871582
0.00885629653930664
0.011800765991210938
0.009079337120056152
0.010880470275878906
0.009469985961914062
0.009897708892822266
0.008897066116333008
0.00789189338684082
0.008741378784179688
0.011251688003540039
0.0104905366897583
0.008588433265686035
0.010895967483520508
0.010206937789916992
0.009049177169799805
0.009427309036254883
0.009849786758422852
0.010764837265014648
0.010445356369018555
0.009691715240478516
0.008740901947021484
0.009212732315063477
0.007554531097412109
0.010556817054748535
0.012051820755004883
0.012578487396240234
0.009723663330078125
0.010320782661437988
0.009369373321533203
0.0077686309814453125
0.008626699447631836
0.01001429557800293
0.013149261474609375
0.00858306884765625
0.006289005279541016
0.00961923599243164
0.01238703727722168
0.009949445724487305
0.00852513313293457
0.008442401885986328
0.0061872005462646484
0.01137685775756836
0.016515731811523438
0.009855985641479492
0.008604764938354492
0.010234594345092773
0.007631540298461914
0.010589122772216797
0.008904457092285156
0.009715557098388672
0.009084463119506836
0.009794473648071289
0.010110616683959961
0.01299905776977539
0.009801626205444336
0.010207891464233398
0.00923013687133789
0.013600349426269531
0.011250495910644531
0.009786367416381836
0.01070713996887207
0.011579036712646484
0.010815858840942383
0.008019685745239258
0.009180545806884766
0.011070966720581055
0.012530803680419922
0.008901834487915039
0.010080575942993164
0.00790858268737793
0.008778572082519531
0.00864863395690918
0.008527278900146484
0.007377147674560547
0.008496522903442383
0.008727669715881348
0.009966135025024414
0.008402585983276367
0.010872602462768555
0.008169412612915039
0.009296894073486328
0.008371472358703613
0.009286880493164062
0.011738777160644531
0.007686614990234375
0.011861324310302734
0.009000301361083984
0.010881185531616211
0.008979320526123047
0.011791467666625977
0.009160757064819336
0.011623144149780273
0.008487462997436523
0.011150121688842773
0.007470130920410156
0.009692192077636719
0.00897669792175293
0.00898432731628418
0.00831460952758789
0.007094144821166992
0.013443231582641602
0.016859054565429688
0.009392261505126953
0.008056640625
0.009765386581420898
0.01004648208618164
0.008085966110229492
0.008745908737182617
0.010760068893432617
0.010169506072998047
0.01151585578918457
0.007978200912475586
0.008355379104614258
0.007907390594482422
0.010777473449707031
0.008137702941894531
0.010229229927062988
0.008609533309936523
0.007333040237426758
0.013688325881958008
0.009886503219604492
0.011592984199523926
0.009854555130004883
0.009645700454711914
0.007306575775146484
0.008762598037719727
0.012447118759155273
0.007837057113647461
0.012616157531738281
0.007147789001464844
0.007671833038330078
0.00910186767578125
0.008997201919555664
0.008778572082519531
0.009637594223022461
0.00836634635925293
0.009119272232055664
0.010238409042358398
0.01197052001953125
0.008906126022338867
0.011241436004638672
0.008327007293701172
0.013197898864746094
0.008529424667358398
0.009749650955200195
0.006297588348388672
0.011612415313720703
0.00830388069152832
0.011710286140441895
0.008861780166625977
0.011612892150878906
0.008364439010620117
0.011989593505859375
0.011342525482177734
0.00891876220703125
0.011190652847290039
0.009458541870117188
0.009679436683654785
0.008423805236816406
0.007957935333251953
0.007696747779846191
0.011097908020019531
0.007693052291870117
0.007756829261779785
0.0066716670989990234
0.00858616828918457
0.013275146484375
0.009657621383666992
0.008438348770141602
0.009208202362060547
0.010648965835571289
0.011041402816772461
0.009777069091796875
0.009719610214233398
0.008565545082092285
0.009243249893188477
0.011409759521484375
0.01138615608215332
0.009341239929199219
0.008443832397460938
0.010103702545166016
0.009485483169555664
0.010193586349487305
0.012064456939697266
0.0074079036712646484
0.010473489761352539
0.011224746704101562
0.009619951248168945
0.013289690017700195
0.007360339164733887
0.009062051773071289
0.010251998901367188
0.0075893402099609375
0.009167671203613281
0.009349584579467773
0.009624242782592773
0.009411811828613281
0.00816810131072998
0.013415932655334473
0.007436513900756836
0.010850906372070312
0.010271549224853516
0.008314132690429688
0.007638216018676758
0.006459474563598633
0.010697126388549805
0.00926518440246582
0.01143789291381836
0.009818315505981445
0.014306306838989258
0.0055675506591796875
0.013385891914367676
0.00800776481628418
0.007462501525878906
0.00818943977355957
0.007784128189086914
0.008771657943725586
0.013597488403320312
0.008863687515258789
0.01049661636352539
0.009313583374023438
0.008462190628051758
0.010370731353759766
0.009462118148803711
0.0071070194244384766
0.011189460754394531
0.009050369262695312
0.008320331573486328
0.01303243637084961
0.010418891906738281
0.008462905883789062
0.006747722625732422
0.007040262222290039
0.009351968765258789
0.00928044319152832
0.013314247131347656
0.008680105209350586
0.011889219284057617
0.010065793991088867
0.01125788688659668
0.010982632637023926
0.009466171264648438
0.009795427322387695
0.007456660270690918
0.010663509368896484
0.005769014358520508
0.010977745056152344
0.008637428283691406
0.00784754753112793
0.008554458618164062
0.010123729705810547
0.011450767517089844
0.0102996826171875
0.010494709014892578
0.010350465774536133
0.008922815322875977
0.009258747100830078
0.012480974197387695
0.009523391723632812
0.010873794555664062
0.010069131851196289
0.009007692337036133
0.007906913757324219
0.008179426193237305
0.009320497512817383
0.008525848388671875
0.008150815963745117
0.007958173751831055
0.009518861770629883
0.009905576705932617
0.00990748405456543
0.0063152313232421875
0.008562803268432617
0.01039743423461914
0.007807254791259766
0.010478019714355469
0.010159969329833984
0.011064767837524414
0.009231328964233398
0.009126424789428711
0.010536909103393555
0.008947610855102539
0.008692502975463867
0.010489225387573242
0.012032747268676758
0.011165142059326172
0.011909961700439453
0.008807659149169922
0.009351730346679688
0.011617422103881836
0.0073091983795166016
0.009689569473266602
0.008845329284667969
0.0110931396484375
0.008912324905395508
0.008491992950439453
0.009723663330078125
0.006519317626953125
0.010992288589477539
0.006892681121826172
0.011335611343383789
0.012300491333007812
0.0065441131591796875
0.009996891021728516
0.007545948028564453
0.010200977325439453
0.01109015941619873
0.0074307918548583984
0.010997533798217773
0.007500171661376953
0.008596181869506836
0.010736227035522461
0.009893178939819336
0.008899211883544922
0.007515907287597656
0.012126445770263672
0.010177373886108398
0.008739948272705078
0.011808633804321289
0.009238481521606445
0.009037494659423828
0.012976527214050293
0.010552406311035156
0.009912967681884766
0.01109623908996582
0.008512020111083984
0.009470701217651367
0.00950002670288086
0.013298511505126953
0.010648727416992188
0.008653879165649414
0.007686138153076172
0.007706880569458008
0.009463071823120117
0.007973670959472656
0.007554769515991211
0.006775975227355957
0.009386062622070312
0.012046337127685547
0.008781671524047852
0.010233402252197266
0.009248971939086914
0.009110450744628906
0.011642217636108398
0.009571313858032227
0.008516550064086914
0.008807182312011719
0.0086822509765625
0.011589288711547852
0.010069012641906738
0.010942697525024414
0.008643865585327148
0.00785064697265625
0.009871244430541992
0.01026010513305664
0.00909113883972168
0.008511781692504883
0.012004256248474121
0.010732889175415039
0.009044170379638672
0.008434772491455078
0.008924245834350586
0.010192155838012695
0.010036706924438477
0.008850574493408203
0.010081291198730469
0.008046627044677734
0.006848573684692383
0.008085250854492188
0.012339353561401367
0.009181499481201172
0.010542631149291992
0.007598876953125
0.007887601852416992
0.010624408721923828
0.006573200225830078
0.015166521072387695
0.007993221282958984
0.008139610290527344
0.0087813138961792
0.008145332336425781
0.00954127311706543
0.009191751480102539
0.009609460830688477
0.012096524238586426
0.008181571960449219
0.01049947738647461
0.009682655334472656
0.008044719696044922
0.012416362762451172
0.007190704345703125
0.00974130630493164
0.009860754013061523
0.010066032409667969
0.010678291320800781
0.0107804536819458
0.013595819473266602
0.009348154067993164
0.00867009162902832
0.009501218795776367
0.011217832565307617
0.008524894714355469
0.01026296615600586
0.00920867919921875
0.010142326354980469
0.008351325988769531
0.007641911506652832
0.008052587509155273
0.010502338409423828
0.012524843215942383
0.009586334228515625
0.008048057556152344
0.011281013488769531
0.009862661361694336
0.008705854415893555
0.008809566497802734
0.010584235191345215
0.010246753692626953
0.01013946533203125
0.008270978927612305
0.008190631866455078
0.008824586868286133
0.007609128952026367
0.00714874267578125
0.011404633522033691
0.0072133541107177734
0.006772041320800781
0.010280132293701172
0.009629487991333008
0.008205413818359375
0.007179737091064453
0.009641408920288086
0.007351398468017578
0.012707233428955078
0.008407354354858398
0.011094331741333008
0.008708715438842773
0.007294416427612305
0.01269078254699707
0.009375810623168945
0.007662773132324219
0.010202169418334961
0.008395195007324219
0.008039474487304688
0.008754253387451172
0.00818777084350586
0.007107734680175781
0.011518001556396484
0.013805627822875977
0.009252786636352539
0.008512496948242188
0.008799552917480469
0.012521147727966309
0.010599136352539062
0.008135080337524414
0.011229515075683594
0.011857748031616211
0.009836673736572266
0.008656501770019531
0.01105499267578125
0.008693218231201172
0.007001161575317383
0.007250547409057617
0.01320958137512207
0.008415937423706055
0.007380008697509766
0.008420705795288086
0.008114814758300781
0.01048898696899414
0.009500503540039062
0.008226394653320312
0.01024317741394043
0.009281396865844727
0.009709596633911133
0.010622024536132812
0.010069131851196289
0.009549140930175781
0.00802469253540039
0.009738445281982422
0.009594917297363281
0.011090874671936035
0.008603572845458984
0.00968170166015625
0.009556293487548828
0.011734724044799805
0.008843421936035156
0.009261131286621094
0.007969975471496582
0.010235309600830078
0.00956583023071289
0.010373353958129883
0.011784791946411133
0.010416984558105469
0.010171175003051758
0.007907390594482422
0.007715463638305664
0.011635303497314453
0.01240396499633789
0.00882577896118164
0.010263681411743164
0.008892059326171875
0.009675025939941406
0.009460210800170898
0.006768226623535156
0.011163830757141113
0.009540319442749023
0.009806990623474121
0.008785843849182129
0.00880575180053711
0.008378267288208008
0.007227897644042969
0.010218620300292969
0.008620262145996094
0.008622407913208008
0.008424043655395508
0.009711503982543945
0.00877523422241211
0.009924173355102539
0.011235952377319336
0.009274482727050781
0.009072065353393555
0.007582664489746094
0.012919425964355469
0.008356332778930664
0.010307550430297852
0.011466741561889648
0.008154153823852539
0.010074138641357422
0.009825944900512695
0.010657548904418945
0.008809328079223633
0.00923299789428711
0.01061248779296875
0.011224985122680664
0.009165048599243164
0.007687568664550781
0.008792400360107422
0.007967472076416016
0.009790420532226562
0.009070396423339844
0.005934715270996094
0.009241342544555664
0.010226964950561523
0.006926536560058594
0.010144948959350586
0.011459946632385254
0.009320259094238281
0.010544776916503906
0.008299589157104492
0.008399248123168945
0.011617898941040039
0.009896278381347656
0.009737253189086914
0.009270906448364258
0.008684873580932617
0.010710000991821289
0.009677410125732422
0.009492874145507812
0.009928226470947266
0.009212613105773926
0.008832931518554688
0.0061495304107666016
0.009569644927978516
0.009668350219726562
0.010901451110839844
0.008237361907958984
0.009136676788330078
0.009929180145263672
0.008130192756652832
0.010168790817260742
0.01049351692199707
0.007857084274291992
0.007785797119140625
0.010442018508911133
0.014113903045654297
0.007023811340332031
0.009937047958374023
0.011203765869140625
0.009015083312988281
0.010225772857666016
0.006862163543701172
0.00933694839477539
0.010477304458618164
0.006110429763793945
0.010722756385803223
0.00818943977355957
0.011397838592529297
0.010031938552856445
0.010135531425476074
0.009306192398071289
0.011733531951904297
0.007763385772705078
0.012708067893981934
0.00780940055847168
0.007588386535644531
0.008641242980957031
0.00987231731414795
0.009511947631835938
0.006863117218017578
0.009053230285644531
0.013758420944213867
0.009695053100585938
0.008301973342895508
0.008338212966918945
0.009869098663330078
0.01107168197631836
0.010138988494873047
0.007431387901306152
0.009940147399902344
0.009044885635375977
0.008326053619384766
0.013000965118408203
0.007974386215209961
0.008907079696655273
0.008039474487304688
0.010401487350463867
0.010052204132080078
0.011955857276916504
0.011641263961791992
0.009166955947875977
0.008664369583129883
0.008975505828857422
0.007575511932373047
0.009607791900634766
0.008943796157836914
0.009297370910644531
0.009730339050292969
0.010076522827148438
