325.17395782470703
323.9994444847107
323.1029586791992
322.70911049842834
321.59954953193665
321.1639664173126
320.40930104255676
319.9166216850281
318.94110465049744
319.98976254463196
318.38858294487
318.57862734794617
319.2679193019867
319.09829211235046
319.3676481246948
318.0845377445221
319.71374702453613
318.1598570346832
318.8364746570587
317.67888617515564
319.51298427581787
318.91592478752136
318.09358286857605
318.4013350009918
317.94971203804016
318.54235649108887
318.45651054382324
318.39113903045654
316.94851207733154
316.0863456726074
309.95977807044983
295.06650042533875
272.01586651802063
257.82380294799805
227.09981894493103
208.73541939258575
192.19499576091766
182.32049357891083
160.92361813783646
155.96536481380463
138.43554809689522
124.01796859502792
121.38640111684799
109.78047236800194
94.56169414520264
87.87385538220406
83.74297654628754
63.6297881603241
69.21457129716873
69.31325337290764
59.59993973374367
56.076071083545685
51.99640816450119
43.30767250061035
47.92646312713623
40.206455647945404
41.22195062041283
37.92209494113922
29.80638438463211
29.22148334980011
24.018515825271606
24.429574966430664
21.741536378860474
21.37876719236374
20.067315638065338
12.664818108081818
25.02182450890541
16.762319028377533
12.46982228755951
4.1038185358047485
11.77777886390686
8.469136893749237
12.343033134937286
13.316126465797424
4.360755622386932
5.628168880939484
8.28984248638153
1.6685091257095337
5.598896145820618
9.514690518379211
7.010468244552612
4.29561185836792
10.558640360832214
6.507510632276535
5.045269966125488
8.860108971595764
12.101430237293243
3.1017332077026367
8.51188451051712
1.6423372030258179
3.0814789533615112
1.426671028137207
0.42150044441223145
0.29861724376678467
0.6311460733413696
0.9855395555496216
0.1604229211807251
0.1630626916885376
0.061800241470336914
0.06591236591339111
1.759323000907898
10.835943341255188
1.1829683184623718
0.6231726408004761
0.69377401471138
0.3340117931365967
0.21513843536376953
0.2233830690383911
0.060002803802490234
0.07533621788024902
0.036815643310546875
0.02646458148956299
0.024247050285339355
0.014207601547241211
0.028234004974365234
0.014826655387878418
0.017311453819274902
0.026273250579833984
0.014095067977905273
0.015839576721191406
0.010957717895507812
0.010062694549560547
0.01215672492980957
0.01348567008972168
0.007706999778747559
0.01596057415008545
0.010223865509033203
0.013509035110473633
0.011641979217529297
0.009335994720458984
0.010669231414794922
0.00935673713684082
0.009378790855407715
0.009191274642944336
0.012255668640136719
0.008304238319396973
0.007649660110473633
0.005356550216674805
0.008733749389648438
0.006259441375732422
0.0072863101959228516
0.007915735244750977
0.0065419673919677734
0.005068063735961914
0.005213022232055664
0.00746464729309082
0.009225606918334961
0.00695037841796875
0.006061077117919922
0.007429003715515137
0.005356311798095703
0.005602836608886719
0.005443572998046875
0.005004167556762695
0.005880832672119141
0.004390239715576172
0.004734516143798828
0.004193305969238281
0.007526397705078125
0.006023287773132324
0.004051923751831055
0.0047376155853271484
0.005780696868896484
0.0051860809326171875
0.0047376155853271484
0.003379344940185547
0.00431513786315918
0.004592418670654297
0.0042264461517333984
0.003322124481201172
0.0034041404724121094
0.005020856857299805
0.004503607749938965
0.004312276840209961
0.0050928592681884766
0.004337787628173828
0.004010558128356934
0.004740238189697266
0.0035247802734375
0.0041387081146240234
0.004383087158203125
0.0027534961700439453
0.002813577651977539
0.0033757686614990234
0.00439143180847168
0.0032515525817871094
0.0033864974975585938
0.004276752471923828
0.003555774688720703
0.003324747085571289
0.004942536354064941
0.0028142929077148438
0.002203702926635742
0.0024542808532714844
0.003143310546875
0.002951383590698242
0.0033435821533203125
0.0030460357666015625
0.0028340816497802734
0.0031709671020507812
0.003911733627319336
0.005025386810302734
0.002812623977661133
0.003027677536010742
0.0029022693634033203
0.0031821727752685547
0.0033998489379882812
0.003308534622192383
0.003587007522583008
0.003596067428588867
0.0024988651275634766
0.0026290416717529297
0.003247499465942383
0.0028710365295410156
0.0022809505462646484
0.002130270004272461
0.004051685333251953
0.0026617050170898438
0.0019524097442626953
0.0033359527587890625
0.0034246444702148438
0.0016515254974365234
0.0017426013946533203
0.003515958786010742
0.002216339111328125
0.002474546432495117
0.0020421743392944336
0.0025763511657714844
0.0027480125427246094
0.002717733383178711
0.001992464065551758
0.0019211769104003906
0.0027735233306884766
0.001949310302734375
0.0034232139587402344
0.0023026466369628906
0.0031468868255615234
0.002753019332885742
0.0033349990844726562
0.0029175281524658203
0.0025827884674072266
0.0024204254150390625
0.0016977787017822266
0.002470731735229492
0.001667022705078125
0.002539396286010742
0.002997875213623047
0.0017681121826171875
0.002118825912475586
0.001714944839477539
0.0016489028930664062
0.0027399063110351562
0.003022909164428711
0.002028942108154297
0.002121448516845703
0.002866983413696289
0.0021209716796875
0.0017833709716796875
0.001485586166381836
0.0025234222412109375
0.0023431777954101562
0.0023043155670166016
0.0025968551635742188
0.0018219947814941406
0.002379179000854492
0.0016186237335205078
0.002188444137573242
0.0028450489044189453
0.0016770362854003906
0.002153754234313965
0.0014333724975585938
0.002005338668823242
0.0013744831085205078
0.0023218393325805664
0.002195119857788086
0.0016639232635498047
0.001783609390258789
0.002400040626525879
0.0015811920166015625
0.0015211105346679688
0.0020914077758789062
0.001798391342163086
0.0027573108673095703
0.001180887222290039
0.0012404918670654297
0.001683950424194336
0.0020902156829833984
0.001936197280883789
0.0025620460510253906
0.0017316341400146484
0.0020160675048828125
0.0013279914855957031
0.0015141963958740234
0.001802682876586914
0.00130462646484375
0.0017464160919189453
0.0017726421356201172
0.0020294189453125
0.001344919204711914
0.002968311309814453
0.002075672149658203
0.003017425537109375
0.0019462108612060547
0.002073526382446289
0.0016891956329345703
0.0017888545989990234
0.0015399456024169922
0.001384735107421875
0.002215862274169922
0.0015804767608642578
0.0013353824615478516
0.0015420913696289062
0.0020341873168945312
0.0019159317016601562
0.0016002655029296875
0.0015676021575927734
0.0011987686157226562
0.002001047134399414
0.0024034976959228516
0.0017472505569458008
0.0014324188232421875
0.0020647048950195312
0.001798391342163086
0.0019922256469726562
0.0008947849273681641
0.0019922256469726562
0.002086639404296875
0.0017604827880859375
0.0019724369049072266
0.0015692710876464844
0.0014061927795410156
0.0019314289093017578
0.0017964839935302734
0.0013821125030517578
0.001216888427734375
0.0011310577392578125
0.002031564712524414
0.0012288093566894531
0.0015826225280761719
0.0015037059783935547
0.0013148784637451172
0.0014841556549072266
0.0019669532775878906
0.0019521713256835938
0.0014050006866455078
0.001674652099609375
0.001634359359741211
0.0013971328735351562
0.0019936561584472656
0.001031637191772461
0.0015590190887451172
0.0009899139404296875
0.0018184185028076172
0.0017888545989990234
0.0015573501586914062
0.0013549327850341797
0.0012400150299072266
0.0010082721710205078
0.0014066696166992188
0.0017271041870117188
0.0012137889862060547
0.0014998912811279297
0.0014774799346923828
0.0014247894287109375
0.0015442371368408203
0.0018470287322998047
0.002295255661010742
0.0011227130889892578
0.0015475749969482422
0.0017342567443847656
0.0012664794921875
0.001485586166381836
0.0019681453704833984
0.0010175704956054688
0.0009133815765380859
0.001706838607788086
0.0014295578002929688
0.0011773109436035156
0.0009300708770751953
0.0015225410461425781
0.0014452934265136719
0.0013473033905029297
0.0014190673828125
0.0016715526580810547
0.0013494491577148438
0.0013396739959716797
0.0010962486267089844
0.001650094985961914
0.0015604496002197266
0.0015332698822021484
0.001969575881958008
0.0013415813446044922
0.002124309539794922
0.0010166168212890625
0.0016162395477294922
0.0018074512481689453
0.0007665157318115234
0.002051115036010742
0.001230001449584961
0.001425027847290039
0.0015239715576171875
0.0015444755554199219
0.0013835430145263672
0.0012791156768798828
0.0013854503631591797
0.0010929107666015625
0.0012736320495605469
0.0007536411285400391
0.0009157657623291016
0.0009837150573730469
0.0009963512420654297
0.0019617080688476562
0.0012354850769042969
0.0011157989501953125
0.001575469970703125
0.0008971691131591797
0.0013241767883300781
0.0020818710327148438
0.001420736312866211
0.0011758804321289062
0.0012695789337158203
0.0010902881622314453
0.0016810894012451172
0.0012657642364501953
0.001493692398071289
0.0015366077423095703
0.0010716915130615234
0.0015778541564941406
0.0016446113586425781
0.0015325546264648438
0.0013604164123535156
0.0006229877471923828
0.001033782958984375
0.0014116764068603516
0.0011358261108398438
0.0008544921875
0.001302480697631836
0.0019893646240234375
0.0011515617370605469
0.0012786388397216797
0.0008966922760009766
0.0016486644744873047
0.0016429424285888672
0.0012476444244384766
0.0012693405151367188
0.0015714168548583984
0.0010857582092285156
0.0008747577667236328
0.0011146068572998047
0.001560211181640625
0.0007915496826171875
0.0009500980377197266
0.0007169246673583984
0.001355886459350586
0.0016584396362304688
0.0013728141784667969
0.0006866455078125
0.0012617111206054688
0.0016956329345703125
0.0010085105895996094
0.0007307529449462891
0.0009877681732177734
0.0011086463928222656
0.0010371208190917969
0.000997304916381836
0.0012993812561035156
0.0014340877532958984
0.0013570785522460938
0.0014986991882324219
0.0011386871337890625
0.0010387897491455078
0.0010149478912353516
0.0018362998962402344
0.0011410713195800781
0.0021982192993164062
0.0009860992431640625
0.0012624263763427734
0.0009512901306152344
0.0012500286102294922
0.0014579296112060547
0.0007948875427246094
0.000997304916381836
0.0010633468627929688
0.001444101333618164
0.00099945068359375
0.0010445117950439453
0.0013365745544433594
0.00077056884765625
0.0013217926025390625
0.0012030601501464844
0.00196075439453125
0.0011944770812988281
0.0009806156158447266
0.0014801025390625
0.0012462139129638672
0.0008730888366699219
0.0012030601501464844
0.0008828639984130859
0.0007977485656738281
0.0009119510650634766
0.0010671615600585938
0.0019783973693847656
0.001096487045288086
0.0016245841979980469
0.0009186267852783203
0.0010821819305419922
0.00151824951171875
0.0009427070617675781
0.0009846687316894531
0.001293182373046875
0.0009331703186035156
0.0013499259948730469
0.0011632442474365234
0.000993490219116211
0.0009958744049072266
0.0007932186126708984
0.0008375644683837891
0.0010638236999511719
0.001195669174194336
0.0013098716735839844
0.0010018348693847656
0.0014069080352783203
0.0010082721710205078
0.0009083747863769531
0.0012063980102539062
0.0009665489196777344
0.0014154911041259766
0.0009238719940185547
0.001262664794921875
0.0012509822845458984
0.0008666515350341797
0.0011966228485107422
0.0010423660278320312
0.001314401626586914
0.0006613731384277344
0.0012819766998291016
0.0009407997131347656
0.0018198490142822266
0.0010781288146972656
0.0013554096221923828
0.001687765121459961
0.0009725093841552734
0.0013306140899658203
0.0006427764892578125
0.0009980201721191406
0.00159454345703125
0.0010800361633300781
0.0012445449829101562
0.001676321029663086
0.0007379055023193359
0.0010976791381835938
0.0010170936584472656
0.0011298656463623047
0.0008168220520019531
0.0010085105895996094
0.001069784164428711
0.0016798973083496094
0.0006945133209228516
0.0010540485382080078
0.0008687973022460938
0.0012373924255371094
0.0011067390441894531
0.0011630058288574219
0.0010139942169189453
0.0011332035064697266
0.0010268688201904297
0.0010776519775390625
0.0011353492736816406
0.0010921955108642578
0.0011031627655029297
0.0010292530059814453
0.0009641647338867188
0.0007863044738769531
0.0014193058013916016
0.0007066726684570312
0.0013365745544433594
0.0008566379547119141
0.0009875297546386719
0.0007510185241699219
0.0011005401611328125
0.001424551010131836
0.0009484291076660156
0.0012149810791015625
0.0010564327239990234
0.0009944438934326172
0.0008921623229980469
0.0010101795196533203
0.0009400844573974609
0.0010132789611816406
0.0010161399841308594
0.0010929107666015625
0.0009520053863525391
0.0013272762298583984
0.0008788108825683594
0.0007781982421875
0.0007884502410888672
0.0008025169372558594
0.0010457038879394531
0.0007236003875732422
0.0010132789611816406
0.0008499622344970703
0.0013148784637451172
0.0012688636779785156
0.001041412353515625
0.0011453628540039062
0.001028299331665039
0.0010170936584472656
0.0011925697326660156
0.0008757114410400391
0.0020744800567626953
0.0010135173797607422
0.0008509159088134766
0.0007641315460205078
0.0010199546813964844
0.001070261001586914
0.0008151531219482422
0.0011410713195800781
0.0006461143493652344
0.0006382465362548828
0.0008838176727294922
0.0012774467468261719
0.0008323192596435547
0.0009562969207763672
0.0007870197296142578
0.001127004623413086
0.0007622241973876953
0.001425027847290039
0.0014269351959228516
0.0009186267852783203
0.0009562969207763672
0.0008823871612548828
0.00083160400390625
0.0013766288757324219
0.0008158683776855469
0.0013399124145507812
0.0006411075592041016
0.0006968975067138672
0.0009245872497558594
0.0010728836059570312
0.0012137889862060547
0.0012025833129882812
0.001506805419921875
0.0010225772857666016
0.0010917186737060547
0.0008418560028076172
0.0016913414001464844
0.0010323524475097656
0.0010516643524169922
0.0010986328125
0.0006506443023681641
0.0008063316345214844
0.0007765293121337891
0.0005080699920654297
0.0009644031524658203
0.001268625259399414
0.0011398792266845703
0.000797271728515625
0.0009105205535888672
0.0012917518615722656
0.0008234977722167969
0.0009908676147460938
0.0008642673492431641
0.0007321834564208984
0.0011780261993408203
0.0010170936584472656
0.0011820793151855469
0.0009951591491699219
0.0008192062377929688
0.0013413429260253906
0.0014319419860839844
0.0007038116455078125
0.0007984638214111328
0.0008866786956787109
0.0014815330505371094
0.0011684894561767578
0.0011441707611083984
0.0011048316955566406
0.001024007797241211
0.0008778572082519531
0.000989675521850586
0.0010099411010742188
0.0007996559143066406
0.0009615421295166016
0.0009486675262451172
0.0007643699645996094
0.0009467601776123047
0.001047372817993164
0.0010488033294677734
0.0009615421295166016
0.000858306884765625
0.0007765293121337891
0.001409292221069336
0.0008428096771240234
0.0011386871337890625
0.0006170272827148438
0.0013353824615478516
0.0011081695556640625
0.0010814666748046875
0.0009098052978515625
0.0010573863983154297
0.000972747802734375
0.0009758472442626953
0.0008363723754882812
0.0011546611785888672
0.0010526180267333984
0.0012581348419189453
0.0011529922485351562
0.0009019374847412109
0.0010364055633544922
0.0007398128509521484
0.0006325244903564453
0.0006885528564453125
0.0008366107940673828
0.0009715557098388672
0.0010955333709716797
0.001293182373046875
0.000812530517578125
0.0010347366333007812
0.0009298324584960938
0.0010056495666503906
0.0005831718444824219
0.0011508464813232422
0.0007126331329345703
0.0007669925689697266
0.0013561248779296875
0.0009255409240722656
0.0009496212005615234
0.0008592605590820312
0.001405477523803711
0.0009477138519287109
0.0010409355163574219
0.0010023117065429688
0.0007870197296142578
0.0007338523864746094
0.0010025501251220703
0.0012128353118896484
0.0008554458618164062
0.0010194778442382812
0.0008866786956787109
0.0006122589111328125
0.0006618499755859375
0.0007700920104980469
0.0009236335754394531
0.0012657642364501953
0.0006854534149169922
0.0010199546813964844
0.0010726451873779297
0.0012826919555664062
0.001033782958984375
0.0008878707885742188
0.0008516311645507812
0.0008087158203125
0.0007371902465820312
0.0008854866027832031
0.0014557838439941406
0.0015087127685546875
0.0007650852203369141
0.0007841587066650391
0.0008044242858886719
0.000873565673828125
0.0006456375122070312
0.0007603168487548828
0.0008313655853271484
0.0011010169982910156
0.0009152889251708984
0.0009284019470214844
0.0005779266357421875
0.001434326171875
0.0006873607635498047
0.001010894775390625
0.0009126663208007812
0.0005660057067871094
0.0008025169372558594
0.0009603500366210938
0.0007054805755615234
0.0010023117065429688
0.0010199546813964844
0.0008339881896972656
0.0011970996856689453
0.0007565021514892578
0.0014519691467285156
0.0014290809631347656
0.0009932518005371094
0.0011456012725830078
0.0007905960083007812
0.0007913112640380859
0.0007898807525634766
0.0008642673492431641
0.0007607936859130859
0.0008885860443115234
0.0013852119445800781
0.00069427490234375
0.0010023117065429688
0.0010814666748046875
0.001184225082397461
0.0007832050323486328
0.0012192726135253906
0.0009832382202148438
0.0011022090911865234
0.0007007122039794922
0.001005411148071289
0.0006661415100097656
0.0007731914520263672
0.0010592937469482422
0.0009958744049072266
0.0009095668792724609
0.0006909370422363281
0.0007965564727783203
0.0012023448944091797
0.0007183551788330078
0.0009047985076904297
0.0012431144714355469
0.0007836818695068359
0.0008933544158935547
0.0009715557098388672
0.0008616447448730469
0.0008544921875
0.0010118484497070312
0.0006289482116699219
0.0008428096771240234
0.0009183883666992188
0.0009183883666992188
0.001008749008178711
0.0009889602661132812
0.0009808540344238281
0.001468658447265625
0.0010805130004882812
0.0008130073547363281
0.0005712509155273438
0.0010466575622558594
0.0007901191711425781
0.0012814998626708984
0.0006814002990722656
0.0008549690246582031
0.0006163120269775391
0.0008509159088134766
0.0012693405151367188
0.0011529922485351562
0.0006940364837646484
0.0011432170867919922
0.0009615421295166016
0.0009565353393554688
0.0008802413940429688
0.0006132125854492188
0.0010869503021240234
0.0009036064147949219
0.0007877349853515625
0.0005147457122802734
0.000873565673828125
0.0009090900421142578
0.0006766319274902344
0.0014150142669677734
0.0010204315185546875
0.0009412765502929688
0.0008680820465087891
0.0008995532989501953
0.0010440349578857422
0.001184225082397461
0.000732421875
0.0012905597686767578
0.000766754150390625
0.0007987022399902344
0.000644683837890625
0.0011625289916992188
0.0011525154113769531
0.0006034374237060547
0.0007181167602539062
0.0012714862823486328
0.0007188320159912109
0.0007984638214111328
0.0007963180541992188
0.0009281635284423828
0.0008540153503417969
0.0008580684661865234
0.0010454654693603516
0.0008137226104736328
0.0008625984191894531
0.0012216567993164062
0.0006563663482666016
0.0007698535919189453
0.0009005069732666016
0.0007112026214599609
0.0007841587066650391
0.0009093284606933594
0.001033782958984375
0.0007648468017578125
0.0007836818695068359
0.0006964206695556641
0.0010631084442138672
0.0009598731994628906
0.0005521774291992188
0.0014371871948242188
0.0008325576782226562
0.0007948875427246094
0.0010004043579101562
0.0008521080017089844
0.0008418560028076172
0.0006453990936279297
0.0007486343383789062
0.0010004043579101562
0.0008454322814941406
0.00081634521484375
0.0009500980377197266
0.0007233619689941406
0.0009109973907470703
0.0007662773132324219
0.0007519721984863281
0.0010800361633300781
0.0008969306945800781
0.0010364055633544922
0.0008342266082763672
0.0009670257568359375
0.0009164810180664062
0.0013759136199951172
0.0007009506225585938
0.0010578632354736328
0.0009491443634033203
0.0009057521820068359
0.0010726451873779297
0.0010387897491455078
0.0009043216705322266
0.0006351470947265625
0.0011186599731445312
0.0006520748138427734
0.0007214546203613281
0.0009098052978515625
0.0006864070892333984
0.0010564327239990234
0.0009319782257080078
0.001184225082397461
0.0007424354553222656
0.0009815692901611328
0.0010151863098144531
0.0006797313690185547
0.0007257461547851562
0.0009448528289794922
0.0009045600891113281
0.0008816719055175781
0.0010683536529541016
0.0007314682006835938
0.0009062290191650391
0.0005285739898681641
0.0007841587066650391
0.0008482933044433594
0.0007624626159667969
0.0006885528564453125
0.0008492469787597656
0.0009872913360595703
0.0012276172637939453
0.0008513927459716797
0.0009829998016357422
0.001154184341430664
0.0010175704956054688
0.0008184909820556641
0.0008623600006103516
0.0008969306945800781
0.0006427764892578125
0.000990152359008789
0.0008585453033447266
0.0006127357482910156
0.0006628036499023438
0.0009713172912597656
0.0009589195251464844
0.0006718635559082031
0.0007328987121582031
0.0006983280181884766
0.001058816909790039
0.0006766319274902344
0.0008935928344726562
0.0009388923645019531
0.000667572021484375
0.001684427261352539
0.0005745887756347656
0.0008890628814697266
0.0011420249938964844
0.0011410713195800781
0.0009672641754150391
0.0005576610565185547
0.001009225845336914
0.0008325576782226562
0.0009567737579345703
0.0008611679077148438
0.0007207393646240234
0.001039743423461914
0.0010771751403808594
0.0009472370147705078
0.0006864070892333984
0.0011026859283447266
0.0009644031524658203
0.0011324882507324219
0.0005960464477539062
0.0007500648498535156
0.0008084774017333984
0.0007014274597167969
0.0012390613555908203
0.001070261001586914
0.0011599063873291016
0.0008256435394287109
0.0008997917175292969
0.0011141300201416016
0.0008473396301269531
0.000881195068359375
0.0008938312530517578
0.0007140636444091797
0.0007293224334716797
0.0006506443023681641
0.0006012916564941406
0.0009846687316894531
0.0009126663208007812
0.0007920265197753906
0.00109100341796875
0.0011661052703857422
0.0008106231689453125
0.0008563995361328125
0.0005717277526855469
0.0006780624389648438
0.0009770393371582031
0.0008473396301269531
0.0006816387176513672
0.0010933876037597656
0.001535654067993164
0.0006706714630126953
0.001420736312866211
0.0006089210510253906
0.0008807182312011719
0.0005064010620117188
0.0005922317504882812
0.0010819435119628906
0.0007305145263671875
0.0011157989501953125
0.0010344982147216797
0.0006334781646728516
0.0007119178771972656
0.0010225772857666016
0.0010342597961425781
0.0006849765777587891
0.0015072822570800781
0.0007104873657226562
0.001683950424194336
0.0008981227874755859
0.0006186962127685547
0.001026153564453125
0.0007672309875488281
0.0008976459503173828
0.0007627010345458984
0.0008845329284667969
0.0004942417144775391
0.0006012916564941406
0.000965118408203125
0.0005819797515869141
0.0006494522094726562
0.0007023811340332031
0.0008087158203125
0.0008153915405273438
0.0006749629974365234
0.0007472038269042969
0.0009391307830810547
0.0004734992980957031
0.0007681846618652344
0.0008823871612548828
0.0008764266967773438
0.0006804466247558594
0.0008327960968017578
0.0008378028869628906
0.0006725788116455078
0.0008080005645751953
0.0015988349914550781
0.000957489013671875
0.0008835792541503906
0.0009653568267822266
0.0009086132049560547
0.0008234977722167969
0.0007970333099365234
0.0008909702301025391
0.0011105537414550781
0.0008790493011474609
0.0009930133819580078
0.0006000995635986328
0.0007402896881103516
0.0007228851318359375
0.0008540153503417969
0.0008776187896728516
0.0013179779052734375
0.0006005764007568359
0.0008561611175537109
0.0006134510040283203
0.0008463859558105469
0.0015311241149902344
0.0010592937469482422
0.0007424354553222656
0.0008301734924316406
0.0007140636444091797
0.0007777214050292969
0.0014345645904541016
0.0004839897155761719
0.0010137557983398438
0.0008790493011474609
0.0007078647613525391
0.0008363723754882812
0.0007927417755126953
0.00101470947265625
0.001066446304321289
0.0010335445404052734
0.0006721019744873047
0.0008804798126220703
0.0008029937744140625
0.0005900859832763672
0.0006914138793945312
0.0012767314910888672
0.0004985332489013672
0.0012688636779785156
0.0007083415985107422
0.0006842613220214844
0.0008442401885986328
0.0008025169372558594
0.0012545585632324219
0.0008969306945800781
0.0009438991546630859
0.0005688667297363281
0.0009350776672363281
0.0010547637939453125
0.0007610321044921875
0.0007414817810058594
0.0009088516235351562
0.0006299018859863281
0.0008022785186767578
0.001184701919555664
0.0010075569152832031
0.0008103847503662109
0.0009784698486328125
0.0008494853973388672
0.0006587505340576172
0.0006074905395507812
0.0009500980377197266
0.0007674694061279297
0.0011005401611328125
0.0009715557098388672
0.0009772777557373047
0.0007443428039550781
0.0006296634674072266
0.0008392333984375
0.0009281635284423828
0.0006761550903320312
0.0008800029754638672
0.0007340908050537109
0.001264810562133789
0.0007846355438232422
0.0007398128509521484
0.0009622573852539062
0.001230478286743164
0.0006647109985351562
0.0011241436004638672
0.0007250308990478516
0.000606536865234375
0.0007741451263427734
0.0009598731994628906
0.0008499622344970703
0.0008955001831054688
0.0008959770202636719
0.0007350444793701172
0.0011854171752929688
0.001081228256225586
0.0009295940399169922
0.0006453990936279297
0.000652313232421875
0.000995635986328125
0.0008308887481689453
0.0007741451263427734
0.0006058216094970703
0.0009295940399169922
0.0009315013885498047
0.0006270408630371094
0.0006260871887207031
0.0015630722045898438
0.0015132427215576172
0.0008528232574462891
0.0009596347808837891
0.0006203651428222656
0.000698089599609375
0.0007710456848144531
0.0008106231689453125
0.0009591579437255859
0.0009160041809082031
0.0006079673767089844
0.0007581710815429688
0.0006372928619384766
0.0008931159973144531
0.0006427764892578125
0.0007393360137939453
0.0012078285217285156
0.0007641315460205078
0.0008337497711181641
0.0008716583251953125
0.0011086463928222656
0.0006837844848632812
0.0006415843963623047
0.0011339187622070312
0.0008628368377685547
0.0008938312530517578
0.0005764961242675781
0.0007956027984619141
0.0013661384582519531
0.0007383823394775391
0.0007328987121582031
0.0006926059722900391
0.000766754150390625
0.0006468296051025391
0.0007333755493164062
0.0007715225219726562
0.0009102821350097656
0.0006992816925048828
0.0011026859283447266
0.0008444786071777344
0.0005679130554199219
0.0007364749908447266
0.0010080337524414062
0.0010528564453125
0.0014307498931884766
0.0004954338073730469
0.0011682510375976562
0.0007669925689697266
0.00079345703125
0.00144195556640625
0.0005924701690673828
0.0008406639099121094
0.0007140636444091797
0.0008718967437744141
0.0009250640869140625
0.0007500648498535156
0.0005486011505126953
0.0007567405700683594
0.0008153915405273438
0.0007696151733398438
0.0009045600891113281
0.0008137226104736328
0.0008432865142822266
0.0011250972747802734
0.0008187294006347656
0.0009195804595947266
0.0009641647338867188
0.0010080337524414062
0.001251220703125
0.00067138671875
0.0009398460388183594
0.0009772777557373047
0.0006701946258544922
0.0009748935699462891
0.0009655952453613281
0.0007188320159912109
0.0005233287811279297
0.0008494853973388672
0.0007414817810058594
0.001032114028930664
0.0010297298431396484
0.0008273124694824219
0.0006184577941894531
0.0009341239929199219
0.0009350776672363281
0.0007882118225097656
0.0008151531219482422
0.0008156299591064453
0.0009298324584960938
0.0008237361907958984
0.0008921623229980469
0.001024484634399414
0.000934600830078125
0.0009217262268066406
0.00084686279296875
0.0007643699645996094
0.0005910396575927734
0.0006723403930664062
0.0006513595581054688
0.0008943080902099609
0.0009226799011230469
0.0010340213775634766
0.0008871555328369141
0.0006303787231445312
0.0009369850158691406
0.0006535053253173828
0.0010275840759277344
0.0009295940399169922
0.0008256435394287109
0.0009014606475830078
0.0007536411285400391
0.0008523464202880859
0.0011165142059326172
0.0010437965393066406
0.0006768703460693359
0.0007405281066894531
0.0006861686706542969
0.0010666847229003906
0.0007219314575195312
0.0007283687591552734
0.0010862350463867188
0.0004899501800537109
0.001094818115234375
0.0007278919219970703
0.0006954669952392578
0.0009608268737792969
0.0010478496551513672
0.0006361007690429688
0.0008449554443359375
0.0008137226104736328
0.00099945068359375
0.0010104179382324219
0.0008263587951660156
0.0009958744049072266
0.0007936954498291016
0.0008826255798339844
0.0011646747589111328
0.0009982585906982422
0.0006375312805175781
0.0010793209075927734
0.0009236335754394531
0.0004696846008300781
0.0004951953887939453
0.0010907649993896484
0.0007357597351074219
0.0007009506225585938
0.0012438297271728516
0.0008246898651123047
0.0006351470947265625
0.0008044242858886719
0.0007941722869873047
0.0007524490356445312
0.0008890628814697266
0.0009083747863769531
0.0006310939788818359
0.000766754150390625
0.0008068084716796875
0.0007395744323730469
0.0009119510650634766
0.0005652904510498047
0.001016855239868164
0.0014469623565673828
0.0008685588836669922
0.0008223056793212891
0.0009374618530273438
0.0007417201995849609
0.0010788440704345703
0.0007593631744384766
0.0008623600006103516
0.0010902881622314453
0.0011210441589355469
0.0009381771087646484
0.0009987354278564453
0.00047135353088378906
0.0007147789001464844
0.0007305145263671875
0.0005714893341064453
0.0005843639373779297
0.0006194114685058594
0.0006248950958251953
0.0005791187286376953
0.0008227825164794922
0.0010230541229248047
0.0009267330169677734
0.0009176731109619141
0.0012981891632080078
0.0009694099426269531
0.0009503364562988281
0.0008082389831542969
0.0008413791656494141
0.0008130073547363281
0.0008275508880615234
0.0005879402160644531
0.0008103847503662109
0.0007777214050292969
0.0007059574127197266
0.0009512901306152344
0.0008385181427001953
0.0008721351623535156
0.0010623931884765625
0.0008749961853027344
0.0008213520050048828
0.0009145736694335938
0.0007238388061523438
0.0010492801666259766
0.0007672309875488281
0.0007162094116210938
0.0008375644683837891
0.0008819103240966797
0.0007588863372802734
0.0011017322540283203
0.0007765293121337891
0.0005509853363037109
0.0012891292572021484
0.0011014938354492188
0.0008432865142822266
0.0009195804595947266
0.0009953975677490234
0.0007293224334716797
0.0005002021789550781
0.0009715557098388672
0.0007710456848144531
0.0008704662322998047
0.0009005069732666016
0.0012524127960205078
0.001096487045288086
0.0006449222564697266
0.0010678768157958984
0.0010724067687988281
0.0011065006256103516
0.0007328987121582031
0.0006823539733886719
0.0007014274597167969
0.0008275508880615234
0.0007104873657226562
0.0006449222564697266
0.0006394386291503906
0.00103759765625
0.0008893013000488281
0.0008111000061035156
0.0009281635284423828
0.0007040500640869141
0.0007851123809814453
0.0009012222290039062
0.0007920265197753906
0.0007202625274658203
0.0005040168762207031
0.0005810260772705078
0.0008671283721923828
0.0012392997741699219
0.0009746551513671875
0.0005862712860107422
0.0010399818420410156
0.0011153221130371094
0.0005650520324707031
0.0006759166717529297
0.0005459785461425781
0.0004892349243164062
0.0011126995086669922
0.0006403923034667969
0.0007529258728027344
0.0006473064422607422
0.0008695125579833984
0.0006210803985595703
0.0008587837219238281
0.0007905960083007812
0.0009832382202148438
0.0009248256683349609
0.0008280277252197266
0.0009493827819824219
0.0012879371643066406
0.0008728504180908203
0.001287698745727539
0.0008041858673095703
0.0009927749633789062
0.0009396076202392578
0.0007157325744628906
0.0007834434509277344
0.0008289813995361328
0.0009407997131347656
0.0007731914520263672
0.0007684230804443359
0.0007498264312744141
0.0011637210845947266
0.0006201267242431641
0.0008819103240966797
0.0008533000946044922
0.0009462833404541016
0.0009255409240722656
0.0008347034454345703
0.0010371208190917969
0.0007884502410888672
0.0008943080902099609
0.0007297992706298828
0.0009291172027587891
0.0009477138519287109
0.0009319782257080078
0.0009045600891113281
0.0008261203765869141
0.0012664794921875
0.0006253719329833984
0.0006170272827148438
0.0010557174682617188
0.0005638599395751953
0.0007915496826171875
0.0008437633514404297
0.0008530616760253906
0.0010352134704589844
0.0009484291076660156
0.000751495361328125
0.0005664825439453125
0.0007326602935791016
0.0007748603820800781
0.0009381771087646484
0.0006585121154785156
0.0008845329284667969
0.0008211135864257812
0.0006239414215087891
0.0007205009460449219
0.0008389949798583984
0.0006301403045654297
0.0009214878082275391
0.001262664794921875
0.0007030963897705078
0.001035451889038086
0.0008685588836669922
0.001317739486694336
0.0007927417755126953
0.0008549690246582031
0.0007376670837402344
0.0008754730224609375
0.0006184577941894531
0.0009429454803466797
0.0007765293121337891
0.0010433197021484375
0.0008020401000976562
0.0007305145263671875
0.0006165504455566406
0.0009710788726806641
0.0005581378936767578
0.00093841552734375
0.0008654594421386719
0.0012683868408203125
0.0009398460388183594
0.0006737709045410156
0.0008842945098876953
0.0005457401275634766
0.000583648681640625
0.0007653236389160156
0.0006442070007324219
0.0009038448333740234
0.00103759765625
0.0008969306945800781
0.0009262561798095703
0.0007266998291015625
0.0008273124694824219
0.0009334087371826172
0.0009815692901611328
0.0008497238159179688
0.0006482601165771484
0.0006067752838134766
0.0010859966278076172
0.0008175373077392578
0.0007083415985107422
0.0005488395690917969
0.0007138252258300781
0.0008847713470458984
0.0013468265533447266
0.0010612010955810547
0.0008311271667480469
0.0009708404541015625
0.0008127689361572266
0.001077890396118164
0.0008556842803955078
0.0005447864532470703
0.0013244152069091797
0.0009367465972900391
0.00041675567626953125
0.0006496906280517578
0.0011227130889892578
0.0007226467132568359
0.0008854866027832031
0.0010647773742675781
0.0007619857788085938
0.0007421970367431641
0.0008623600006103516
0.0007266998291015625
0.0009996891021728516
0.0006175041198730469
0.0008418560028076172
0.0007731914520263672
0.0007011890411376953
0.0005192756652832031
0.0006873607635498047
0.0006461143493652344
0.001451730728149414
0.0010004043579101562
0.0010592937469482422
0.0008122920989990234
0.000993490219116211
0.0011372566223144531
0.0006678104400634766
0.0009098052978515625
0.0007338523864746094
0.0009846687316894531
0.0010344982147216797
0.0007607936859130859
0.0009274482727050781
0.0006108283996582031
0.0006067752838134766
0.0007996559143066406
0.0009024143218994141
0.0009031295776367188
0.0006160736083984375
0.0008525848388671875
0.0007240772247314453
0.0008203983306884766
0.0010309219360351562
0.0009424686431884766
0.0009899139404296875
0.0005359649658203125
0.0008213520050048828
0.0007650852203369141
0.001131296157836914
0.0006237030029296875
0.0008001327514648438
0.0008471012115478516
0.000812530517578125
0.0007083415985107422
0.0010464191436767578
0.0008075237274169922
0.0014557838439941406
0.0007572174072265625
0.0005719661712646484
0.0008096694946289062
0.0006814002990722656
0.0011115074157714844
0.00072479248046875
0.0005545616149902344
0.0013532638549804688
0.0008308887481689453
0.0006966590881347656
0.0012059211730957031
0.0005245208740234375
0.0006327629089355469
0.0007581710815429688
0.0008904933929443359
0.0006959438323974609
0.0014982223510742188
0.0006465911865234375
0.0005559921264648438
0.0006923675537109375
0.0007548332214355469
0.0010404586791992188
0.0010085105895996094
0.000789642333984375
0.0006918907165527344
0.0008351802825927734
0.0008158683776855469
0.0011136531829833984
0.0009448528289794922
0.0010347366333007812
0.0007281303405761719
0.0009584426879882812
0.0007011890411376953
0.0007877349853515625
0.0008018016815185547
0.0006234645843505859
0.0006356239318847656
0.0005536079406738281
0.0005621910095214844
0.0009138584136962891
0.0007109642028808594
0.0014274120330810547
0.0010008811950683594
0.0005452632904052734
0.0005960464477539062
0.0006725788116455078
0.0008816719055175781
0.0005736351013183594
0.0009489059448242188
0.0008940696716308594
0.0009129047393798828
0.0009467601776123047
0.0010907649993896484
0.000993967056274414
0.0005702972412109375
0.0006229877471923828
0.0010671615600585938
0.0008244514465332031
0.0010786056518554688
0.0007002353668212891
0.001089334487915039
0.0005691051483154297
0.0009949207305908203
0.0008230209350585938
0.0006563663482666016
0.0009281635284423828
0.0006406307220458984
0.0010809898376464844
0.0009589195251464844
0.00047469139099121094
0.0006361007690429688
0.0008149147033691406
0.0005519390106201172
0.000732421875
0.0008966922760009766
0.0008549690246582031
0.001050710678100586
0.0007936954498291016
0.0008721351623535156
0.0007991790771484375
0.0006711483001708984
0.0010716915130615234
0.0006227493286132812
0.0009925365447998047
0.0009250640869140625
0.0008714199066162109
0.0010938644409179688
0.0009086132049560547
0.0010161399841308594
0.0007913112640380859
0.0006823539733886719
0.0009810924530029297
0.0006766319274902344
0.0011661052703857422
0.0010380744934082031
