325.7928750514984
325.01672196388245
323.9870753288269
323.1237418651581
322.7760007381439
322.0032708644867
321.34576392173767
320.8048892021179
320.7959005832672
320.224835395813
319.06923151016235
319.9257142543793
319.26589012145996
318.72759914398193
318.1642451286316
319.0638289451599
318.1674790382385
317.88775849342346
317.8832039833069
316.80291199684143
316.46282625198364
309.92467498779297
293.0897846221924
266.749685049057
233.55185294151306
218.96244490146637
197.13231629133224
166.8984940648079
140.07031381130219
136.67505955696106
111.05625748634338
100.79422977566719
87.67539790272713
84.33844456076622
58.13200744986534
44.459666818380356
49.18736031651497
43.18901666998863
36.064950704574585
32.002136677503586
27.302298843860626
29.257234275341034
28.562610387802124
21.06558209657669
26.24636548757553
13.747454702854156
14.602828174829483
18.379669725894928
9.535512208938599
13.24963241815567
8.576585054397583
8.410093784332275
4.811028480529785
19.49799418449402
9.882255911827087
5.283760070800781
1.425020694732666
0.6074191331863403
3.1516278982162476
4.709057331085205
20.11747708916664
8.098400592803955
6.715116500854492
1.6319905519485474
3.3385980129241943
4.231302499771118
3.5132293701171875
0.2993481159210205
0.16875338554382324
0.08088624477386475
0.069122314453125
0.49439752101898193
0.09517073631286621
0.06545734405517578
0.05460464954376221
0.0581207275390625
0.024479389190673828
0.03907179832458496
0.024394869804382324
0.029414057731628418
0.053211331367492676
0.06933844089508057
0.031249523162841797
0.031080961227416992
0.03125655651092529
0.034866929054260254
0.020316481590270996
0.013086557388305664
0.016475915908813477
0.012932658195495605
0.011322855949401855
0.01612997055053711
0.016001462936401367
0.01377713680267334
0.01337885856628418
0.010737895965576172
0.014278888702392578
0.008490204811096191
0.008805513381958008
0.008334636688232422
0.010219097137451172
0.011704683303833008
0.0072078704833984375
0.006777405738830566
0.0067397356033325195
0.007180929183959961
0.007483959197998047
0.007349133491516113
0.007185935974121094
0.006908416748046875
0.008472084999084473
0.009771108627319336
0.007021188735961914
0.005970120429992676
0.00539851188659668
0.00706028938293457
0.007097005844116211
0.009084224700927734
0.006193876266479492
0.006778717041015625
0.00628352165222168
0.004247188568115234
0.006799459457397461
0.017300844192504883
0.007522940635681152
0.017258644104003906
0.005908012390136719
0.004641890525817871
0.006663322448730469
0.011107444763183594
0.006132721900939941
0.005229592323303223
0.006432294845581055
0.004229545593261719
0.0064699649810791016
0.004994630813598633
0.0047185420989990234
0.005842685699462891
0.00412297248840332
0.00684809684753418
0.0033600330352783203
0.004209995269775391
0.0057277679443359375
0.004896402359008789
0.004258871078491211
0.0036134719848632812
0.0036230087280273438
0.003777027130126953
0.003696918487548828
0.0035915374755859375
0.006940364837646484
0.004809141159057617
0.0030606985092163086
0.004413485527038574
0.0036993026733398438
0.00412297248840332
0.004019021987915039
0.0042116641998291016
0.0039958953857421875
0.004139304161071777
0.0026972293853759766
0.004215240478515625
0.003931522369384766
0.00457763671875
0.006330966949462891
0.003386259078979492
0.0028557777404785156
0.0030295848846435547
0.003754138946533203
0.003748178482055664
0.004412174224853516
0.003632068634033203
0.0030732154846191406
0.0029976367950439453
0.0025748014450073242
0.002802610397338867
0.0034754276275634766
0.0033288002014160156
0.0027513504028320312
0.003426790237426758
0.0035631656646728516
0.0028629302978515625
0.002466440200805664
0.00262451171875
0.003385782241821289
0.0024929046630859375
0.002925872802734375
0.0033609867095947266
0.0034149885177612305
0.0019407272338867188
0.005785942077636719
0.0039833784103393555
0.0031566619873046875
0.004528045654296875
0.0028259754180908203
0.003201723098754883
0.003597259521484375
0.0025293827056884766
0.002343893051147461
0.0025205612182617188
0.0036029815673828125
0.0032911300659179688
0.0026400089263916016
0.00244903564453125
0.0028760433197021484
0.0034308433532714844
0.0024251937866210938
0.002286672592163086
0.002360820770263672
0.002284526824951172
0.003052234649658203
0.0036690235137939453
0.0029685497283935547
0.0022690296173095703
0.0035195350646972656
0.0019257068634033203
0.00274658203125
0.002865314483642578
0.004396557807922363
0.0019268989562988281
0.0022683143615722656
0.0031080245971679688
0.00263369083404541
0.0025196075439453125
0.0025424957275390625
0.002927541732788086
0.002504110336303711
0.0018939971923828125
0.0023717880249023438
0.002432107925415039
0.0037145614624023438
0.0019483566284179688
0.0018508434295654297
0.002844572067260742
0.0020258426666259766
0.0013511180877685547
0.002120375633239746
0.0016651153564453125
0.0022933483123779297
0.002220630645751953
0.002911806106567383
0.0024127960205078125
0.002897024154663086
0.0023336410522460938
0.0030339956283569336
0.00263214111328125
0.002290487289428711
0.0016210079193115234
0.002407073974609375
0.0024843215942382812
0.002336263656616211
0.0017790794372558594
0.0016217231750488281
0.0013911724090576172
0.0016608238220214844
0.0016257762908935547
0.002445697784423828
0.0019989013671875
0.001657247543334961
0.002089262008666992
0.0022857189178466797
0.001574873924255371
0.0030286312103271484
0.0018115043640136719
0.0032312870025634766
0.0016050338745117188
0.0028121471405029297
0.002559661865234375
0.0017213821411132812
0.0023953914642333984
0.002515077590942383
0.0013630390167236328
0.002501964569091797
0.0020503997802734375
0.0018794536590576172
0.0022368431091308594
0.0013984441757202148
0.002026796340942383
0.0021347999572753906
0.0015480518341064453
0.0017995834350585938
0.0015621185302734375
0.0029082298278808594
0.0016813278198242188
0.001972198486328125
0.0013108253479003906
0.002618551254272461
0.002077817916870117
0.0016810894012451172
0.0024716854095458984
0.0019271373748779297
0.0017304420471191406
0.0019009113311767578
0.0019352436065673828
0.0026330947875976562
0.0028252601623535156
0.001954317092895508
0.0021077394485473633
0.0018050670623779297
0.0016834735870361328
0.0015614032745361328
0.001737356185913086
0.001628875732421875
0.0013332366943359375
0.0015401840209960938
0.0021779537200927734
0.0015906095504760742
0.0019030570983886719
0.002004861831665039
0.0018248558044433594
0.0022394657135009766
0.0020371675491333008
0.0017211437225341797
0.002272963523864746
0.0017666816711425781
0.0017551183700561523
0.0019528865814208984
0.001241922378540039
0.0019998550415039062
0.0013661384582519531
0.002275705337524414
0.0022177696228027344
0.0020678043365478516
0.001672983169555664
0.0017333030700683594
0.0016264915466308594
0.0014126300811767578
0.0014548301696777344
0.0019745826721191406
0.0018393993377685547
0.0014233589172363281
0.0016913414001464844
0.0019583702087402344
0.001386404037475586
0.001622915267944336
0.0018138885498046875
0.0015072822570800781
0.0014867782592773438
0.002053499221801758
0.0014330148696899414
0.0016820430755615234
0.0017719268798828125
0.0023113489151000977
0.001321554183959961
0.001245260238647461
0.0016150474548339844
0.0015343427658081055
0.00177764892578125
0.001674652099609375
0.0013401508331298828
0.0018091201782226562
0.0012483596801757812
0.001984834671020508
0.001291036605834961
0.0017719268798828125
0.002134084701538086
0.00196075439453125
0.001117706298828125
0.001455545425415039
0.0014691352844238281
0.0017375946044921875
0.0016644001007080078
0.0009312629699707031
0.0020139217376708984
0.0017042160034179688
0.0027132034301757812
0.0018508434295654297
0.0015211105346679688
0.001394510269165039
0.0020678043365478516
0.001433730125427246
0.001081705093383789
0.0010836124420166016
0.001641988754272461
0.00150299072265625
0.0018153190612792969
0.0010502338409423828
0.0013147592544555664
0.0022313594818115234
0.0012018680572509766
0.0015419721603393555
0.0013432502746582031
0.0018877983093261719
0.0011363029479980469
0.002124786376953125
0.001394033432006836
0.0019099712371826172
0.0014133453369140625
0.0017752647399902344
0.0011286735534667969
0.0015554428100585938
0.0011303424835205078
0.0012917518615722656
0.001363992691040039
0.0021300315856933594
0.0015323162078857422
0.0014431476593017578
0.002041339874267578
0.0013418197631835938
0.0019216537475585938
0.0013322830200195312
0.0009388923645019531
0.002054452896118164
0.0012979507446289062
0.0013687610626220703
0.0012531280517578125
0.0015597343444824219
0.0015065670013427734
0.0015664100646972656
0.0012977123260498047
0.0011947154998779297
0.0015125274658203125
0.0013408660888671875
0.0013849735260009766
0.0013527870178222656
0.0021746158599853516
0.0011374950408935547
0.0012819766998291016
0.0012836456298828125
0.0011532306671142578
0.0017625093460083008
0.0014653205871582031
0.0013358592987060547
0.0010700225830078125
0.0016427040100097656
0.0012929439544677734
0.0015845298767089844
0.001359701156616211
0.0015327930450439453
0.0014200210571289062
0.0015053749084472656
0.0012900829315185547
0.0009944438934326172
0.002500295639038086
0.0014448165893554688
0.0012335777282714844
0.0008807182312011719
0.001861572265625
0.0014293193817138672
0.0013184547424316406
0.0018875598907470703
0.001455068588256836
0.0019292831420898438
0.0016524791717529297
0.0014946460723876953
0.0015747547149658203
0.0010759830474853516
0.0015621185302734375
0.0014650821685791016
0.0011382102966308594
0.0012099742889404297
0.001493692398071289
0.0016624927520751953
0.0018095970153808594
0.0011897087097167969
0.0016696453094482422
0.0014286041259765625
0.0012776851654052734
0.0012042522430419922
0.0012238025665283203
0.0013654232025146484
0.0009105205535888672
0.0014615058898925781
0.001013040542602539
0.001703023910522461
0.001455545425415039
0.0011074542999267578
0.0010874271392822266
0.0010409355163574219
0.0013968944549560547
0.0009555816650390625
0.0013375282287597656
0.0008938312530517578
0.0009946823120117188
0.002325296401977539
0.0016183853149414062
0.0011649131774902344
0.0011744499206542969
0.0018496513366699219
0.0016224384307861328
0.0017004013061523438
0.0010874271392822266
0.0013284683227539062
0.0008878707885742188
0.0014998912811279297
0.0011489391326904297
0.0011398792266845703
0.001165151596069336
0.0014216899871826172
0.0011103153228759766
0.0013070106506347656
0.0011529922485351562
0.0015020370483398438
0.0011839866638183594
0.0014178752899169922
0.0011870861053466797
0.00104522705078125
0.0014252662658691406
0.0011816024780273438
0.002107381820678711
0.0012375116348266602
0.0014438629150390625
0.0010426044464111328
0.0010840892791748047
0.0010693073272705078
0.001542806625366211
0.001383066177368164
0.00130462646484375
0.0010075569152832031
0.001764059066772461
0.0008974075317382812
0.0012364387512207031
0.0012967586517333984
0.0021386146545410156
0.0018591880798339844
0.0018422603607177734
0.0010981559753417969
0.0014643669128417969
0.0012764930725097656
0.0010900497436523438
0.0014202594757080078
0.0010769367218017578
0.0015192031860351562
0.0010104179382324219
0.0014295578002929688
0.0012557506561279297
0.0011496543884277344
0.0012316703796386719
0.0009572505950927734
0.0013146400451660156
0.0010738372802734375
0.0016245841979980469
0.0013461112976074219
0.0010001659393310547
0.0008521080017089844
0.0012385845184326172
0.0013508796691894531
0.0009670257568359375
0.0011637210845947266
0.0010728836059570312
0.0010139942169189453
0.0017573833465576172
0.0009164810180664062
0.0011470317840576172
0.0009212493896484375
0.001077413558959961
0.0011298656463623047
0.0010364055633544922
0.0012331008911132812
0.0012209415435791016
0.0010716915130615234
0.0010077953338623047
0.00096893310546875
0.0014476776123046875
0.0018076896667480469
0.0018718242645263672
0.0011417865753173828
0.001222372055053711
0.0013492107391357422
0.0010516643524169922
0.0010230541229248047
0.0011899471282958984
0.001384735107421875
0.00197601318359375
0.001085042953491211
0.0010645389556884766
0.0011532306671142578
0.001157522201538086
0.0010769367218017578
0.0011904239654541016
0.001974344253540039
0.0011544227600097656
0.0014688968658447266
0.0010027885437011719
0.0013717412948608398
0.0010943412780761719
0.0010519027709960938
0.0008561611175537109
0.0012884140014648438
0.0009694099426269531
0.0012884140014648438
0.0012476444244384766
0.0011837482452392578
0.001209259033203125
0.001363515853881836
0.0012331008911132812
0.000849604606628418
0.0014758110046386719
0.0011260509490966797
0.0012843608856201172
0.0010144710540771484
0.0008656978607177734
0.001066446304321289
0.0009577274322509766
0.0012023448944091797
0.0007996559143066406
0.0012519359588623047
0.0009272098541259766
0.001371622085571289
0.0012922286987304688
0.0013451576232910156
0.0008938312530517578
0.0010564327239990234
0.0010221004486083984
0.0010082721710205078
0.001054525375366211
0.0017139911651611328
0.002135038375854492
0.0009806156158447266
0.0015435218811035156
0.0016078948974609375
0.0007641315460205078
0.0011401176452636719
0.0015130043029785156
0.0013742446899414062
0.0008487701416015625
0.0013735294342041016
0.0018813610076904297
0.0008809566497802734
0.0009891986846923828
0.0009205341339111328
0.0009717941284179688
0.0013163089752197266
0.0009291172027587891
0.0008995532989501953
0.001468658447265625
0.0009930133819580078
0.0011925697326660156
0.0013589859008789062
0.001590728759765625
0.001276254653930664
0.0009455680847167969
0.0014350414276123047
0.0012617111206054688
0.0009036064147949219
0.0011315345764160156
0.0012009143829345703
0.000989675521850586
0.0009942054748535156
0.0011138916015625
0.0009775161743164062
0.0008137226104736328
0.001132965087890625
0.001012563705444336
0.0011458396911621094
0.0014767646789550781
0.0011260509490966797
0.0008008480072021484
0.0014657974243164062
0.0012164115905761719
0.0015184879302978516
0.00104522705078125
0.0016491413116455078
0.0010666847229003906
0.0017046928405761719
0.0019943714141845703
0.0009479522705078125
0.0011532306671142578
0.0008292198181152344
0.0009775161743164062
0.001016378402709961
0.0013871192932128906
0.0012445449829101562
0.0010685920715332031
0.001161813735961914
0.0007119178771972656
0.0013141632080078125
0.0007660388946533203
0.0011463165283203125
0.0006802082061767578
0.001020669937133789
0.0010387897491455078
0.0010731220245361328
0.001226663589477539
0.0011670589447021484
0.0009217262268066406
0.0011112689971923828
0.0013437271118164062
0.0008301734924316406
0.0012483596801757812
0.0009944438934326172
0.0008306503295898438
0.0008268356323242188
0.0015134811401367188
0.0010700225830078125
0.0011219978332519531
0.0010116100311279297
0.0010576248168945312
0.0009489059448242188
0.0011184215545654297
0.0008900165557861328
0.0008149147033691406
0.0015749931335449219
0.0008816719055175781
0.0017905235290527344
0.0014960765838623047
0.0014085769653320312
0.00109100341796875
0.0012331008911132812
0.0012364387512207031
0.0009241104125976562
0.0012400150299072266
0.0009503364562988281
0.0008072853088378906
0.001063227653503418
0.0010497570037841797
0.0010292530059814453
0.0012440681457519531
0.001127004623413086
0.0010542869567871094
0.0010690689086914062
0.0014643669128417969
0.0009961128234863281
0.001024484634399414
0.0013461112976074219
0.0010685920715332031
0.0009126663208007812
0.0018138885498046875
0.0010762214660644531
0.000682830810546875
0.0010366439819335938
0.001241445541381836
0.0009469985961914062
0.0011203289031982422
0.0011603832244873047
0.0008382797241210938
0.0010499954223632812
0.0017039775848388672
0.0010135173797607422
0.0010144710540771484
0.0009922981262207031
0.0009233951568603516
0.0010609626770019531
0.00096893310546875
0.0014591217041015625
0.0009405612945556641
0.0008945465087890625
0.0005712509155273438
0.0012924671173095703
0.0012171268463134766
0.0010745525360107422
0.0011837482452392578
0.0013189315795898438
0.001161336898803711
0.0010225772857666016
0.0008759498596191406
0.0010445117950439453
0.001520395278930664
0.0014796257019042969
0.0009407997131347656
0.0010352134704589844
0.0013878345489501953
0.0009033679962158203
0.0012950897216796875
0.0011243820190429688
0.0009164810180664062
0.001325368881225586
0.0009171962738037109
0.0007841587066650391
0.0009007453918457031
0.0007112026214599609
0.0008325576782226562
0.0010361671447753906
0.00176239013671875
0.0009210109710693359
0.0008766651153564453
0.0009357929229736328
0.0009360313415527344
0.0014071464538574219
0.0009293556213378906
0.001434326171875
0.0009670257568359375
0.0009474754333496094
0.0011949539184570312
0.001392364501953125
0.0009045600891113281
0.001249074935913086
0.001062154769897461
0.0009524822235107422
0.0009448528289794922
0.0013968944549560547
0.001003265380859375
0.001207113265991211
0.0009031295776367188
0.001004934310913086
0.0008575916290283203
0.0009846687316894531
0.0012278556823730469
0.0006546974182128906
0.0009148120880126953
0.0010411739349365234
0.0010573863983154297
0.0010118484497070312
0.0011818408966064453
0.0015575885772705078
0.0007534027099609375
0.0010671615600585938
0.0009584426879882812
0.0009357929229736328
0.0010716915130615234
0.0010750293731689453
0.0012102127075195312
0.001146554946899414
0.0006830692291259766
0.0008516311645507812
0.0009179115295410156
0.0013620853424072266
0.0012824535369873047
0.0008563995361328125
0.0012073516845703125
0.0014488697052001953
0.0011966228485107422
0.0011320114135742188
0.0010673999786376953
0.0012333393096923828
0.001361846923828125
0.0009076595306396484
0.0009760856628417969
0.0010426044464111328
0.0012350082397460938
0.0012009143829345703
0.0008299350738525391
0.0009560585021972656
0.0008831024169921875
0.0011944770812988281
0.0014376640319824219
0.0013213157653808594
0.0007891654968261719
0.0009627342224121094
0.0009777545928955078
0.0014519691467285156
0.00101470947265625
0.0008869171142578125
0.0011677742004394531
0.0008983612060546875
0.0005350112915039062
0.0012183189392089844
0.0014870166778564453
0.0012362003326416016
0.0011088848114013672
0.0012340545654296875
0.001116037368774414
0.0007855892181396484
0.0008230209350585938
0.0009942054748535156
0.0009946823120117188
0.001230478286743164
0.0014450550079345703
0.0008401870727539062
0.0007941722869873047
0.0015785694122314453
0.0009086132049560547
0.0012712478637695312
0.0008828639984130859
0.0009770393371582031
0.0009853839874267578
0.001172780990600586
0.0007894039154052734
0.000789642333984375
0.0011649131774902344
0.0012650489807128906
0.0011398792266845703
0.0009970664978027344
0.001222848892211914
0.0007827281951904297
0.0011608600616455078
0.0007238388061523438
0.0009541511535644531
0.0009779930114746094
0.0009131431579589844
0.0009329319000244141
0.0008802413940429688
0.0009548664093017578
0.0009584426879882812
0.0010085105895996094
0.001674652099609375
0.0010416507720947266
0.0010678768157958984
0.001249551773071289
0.0009415149688720703
0.0009057521820068359
0.0009446144104003906
0.0010902881622314453
0.0013682842254638672
0.0008268356323242188
0.0009162425994873047
0.0010020732879638672
0.0008223056793212891
0.0009980201721191406
0.0009427070617675781
0.0011799335479736328
0.001163482666015625
0.0014526844024658203
0.0013537406921386719
0.0009167194366455078
0.0009465217590332031
0.00115203857421875
0.0007452964782714844
0.0010356903076171875
0.001074075698852539
0.0010790824890136719
0.0009555816650390625
0.0008978843688964844
0.0009410381317138672
0.0009496212005615234
0.0009560585021972656
0.0009191036224365234
0.0009315013885498047
0.0011456012725830078
0.0007026195526123047
0.001135110855102539
0.0015208721160888672
0.0010614395141601562
0.000993967056274414
0.00122833251953125
0.0010552406311035156
0.0015261173248291016
0.0008282661437988281
0.001428365707397461
0.0015795230865478516
0.0009694099426269531
0.0012807846069335938
0.0004937648773193359
0.0009109973907470703
0.0015411376953125
0.0008318424224853516
0.0008280277252197266
0.0010344982147216797
0.0008683204650878906
0.0011446475982666016
0.0008685588836669922
0.001140594482421875
0.0010533332824707031
0.0009970664978027344
0.0006299018859863281
0.0010325908660888672
0.0012459754943847656
0.0008108615875244141
0.0010747909545898438
0.0011224746704101562
0.0007295608520507812
0.0012536048889160156
0.0008776187896728516
0.0007710456848144531
0.001081228256225586
0.0012814998626708984
0.0006906986236572266
0.0010635852813720703
0.0009534358978271484
0.0012891292572021484
0.0009808540344238281
0.0012352466583251953
0.0009114742279052734
0.0009822845458984375
0.0009398460388183594
0.0011701583862304688
0.0009653568267822266
0.0011222362518310547
0.001178741455078125
0.0007371902465820312
0.0011734962463378906
0.0008890628814697266
0.0010304450988769531
0.0010480880737304688
0.0010349750518798828
0.0010523796081542969
0.0014803409576416016
0.000843048095703125
0.0009970664978027344
0.0009541511535644531
0.0008366107940673828
0.0009093284606933594
0.0008671283721923828
0.0008361339569091797
0.0008709430694580078
0.0012195110321044922
0.0009624958038330078
0.0011363029479980469
0.0008647441864013672
0.0012371540069580078
0.0008997917175292969
0.0010867118835449219
0.0008394718170166016
0.0010967254638671875
0.0015385150909423828
0.001094818115234375
0.0006170272827148438
0.0010724067687988281
0.0013184547424316406
0.0009877681732177734
0.0009641647338867188
0.0007669925689697266
0.0008141994476318359
0.0011525154113769531
0.0008993148803710938
0.0011665821075439453
0.0006701946258544922
0.0010025501251220703
0.0011653900146484375
0.0011143684387207031
0.0007646083831787109
0.0018947124481201172
0.0009362697601318359
0.0011143684387207031
0.0012886524200439453
0.0009648799896240234
0.0009806156158447266
0.0009865760803222656
0.0006976127624511719
0.0007891654968261719
0.0011653900146484375
0.0009009838104248047
0.0010008811950683594
0.0010373592376708984
0.0009441375732421875
0.0011773109436035156
0.0013248920440673828
0.0012135505676269531
0.0009799003601074219
0.000751495361328125
0.0009262561798095703
0.0012509822845458984
0.0005905628204345703
0.0010330677032470703
0.0009644031524658203
0.0014793872833251953
0.0012111663818359375
0.0010004043579101562
0.0006246566772460938
0.0009667873382568359
0.0007960796356201172
0.0008776187896728516
0.0009527206420898438
0.0015993118286132812
0.0006597042083740234
0.0010519027709960938
0.0008265972137451172
0.0010530948638916016
0.0011136531829833984
0.0014798641204833984
0.0009183883666992188
0.0011718273162841797
0.00081634521484375
0.0009012222290039062
0.0005495548248291016
0.0009772777557373047
0.0013284683227539062
0.0011408329010009766
0.00080108642578125
0.0011987686157226562
0.0009059906005859375
0.001135110855102539
0.0007100105285644531
0.0014872550964355469
0.0011298656463623047
0.000919342041015625
0.0009267330169677734
0.001066446304321289
0.000812530517578125
0.0009095668792724609
0.00116729736328125
0.0019083023071289062
0.0007185935974121094
0.0010335445404052734
0.0013713836669921875
0.0012600421905517578
0.0011219978332519531
0.001046895980834961
0.0009388923645019531
0.001178741455078125
0.00072479248046875
0.0007016658782958984
0.0008780956268310547
0.0007655620574951172
0.0008001327514648438
0.0011184215545654297
0.0010230541229248047
0.0014798641204833984
0.0011227130889892578
0.0010695457458496094
0.0008435249328613281
0.0010755062103271484
0.0008547306060791016
0.0006537437438964844
0.0009663105010986328
0.0007560253143310547
0.0012056827545166016
0.00091552734375
0.0009403228759765625
0.0007388591766357422
0.0008931159973144531
0.0009951591491699219
0.0011975765228271484
0.0010170936584472656
0.0008606910705566406
0.0009415149688720703
0.001138448715209961
0.0009624958038330078
0.0009276866912841797
0.0011806488037109375
0.0008709430694580078
0.0012285709381103516
0.0011754035949707031
0.0009095668792724609
0.0007910728454589844
0.0011076927185058594
0.0009975433349609375
0.0009367465972900391
0.0009241104125976562
0.0008645057678222656
0.0009944438934326172
0.0015289783477783203
0.0010807514190673828
0.0010228157043457031
0.0008842945098876953
0.0010104179382324219
0.0010073184967041016
0.0014429092407226562
0.0009942054748535156
0.0009360313415527344
0.0005972385406494141
0.0010268688201904297
0.0010442733764648438
0.001054525375366211
0.0009772777557373047
0.0010902881622314453
0.001809835433959961
0.0006740093231201172
0.001321554183959961
0.0009672641754150391
0.0010406970977783203
0.0010721683502197266
0.00084686279296875
0.0011968612670898438
0.0009253025054931641
0.0010802745819091797
0.0011148452758789062
0.0009748935699462891
0.0008070468902587891
0.0009007453918457031
0.0007584095001220703
0.0006983280181884766
0.0009772777557373047
0.0011699199676513672
0.0008847713470458984
0.0010111331939697266
0.001024484634399414
0.0009601116180419922
0.001321554183959961
0.0007357597351074219
0.0013706684112548828
0.0011496543884277344
0.0008285045623779297
0.0008378028869628906
0.001031637191772461
0.000606536865234375
0.0006647109985351562
0.0008819103240966797
0.0009105205535888672
0.0010304450988769531
0.0009706020355224609
0.0008933544158935547
0.0018122196197509766
0.0012354850769042969
0.0009717941284179688
0.0011510848999023438
0.0007572174072265625
0.0009813308715820312
0.0009241104125976562
0.0009369850158691406
0.0010271072387695312
0.0007126331329345703
0.0009257793426513672
0.0010695457458496094
0.0009229183197021484
0.0008504390716552734
0.001210927963256836
0.0009884834289550781
0.0010423660278320312
0.0011188983917236328
0.0009868144989013672
0.001216888427734375
0.0006899833679199219
0.0016570091247558594
0.0008285045623779297
0.0008194446563720703
0.0008587837219238281
0.001238107681274414
0.0006489753723144531
0.0011034011840820312
0.0011115074157714844
0.001050710678100586
0.0012466907501220703
0.0009372234344482422
0.0015392303466796875
0.0013203620910644531
0.0008912086486816406
0.0011932849884033203
0.0010581016540527344
0.0009899139404296875
0.0014781951904296875
0.0011408329010009766
0.0008673667907714844
0.0011813640594482422
0.0009605884552001953
0.0008442401885986328
0.001001596450805664
0.0007245540618896484
0.0007917881011962891
0.0008788108825683594
0.0007903575897216797
0.001104116439819336
0.0006625652313232422
0.0008463859558105469
0.0009109973907470703
0.0008413791656494141
0.0012226104736328125
0.0011091232299804688
0.0009434223175048828
0.0008227825164794922
0.0011017322540283203
0.0008099079132080078
0.0009026527404785156
0.0006704330444335938
0.0010352134704589844
0.0011775493621826172
0.001016378402709961
0.0006766319274902344
0.0009753704071044922
0.0011496543884277344
0.0011920928955078125
0.0013041496276855469
0.000881195068359375
0.0007441043853759766
0.0010309219360351562
0.0013058185577392578
0.0016074180603027344
0.0011339187622070312
0.0013613700866699219
0.0008828639984130859
0.0009202957153320312
0.0007250308990478516
0.0010988712310791016
0.0007085800170898438
0.0009183883666992188
0.0009224414825439453
0.0007076263427734375
0.0007519721984863281
0.0008697509765625
0.0010266304016113281
0.0005915164947509766
0.0010151863098144531
0.0008778572082519531
0.00112152099609375
0.0008635520935058594
0.0011038780212402344
0.0007598400115966797
0.001444101333618164
0.001085519790649414
0.0010950565338134766
0.0013098716735839844
0.0010979175567626953
0.0010211467742919922
0.0009860992431640625
0.0014142990112304688
0.0010380744934082031
0.00127410888671875
0.00092315673828125
0.0007827281951904297
0.0009274482727050781
0.0011184215545654297
0.0010554790496826172
0.0006926059722900391
0.0007793903350830078
0.0009648799896240234
0.0006628036499023438
0.0009188652038574219
0.000823974609375
0.0010876655578613281
0.0009758472442626953
0.000997304916381836
0.0008997917175292969
0.0007715225219726562
0.0008885860443115234
0.0009386539459228516
0.0008220672607421875
0.0008368492126464844
0.0008754730224609375
0.0011773109436035156
0.0009553432464599609
0.00104522705078125
0.0016484260559082031
0.0014755725860595703
0.000873565673828125
0.0008835792541503906
0.0006999969482421875
0.0007493495941162109
0.0008976459503173828
0.001071929931640625
0.0010671615600585938
0.0011489391326904297
0.0013003349304199219
0.0011069774627685547
0.0012464523315429688
0.0008444786071777344
0.0009152889251708984
0.0006661415100097656
0.0014224052429199219
0.0012018680572509766
0.0011096000671386719
0.001142740249633789
0.0008640289306640625
0.0010290145874023438
0.001119375228881836
0.0011250972747802734
0.001027822494506836
0.0009746551513671875
0.0011894702911376953
0.0008482933044433594
0.0006976127624511719
0.0008721351623535156
0.0008196830749511719
0.0008764266967773438
0.0006551742553710938
0.0009827613830566406
0.0009136199951171875
0.0012967586517333984
0.001519918441772461
0.0007882118225097656
0.0011894702911376953
0.000728607177734375
0.0006051063537597656
0.0009119510650634766
0.0009965896606445312
0.0010066032409667969
0.0006427764892578125
0.0012555122375488281
0.001363515853881836
0.0007517337799072266
0.0010166168212890625
0.0010352134704589844
0.0013589859008789062
0.0008535385131835938
0.0011489391326904297
0.0009622573852539062
0.0009157657623291016
0.0011663436889648438
0.0008327960968017578
0.0007822513580322266
0.0009715557098388672
0.0007367134094238281
0.0012691020965576172
0.0008323192596435547
0.0008516311645507812
0.0008263587951660156
0.0009145736694335938
0.0012423992156982422
0.0009534358978271484
0.001123189926147461
0.0008552074432373047
0.0011582374572753906
0.0007956027984619141
0.001622915267944336
0.0009365081787109375
0.0007786750793457031
0.0016434192657470703
0.0011332035064697266
0.0008106231689453125
0.001062631607055664
0.00110626220703125
0.0011639595031738281
0.0007290840148925781
0.0011744499206542969
0.0009739398956298828
0.0007393360137939453
0.0007989406585693359
0.0009148120880126953
0.0009984970092773438
0.000993967056274414
0.0006661415100097656
0.0009620189666748047
0.00099945068359375
0.0009853839874267578
0.0013766288757324219
0.0008432865142822266
0.0012633800506591797
0.0009331703186035156
0.0008709430694580078
0.0008943080902099609
0.0009233951568603516
0.0008776187896728516
0.0007345676422119141
0.0008280277252197266
0.0009350776672363281
0.0008809566497802734
0.0007922649383544922
0.0006670951843261719
0.0011074542999267578
0.0008158683776855469
0.0009419918060302734
0.0008862018585205078
0.0008759498596191406
0.0010199546813964844
0.0008165836334228516
0.0010356903076171875
0.0009963512420654297
0.0008273124694824219
0.0011296272277832031
0.000835418701171875
0.0008168220520019531
0.0009715557098388672
0.0008478164672851562
0.0016851425170898438
0.0007815361022949219
0.0009307861328125
0.0013914108276367188
0.0010063648223876953
0.001226663589477539
0.0011432170867919922
0.0010008811950683594
0.0010154247283935547
0.0008530616760253906
0.0011444091796875
0.0008411407470703125
0.0007784366607666016
0.0012805461883544922
0.0011954307556152344
0.0011601448059082031
0.0009744167327880859
0.0011794567108154297
0.0007488727569580078
0.0011816024780273438
0.001132965087890625
0.0010571479797363281
0.0009663105010986328
0.0007607936859130859
0.0010838508605957031
0.0007467269897460938
0.001051187515258789
0.0007884502410888672
0.0008015632629394531
0.0008802413940429688
0.0010771751403808594
0.001068115234375
0.0007929801940917969
0.0011985301971435547
0.0007481575012207031
0.0009069442749023438
0.0008890628814697266
0.0011594295501708984
0.0012888908386230469
0.0008285045623779297
0.0012385845184326172
0.0008060932159423828
0.0009233951568603516
0.0009181499481201172
0.0009462833404541016
0.0008292198181152344
0.0009467601776123047
0.0010080337524414062
0.0016367435455322266
0.0010752677917480469
0.0011744499206542969
0.0009114742279052734
0.000990152359008789
0.0009829998016357422
0.001043081283569336
0.001455545425415039
0.0009107589721679688
0.0009629726409912109
0.001068115234375
0.0007874965667724609
0.0010726451873779297
0.0013885498046875
0.0008985996246337891
0.0005896091461181641
0.0009016990661621094
0.0009717941284179688
0.0008969306945800781
0.0010750293731689453
0.0012421607971191406
0.0009095668792724609
0.000942230224609375
0.001066446304321289
0.0011816024780273438
0.0008599758148193359
0.0007393360137939453
0.0008840560913085938
0.00106048583984375
0.0011601448059082031
0.000885009765625
0.0011074542999267578
0.0006911754608154297
0.0006885528564453125
0.0013473033905029297
0.0007765293121337891
0.0011205673217773438
0.0006337165832519531
0.0008604526519775391
0.0014317035675048828
0.0008535385131835938
0.0010187625885009766
0.0006434917449951172
0.0008020401000976562
0.0009491443634033203
0.0012621879577636719
0.0011684894561767578
0.001028299331665039
0.0007710456848144531
0.0009424686431884766
0.00109100341796875
0.0009334087371826172
0.0010089874267578125
0.000827789306640625
0.000762939453125
0.0006296634674072266
0.0007696151733398438
0.0007476806640625
0.0015850067138671875
0.0009591579437255859
0.0011034011840820312
0.0012552738189697266
0.0010542869567871094
0.0008058547973632812
0.000997781753540039
0.0009789466857910156
0.0006775856018066406
0.0012104511260986328
0.000919342041015625
0.0017130374908447266
0.0010216236114501953
0.0011203289031982422
0.0006246566772460938
0.001298666000366211
0.0010247230529785156
0.0010592937469482422
0.0007627010345458984
0.0006406307220458984
0.0010671615600585938
0.0008161067962646484
0.0011181831359863281
0.001132965087890625
0.0010182857513427734
0.0009860992431640625
0.0009074211120605469
0.0007486343383789062
0.0009236335754394531
0.0008685588836669922
0.001077413558959961
0.0010936260223388672
0.000762939453125
0.0008652210235595703
0.0013184547424316406
0.0011773109436035156
0.00104522705078125
0.0008530616760253906
0.0011315345764160156
0.001486063003540039
0.0012040138244628906
0.0005512237548828125
0.0009086132049560547
0.0009601116180419922
0.0008082389831542969
0.001219034194946289
0.0007083415985107422
0.0009539127349853516
0.0011320114135742188
0.0010874271392822266
0.0007345676422119141
0.0009493827819824219
0.0009756088256835938
0.0007841587066650391
0.0007631778717041016
0.0010938644409179688
0.0012178421020507812
0.00086212158203125
0.0017750263214111328
0.0010232925415039062
0.0007989406585693359
0.0010061264038085938
0.0010802745819091797
0.001024484634399414
0.0008194446563720703
0.0013570785522460938
0.0010118484497070312
0.0009784698486328125
0.0008089542388916016
0.0015227794647216797
0.0008499622344970703
0.0010156631469726562
0.0012731552124023438
0.0005409717559814453
0.0009109973907470703
0.0008826255798339844
0.0007827281951904297
0.0008342266082763672
0.0007925033569335938
0.001079559326171875
0.0011997222900390625
0.0007917881011962891
0.0009715557098388672
0.000949859619140625
0.0009779930114746094
0.001325845718383789
0.0011224746704101562
0.0010976791381835938
0.0010139942169189453
0.0008976459503173828
0.001007080078125
0.0010988712310791016
0.0009403228759765625
0.0008993148803710938
0.0010306835174560547
0.0006260871887207031
0.0011131763458251953
0.0009865760803222656
0.0008363723754882812
0.0010001659393310547
0.0008559226989746094
0.0008745193481445312
0.0006957054138183594
0.0012979507446289062
0.001027822494506836
0.001066446304321289
0.0009186267852783203
0.0011665821075439453
0.0007441043853759766
0.0009095668792724609
0.0012633800506591797
0.0010800361633300781
0.0006589889526367188
0.0011394023895263672
0.0009467601776123047
0.0010609626770019531
0.0007238388061523438
0.0009410381317138672
0.0007531642913818359
0.0012445449829101562
0.0007402896881103516
0.001176595687866211
0.0010216236114501953
0.0011339187622070312
0.0008265972137451172
0.001359701156616211
0.0011067390441894531
0.0008227825164794922
0.0008852481842041016
0.0009024143218994141
0.0010418891906738281
0.001123666763305664
0.0009407997131347656
0.0007195472717285156
0.0012285709381103516
0.0009031295776367188
0.0009708404541015625
0.0011286735534667969
0.0011293888092041016
0.0008342266082763672
0.0010814666748046875
0.0012090206146240234
0.0007839202880859375
0.0007507801055908203
0.0005784034729003906
0.0011761188507080078
0.0009407997131347656
0.0011692047119140625
0.0009198188781738281
0.0011894702911376953
0.001409769058227539
0.00083160400390625
0.0011644363403320312
0.000675201416015625
0.0007097721099853516
0.0008952617645263672
0.000762939453125
0.0010783672332763672
0.0006611347198486328
0.0010912418365478516
0.0009157657623291016
0.0009737014770507812
0.0009489059448242188
0.0005910396575927734
0.0008924007415771484
0.0008854866027832031
0.0011966228485107422
0.0009264945983886719
0.0009891986846923828
0.001528024673461914
0.0010941028594970703
0.0009436607360839844
0.0009703636169433594
0.0007905960083007812
0.0008807182312011719
0.000713348388671875
0.0015056133270263672
0.001257181167602539
0.0009717941284179688
0.0011668205261230469
0.0012087821960449219
0.0007331371307373047
