325.2937681674957
325.5062026977539
325.10901522636414
324.12947130203247
324.0920820236206
323.87231063842773
323.44921135902405
323.38728380203247
322.80166387557983
322.8064913749695
322.2353546619415
320.57044863700867
320.7693042755127
319.6654591560364
319.6015074253082
319.1078028678894
319.27308440208435
319.85043501853943
318.55365443229675
318.59296703338623
318.59603548049927
318.81524777412415
318.8823504447937
318.2283465862274
318.5753107070923
318.53154397010803
317.845023393631
318.4375629425049
317.18752908706665
318.2995731830597
317.41013073921204
316.84980964660645
317.1505057811737
315.5075259208679
313.7569408416748
312.2990791797638
307.6117115020752
304.0494546890259
293.34549856185913
287.9355969429016
281.3069622516632
261.353160738945
251.33629369735718
239.40846264362335
230.0768482685089
217.72513341903687
218.66634786128998
209.0732684135437
194.25609523057938
195.08830070495605
183.26147973537445
181.35206985473633
173.87773633003235
163.31217104196548
166.13724398612976
149.79398354887962
140.28847700357437
141.77710223197937
132.34204703569412
129.31443816423416
122.16872748732567
118.49993282556534
117.6983585357666
119.33547085523605
108.28493121266365
99.71887770295143
100.36692747473717
93.92880874872208
78.89231616258621
77.38015508651733
76.75801029801369
64.22719398140907
68.31896215677261
61.56373456120491
63.6656311750412
63.83606940507889
56.43852087855339
52.25079846382141
57.76937237381935
49.614916145801544
49.544651448726654
46.37474676966667
51.25668144226074
43.712477535009384
43.11344885826111
37.97167807817459
32.028309524059296
44.24080690741539
34.76859948039055
27.852873027324677
34.00967192649841
32.50348222255707
36.678060591220856
25.743449717760086
28.568773955106735
28.487613648176193
26.014664858579636
26.997131943702698
19.034663438796997
22.117875635623932
26.16901022195816
22.863612860441208
15.64471048116684
12.850574314594269
11.89933842420578
15.538172960281372
11.657491475343704
20.196795403957367
10.23678982257843
13.009278357028961
14.410495460033417
8.760773003101349
12.393568873405457
15.192343294620514
11.324360847473145
8.265666961669922
11.413119077682495
5.859505712985992
5.415871858596802
8.600254893302917
12.018084168434143
9.923544824123383
6.700153112411499
5.401718616485596
4.13671600818634
1.6491875648498535
2.8037919998168945
7.93293696641922
10.763670802116394
11.780027210712433
6.722152054309845
2.0246134996414185
3.33719140291214
6.533603310585022
4.4703346490859985
5.4774574637413025
5.509880542755127
1.0599368810653687
2.139355778694153
0.7759029865264893
0.5435258150100708
0.546549916267395
0.5336208343505859
1.5350364446640015
0.9347764253616333
4.785205841064453
3.1433865427970886
11.630297601222992
4.741165339946747
3.0842734575271606
2.8857762813568115
0.8637994527816772
0.8354141712188721
12.709363341331482
4.885816335678101
1.340635597705841
1.4732651710510254
0.6059216260910034
0.29876768589019775
0.20526814460754395
0.18559134006500244
0.18269169330596924
0.13286042213439941
0.16958117485046387
0.249792218208313
0.10878980159759521
0.12506532669067383
0.17460107803344727
0.47606217861175537
0.3947650194168091
0.10688555240631104
0.09602522850036621
0.055076003074645996
0.08530986309051514
0.05404055118560791
0.07769298553466797
0.05479300022125244
0.057528138160705566
0.05212533473968506
0.05508434772491455
0.0616532564163208
0.056831955909729004
0.06493628025054932
0.7017879486083984
5.362130522727966
1.460437536239624
0.39560842514038086
0.21547627449035645
0.17752742767333984
0.3047633171081543
0.10751783847808838
0.10878193378448486
0.24767231941223145
0.11684346199035645
0.06666052341461182
0.08581185340881348
0.07288539409637451
0.05883598327636719
0.05176842212677002
0.0507962703704834
0.045382022857666016
0.05987071990966797
0.03529798984527588
0.039750099182128906
0.03430354595184326
0.04115629196166992
0.040701985359191895
0.040796637535095215
0.03963172435760498
0.03904128074645996
0.037500977516174316
0.039855122566223145
0.02870786190032959
0.03432202339172363
0.03259742259979248
0.03241896629333496
0.024483203887939453
0.028908252716064453
0.028484106063842773
0.029580354690551758
0.03142380714416504
0.11831521987915039
0.03570842742919922
0.032573699951171875
0.026357054710388184
0.032161593437194824
0.019533276557922363
0.029869556427001953
0.03969621658325195
0.026305079460144043
0.029477477073669434
0.027182698249816895
0.019101381301879883
0.021993637084960938
0.01809549331665039
0.02149176597595215
0.027733325958251953
0.022099971771240234
0.021181821823120117
0.027593135833740234
0.023906707763671875
0.01889622211456299
0.016535282135009766
0.025716781616210938
0.01795053482055664
0.036469221115112305
0.02185642719268799
0.02835702896118164
0.023153305053710938
0.018422484397888184
0.014367222785949707
0.028270244598388672
0.020115375518798828
0.0221710205078125
0.019121885299682617
0.017998933792114258
0.014554977416992188
0.0188523530960083
0.019539594650268555
0.023481130599975586
0.01678466796875
0.01298379898071289
0.013536930084228516
0.013083934783935547
0.015898585319519043
0.016591787338256836
0.016910314559936523
0.01659071445465088
0.019039392471313477
0.009772062301635742
0.013105154037475586
0.010413169860839844
0.012607812881469727
0.018969297409057617
0.013304829597473145
0.016013026237487793
0.02342391014099121
0.01733112335205078
0.01342630386352539
0.01649630069732666
0.017284631729125977
0.013396501541137695
0.012640714645385742
0.012157201766967773
0.01544809341430664
0.008366107940673828
0.010762929916381836
0.01487886905670166
0.010790348052978516
0.012912750244140625
0.011252284049987793
0.012017488479614258
0.01181793212890625
0.016140222549438477
0.021543502807617188
0.01551198959350586
0.013158917427062988
0.013663768768310547
0.01183938980102539
0.0143585205078125
0.011575460433959961
0.016531944274902344
0.015336036682128906
0.014211177825927734
0.013576269149780273
0.008688211441040039
0.013175725936889648
0.012544393539428711
0.012029170989990234
0.00993490219116211
0.013217687606811523
0.013563871383666992
0.013528108596801758
0.009308457374572754
0.010818719863891602
0.012115478515625
0.010576009750366211
0.019174575805664062
0.013395071029663086
0.010205745697021484
0.009106159210205078
0.008094549179077148
0.009473204612731934
0.012758970260620117
0.006919264793395996
0.009113550186157227
0.011587142944335938
0.008772134780883789
0.020717144012451172
0.014399290084838867
0.012121438980102539
0.011976838111877441
0.013439178466796875
0.009964704513549805
0.011288166046142578
0.008484601974487305
0.015412569046020508
0.00900721549987793
0.011153221130371094
0.009668111801147461
0.006501436233520508
0.009053945541381836
0.010472536087036133
0.009745359420776367
0.010394573211669922
0.008568286895751953
0.009737968444824219
0.01494145393371582
0.010079145431518555
0.010637640953063965
0.00977015495300293
0.011194229125976562
0.010845184326171875
0.008994340896606445
0.00838017463684082
0.007948637008666992
0.011720895767211914
0.008970975875854492
0.010329484939575195
0.008069157600402832
0.011924266815185547
0.006631135940551758
0.00868678092956543
0.010907411575317383
0.009901046752929688
0.01159524917602539
0.007645845413208008
0.009747743606567383
0.008920669555664062
0.017293691635131836
0.011671066284179688
0.008679866790771484
0.01021885871887207
0.007225990295410156
0.008848071098327637
0.011684656143188477
0.010790109634399414
0.009398221969604492
0.00874185562133789
0.010542869567871094
0.009293794631958008
0.008646249771118164
0.008998870849609375
0.007243633270263672
0.007015228271484375
0.008652448654174805
0.007851600646972656
0.011870622634887695
0.0069806575775146484
0.00859522819519043
0.007943391799926758
0.008295774459838867
0.00859212875366211
0.009446144104003906
0.007277488708496094
0.008343935012817383
0.01032257080078125
0.006956577301025391
0.00986623764038086
0.0076541900634765625
0.008738279342651367
0.007338762283325195
0.00991511344909668
0.007216930389404297
0.010770797729492188
0.0070465803146362305
0.0072824954986572266
0.011343240737915039
0.00821828842163086
0.00805044174194336
0.009449481964111328
0.007276773452758789
0.011626243591308594
0.009506702423095703
0.005978107452392578
0.0070858001708984375
0.007311344146728516
0.010915040969848633
0.007747173309326172
0.009264945983886719
0.009464025497436523
0.006304740905761719
0.006217241287231445
0.0068666934967041016
0.0075299739837646484
0.010063886642456055
0.009098529815673828
0.008937358856201172
0.008253812789916992
0.006892681121826172
0.006123661994934082
0.008248090744018555
0.0063130855560302734
0.00796365737915039
0.006769895553588867
0.005723237991333008
0.007666349411010742
0.006604194641113281
0.007941484451293945
0.0067102909088134766
0.011823892593383789
0.008901596069335938
0.007094144821166992
0.008111238479614258
0.007010936737060547
0.004923820495605469
0.006629228591918945
0.009154796600341797
0.007281780242919922
0.00841832160949707
0.007398128509521484
0.00777435302734375
0.006916999816894531
0.0058515071868896484
0.008268594741821289
0.0066280364990234375
0.006390094757080078
0.008090972900390625
0.0072934627532958984
0.006834506988525391
0.0074471235275268555
0.007298707962036133
0.00728607177734375
0.0061528682708740234
0.006661176681518555
0.009646177291870117
0.007452487945556641
0.0069789886474609375
0.00914144515991211
0.011913776397705078
0.005564451217651367
0.009013652801513672
0.006165027618408203
0.0062798261642456055
0.008959531784057617
0.006645917892456055
0.005521297454833984
0.0068018436431884766
0.009384989738464355
0.006933689117431641
0.010419130325317383
0.005555629730224609
0.00587916374206543
0.004729509353637695
0.0072574615478515625
0.007760763168334961
0.005887746810913086
0.008358240127563477
0.007308244705200195
0.0053517818450927734
0.005803585052490234
0.008346319198608398
0.01062917709350586
0.00732731819152832
0.007755756378173828
0.006560683250427246
0.006364107131958008
0.005437612533569336
0.006357908248901367
0.005113124847412109
0.008753776550292969
0.0070493221282958984
0.0069484710693359375
0.009638786315917969
0.006541728973388672
0.005640268325805664
0.006440401077270508
0.006846904754638672
0.0045893192291259766
0.007146596908569336
0.006150960922241211
0.00823521614074707
0.005887746810913086
0.007130861282348633
0.0067327022552490234
0.006987571716308594
0.007079601287841797
0.007136106491088867
0.006886720657348633
0.004852294921875
0.005803823471069336
0.006017208099365234
0.00552821159362793
0.00557708740234375
0.006450176239013672
0.006907224655151367
0.006216287612915039
0.006381034851074219
0.004708766937255859
0.006037712097167969
0.009019613265991211
0.0069086551666259766
0.00495457649230957
0.007251262664794922
0.011026382446289062
0.006061077117919922
0.005085468292236328
0.006832599639892578
0.0068700313568115234
0.005273103713989258
0.007168769836425781
0.0077686309814453125
0.006231546401977539
0.006603240966796875
0.007817745208740234
0.004960298538208008
0.007798671722412109
0.00882411003112793
0.0059621334075927734
0.0067636966705322266
0.008075714111328125
0.005589008331298828
0.005540132522583008
0.00820016860961914
0.009599924087524414
0.006658315658569336
0.00742030143737793
0.0078887939453125
0.006057024002075195
0.007849693298339844
0.0052967071533203125
0.005022764205932617
0.008326053619384766
0.004417896270751953
0.006257057189941406
0.005502223968505859
0.004735469818115234
0.0035657882690429688
0.006172895431518555
0.004369497299194336
0.005818843841552734
0.004534721374511719
0.005273342132568359
0.004972934722900391
0.006891489028930664
0.006013393402099609
0.004839897155761719
0.0059833526611328125
0.0060999393463134766
0.004345417022705078
0.006443977355957031
0.006413459777832031
0.00656580924987793
0.006031513214111328
0.005409717559814453
0.005846500396728516
0.009073257446289062
0.011972665786743164
0.004926919937133789
0.007687091827392578
0.005882978439331055
0.005858182907104492
0.006300449371337891
0.003446340560913086
0.004816293716430664
0.006837368011474609
0.005872964859008789
0.008288145065307617
0.006247520446777344
0.006198883056640625
0.005246877670288086
0.006193399429321289
0.005655527114868164
0.005408763885498047
0.00556492805480957
0.006165266036987305
0.004523277282714844
0.006816864013671875
0.004534721374511719
0.0049402713775634766
0.005360126495361328
0.004509449005126953
0.00971221923828125
0.004317522048950195
0.005663394927978516
0.007942438125610352
0.004499912261962891
0.0053234100341796875
0.0055348873138427734
0.00498652458190918
0.005930662155151367
0.005482316017150879
0.0037772655487060547
0.004451274871826172
0.007298707962036133
0.0061838626861572266
0.005292177200317383
0.0059435367584228516
0.003895282745361328
0.006964921951293945
0.006181001663208008
0.0073130130767822266
0.006071567535400391
0.005685567855834961
0.0070285797119140625
0.004931449890136719
0.00642848014831543
0.005068778991699219
0.004877805709838867
0.0046329498291015625
0.004926443099975586
0.0061075687408447266
0.005974531173706055
0.007317304611206055
0.004967689514160156
0.007111549377441406
0.006269693374633789
0.004755258560180664
0.00435638427734375
0.006465435028076172
0.0058939456939697266
0.005199432373046875
0.007474422454833984
0.006913185119628906
0.004418849945068359
0.0065462589263916016
0.0075778961181640625
0.005530118942260742
0.00511932373046875
0.0058557987213134766
0.004942178726196289
0.004357814788818359
0.004972696304321289
0.0067615509033203125
0.005469560623168945
0.004675507545471191
0.005191802978515625
0.004216194152832031
0.0045166015625
0.006012082099914551
0.006093263626098633
0.00471186637878418
0.00742030143737793
0.00595402717590332
0.00456690788269043
0.006796598434448242
0.004549503326416016
0.0070531368255615234
0.005948781967163086
0.0058476924896240234
0.0056378841400146484
0.004848480224609375
0.004988193511962891
0.003149747848510742
0.0054378509521484375
0.005055665969848633
0.005173921585083008
0.00484156608581543
0.004159688949584961
0.0067501068115234375
0.00797891616821289
0.00634002685546875
0.004841327667236328
0.0047953128814697266
0.0058901309967041016
0.0062677860260009766
0.0057675838470458984
0.0066375732421875
0.006330966949462891
0.007921695709228516
0.00561976432800293
0.004915475845336914
0.0060577392578125
0.003407001495361328
0.005260944366455078
0.00536656379699707
0.007014036178588867
0.004750728607177734
0.00568842887878418
0.0046617984771728516
0.0053157806396484375
0.00536656379699707
0.004892468452453613
0.005372285842895508
0.00709986686706543
0.005799293518066406
0.003665924072265625
0.005233883857727051
0.005078792572021484
0.005936861038208008
0.005002498626708984
0.0064046382904052734
0.0070648193359375
0.0057528018951416016
0.0056307315826416016
0.005323648452758789
0.004034996032714844
0.00517582893371582
0.004569530487060547
0.006085872650146484
0.004553556442260742
0.0052967071533203125
0.006803274154663086
0.004857778549194336
0.006081342697143555
0.005131244659423828
0.004459857940673828
0.006250143051147461
0.0052536725997924805
0.005683183670043945
0.004837512969970703
0.0056514739990234375
0.0046885013580322266
0.005701541900634766
0.0042150020599365234
0.005079984664916992
0.004152059555053711
0.005618095397949219
0.0051822662353515625
0.006090402603149414
0.003866910934448242
0.004351377487182617
0.006063938140869141
0.004477262496948242
0.004674434661865234
0.00527644157409668
0.004537820816040039
0.006181240081787109
0.0053822994232177734
0.006161689758300781
0.005541086196899414
0.003983497619628906
0.004420757293701172
0.006007671356201172
0.005127906799316406
0.005533933639526367
0.0045032501220703125
0.005608797073364258
0.005703926086425781
0.0054931640625
0.006480693817138672
0.006776571273803711
0.0035986900329589844
0.004843473434448242
0.004954099655151367
0.0039272308349609375
0.004373311996459961
0.005548000335693359
0.005360603332519531
0.004987478256225586
0.006781816482543945
0.006058931350708008
0.0055506229400634766
0.0055904388427734375
0.006460428237915039
0.004395961761474609
0.005998134613037109
0.005209207534790039
0.0049207210540771484
0.004463911056518555
0.005183696746826172
0.008616209030151367
0.004963397979736328
0.004731893539428711
0.00519108772277832
0.004262685775756836
0.003147602081298828
0.006149768829345703
0.004622936248779297
0.00539088249206543
0.003576040267944336
0.005438804626464844
0.004898786544799805
0.004202842712402344
0.008028984069824219
0.003922700881958008
0.0054318904876708984
0.005963802337646484
0.003995418548583984
0.005352973937988281
0.004876255989074707
0.0033714771270751953
0.005380868911743164
0.004672050476074219
0.006464719772338867
0.004907846450805664
0.005164146423339844
0.005552053451538086
0.003901958465576172
0.004989743232727051
0.00391697883605957
0.005541563034057617
0.006168842315673828
0.003698110580444336
0.005982160568237305
0.0044612884521484375
0.004553079605102539
0.006972551345825195
0.006640911102294922
0.004008769989013672
0.004872560501098633
0.004359245300292969
0.004953622817993164
0.006230354309082031
0.005451202392578125
0.004856586456298828
0.004770517349243164
0.004439115524291992
0.004865169525146484
0.004486083984375
0.005972623825073242
0.003513813018798828
0.003962278366088867
0.007514238357543945
0.0054090023040771484
0.004655361175537109
0.00554203987121582
0.007446765899658203
0.004545927047729492
0.0036542415618896484
0.004987478256225586
0.0040416717529296875
0.004961490631103516
0.0065762996673583984
0.00487518310546875
0.0031957626342773438
0.005532503128051758
0.005911588668823242
0.006371736526489258
0.0036165714263916016
0.00450444221496582
0.0045549869537353516
0.004714250564575195
0.003326416015625
0.004529714584350586
0.003882884979248047
0.003451108932495117
0.007511615753173828
0.0052034854888916016
0.0035886764526367188
0.0068356990814208984
0.005265712738037109
0.0040929317474365234
0.00559544563293457
0.005782127380371094
0.005072593688964844
0.004744529724121094
0.006905078887939453
0.006246805191040039
0.004941225051879883
0.004400968551635742
0.0045621395111083984
0.005651712417602539
0.003931522369384766
0.005009889602661133
0.0055429935455322266
0.002923250198364258
0.0042116641998291016
0.006133079528808594
0.008093714714050293
0.005405426025390625
0.00464940071105957
0.004793643951416016
0.004105567932128906
0.005857706069946289
0.004970550537109375
0.003828287124633789
0.00392460823059082
0.00538945198059082
0.005788326263427734
0.0066375732421875
0.005024433135986328
0.004977583885192871
0.005095720291137695
0.0050351619720458984
0.00460362434387207
0.0038123130798339844
0.003692626953125
0.004171609878540039
0.004244327545166016
0.004500389099121094
0.0057294368743896484
0.004179239273071289
0.005097150802612305
0.0057582855224609375
0.005294322967529297
0.005921363830566406
0.004313468933105469
0.004871845245361328
0.005688905715942383
0.0034193992614746094
0.0052721500396728516
0.006163835525512695
0.0053632259368896484
0.004827022552490234
0.004044532775878906
0.007868766784667969
0.004370927810668945
0.0038919448852539062
0.005201578140258789
0.004691123962402344
0.005821704864501953
0.005332469940185547
0.0036683082580566406
0.005251884460449219
0.004919528961181641
0.00457453727722168
0.005795717239379883
0.004560708999633789
0.0036873817443847656
0.005156040191650391
0.005306243896484375
0.004828453063964844
0.004923820495605469
0.003590822219848633
0.004389524459838867
0.0047283172607421875
0.003462076187133789
0.005314826965332031
0.0061283111572265625
0.004616737365722656
0.003760099411010742
0.005265712738037109
0.0038383007049560547
0.0038776397705078125
0.005693912506103516
0.0047190189361572266
0.004675626754760742
0.0034079551696777344
0.005576372146606445
0.0067975521087646484
0.0059773921966552734
0.005034446716308594
0.005068540573120117
0.004333972930908203
0.006346225738525391
0.0036995410919189453
0.005310773849487305
0.004770755767822266
0.005118608474731445
0.0035600662231445312
0.004978179931640625
0.005068540573120117
0.004557371139526367
0.0053141117095947266
0.0057964324951171875
0.00411534309387207
0.004455924034118652
0.004954814910888672
0.0053179264068603516
0.004504203796386719
0.004670143127441406
0.005475759506225586
0.004860401153564453
0.004210710525512695
0.003831148147583008
0.005272865295410156
0.0044023990631103516
0.0038499832153320312
0.004952430725097656
0.004919290542602539
0.0039250850677490234
0.004899024963378906
0.005016326904296875
0.005019426345825195
0.004445075988769531
0.0047342777252197266
0.00481867790222168
0.006424427032470703
0.005284547805786133
0.00740504264831543
0.0028886795043945312
0.0034520626068115234
0.0029506683349609375
0.007025718688964844
0.004456758499145508
0.005043983459472656
0.004883289337158203
0.005117654800415039
0.0033838748931884766
0.005175352096557617
0.006706833839416504
0.005113363265991211
0.004404783248901367
0.004965305328369141
0.004559040069580078
0.0038852691650390625
0.0051920413970947266
0.00539088249206543
0.0036432743072509766
0.0040950775146484375
0.003458738327026367
0.004138469696044922
0.005489826202392578
0.00477910041809082
0.00543975830078125
0.006663799285888672
0.006588935852050781
0.00464630126953125
0.0037527084350585938
0.00420832633972168
0.0033423900604248047
0.004923105239868164
0.005422353744506836
0.0037593841552734375
0.004306316375732422
0.005880951881408691
0.006581544876098633
0.0042018890380859375
0.003880023956298828
0.0042874813079833984
0.0031294822692871094
0.0033311843872070312
0.00538182258605957
0.003537893295288086
0.004927396774291992
0.0042684078216552734
0.004676342010498047
0.004622459411621094
0.008218526840209961
0.0046656131744384766
0.003349781036376953
0.00690770149230957
0.004409074783325195
0.005341768264770508
0.0048754215240478516
0.007720232009887695
0.004471302032470703
0.0044481754302978516
0.004449129104614258
0.0037474632263183594
0.004433393478393555
0.002788543701171875
0.003948807716369629
0.0064029693603515625
0.005187511444091797
0.003622770309448242
0.0053098201751708984
0.005837202072143555
0.004342794418334961
0.0058901309967041016
0.0042569637298583984
0.00464177131652832
0.005362033843994141
0.0036275386810302734
0.0049285888671875
0.00456690788269043
0.005235195159912109
0.005631208419799805
0.0037093162536621094
0.005460977554321289
0.003911495208740234
0.00588536262512207
0.0049130916595458984
0.0031441450119018555
0.0037772655487060547
0.006384372711181641
0.003198862075805664
0.005794048309326172
0.004999637603759766
0.004477262496948242
0.004544734954833984
0.006556034088134766
0.004874229431152344
0.004307746887207031
0.004455089569091797
0.004929304122924805
0.0046613216400146484
0.0038673877716064453
0.0038993358612060547
0.004255056381225586
0.004296779632568359
0.0038938522338867188
0.005568027496337891
0.004101991653442383
0.004204511642456055
0.004011631011962891
0.00499272346496582
0.003711700439453125
0.005147695541381836
0.0044519901275634766
0.004748106002807617
0.004488468170166016
0.005433320999145508
0.005380153656005859
0.004714012145996094
0.0033037662506103516
0.008231163024902344
0.004692792892456055
0.003041863441467285
0.004880189895629883
0.005271196365356445
0.0038652420043945312
0.0037810802459716797
0.005398988723754883
0.005509614944458008
0.004862070083618164
0.0037648677825927734
0.003914356231689453
0.00404810905456543
0.005003452301025391
0.0033409595489501953
0.004930734634399414
0.005118131637573242
0.0055615901947021484
0.0026509761810302734
0.005323886871337891
0.003303050994873047
0.006285190582275391
0.005059480667114258
0.0062580108642578125
0.0047675371170043945
0.005110502243041992
0.0063784122467041016
0.004179954528808594
0.004971027374267578
0.003582000732421875
0.003690004348754883
0.005792379379272461
0.004264354705810547
0.005517721176147461
0.0037834644317626953
0.003977775573730469
0.005629777908325195
0.005087375640869141
0.004676342010498047
0.004946470260620117
0.0065174102783203125
0.00432896614074707
0.005568981170654297
0.003854513168334961
0.005234241485595703
0.0037221908569335938
0.0046825408935546875
0.005477428436279297
0.0049669742584228516
0.00436091423034668
0.006798267364501953
0.0032804012298583984
0.005141019821166992
0.0040094852447509766
0.005757808685302734
0.005141258239746094
0.0046961307525634766
0.0042400360107421875
0.004830598831176758
0.005044698715209961
0.003019571304321289
0.004607200622558594
0.004378318786621094
0.004246711730957031
0.004088401794433594
0.004489898681640625
0.0064241886138916016
0.0043981075286865234
0.0048596858978271484
0.003376483917236328
0.004251718521118164
0.004585742950439453
0.003945350646972656
0.004571437835693359
0.004221677780151367
0.005845546722412109
0.0038886070251464844
0.004308462142944336
0.006249666213989258
0.004480600357055664
0.005512237548828125
0.002724885940551758
0.005002260208129883
0.003730297088623047
0.004803895950317383
0.007579803466796875
0.004662990570068359
0.005403041839599609
0.006178855895996094
0.0036935806274414062
0.0037839412689208984
0.0047969818115234375
0.0046672821044921875
0.004691362380981445
0.007559776306152344
0.0037796497344970703
0.004224538803100586
0.0029973983764648438
0.003798246383666992
0.005414485931396484
0.003016948699951172
0.0043909549713134766
0.004740715026855469
0.0056231021881103516
0.004547119140625
0.003481626510620117
0.00437474250793457
0.005536556243896484
0.005423784255981445
0.0034859180450439453
0.00411677360534668
0.004024982452392578
0.0045316219329833984
0.0037915706634521484
0.0044023990631103516
0.0056154727935791016
0.005998134613037109
0.003963947296142578
0.005585193634033203
0.005667209625244141
0.003877401351928711
0.00495147705078125
0.004131793975830078
0.0036592483520507812
0.004508495330810547
0.004223823547363281
0.004638195037841797
0.004140377044677734
0.004148244857788086
0.0044765472412109375
0.0050661563873291016
0.005734443664550781
0.004976987838745117
0.004703044891357422
0.004507541656494141
0.003998994827270508
0.00534510612487793
0.004111766815185547
0.004786252975463867
0.004604816436767578
0.00501251220703125
0.0043888092041015625
0.004277467727661133
0.0035958290100097656
0.003459930419921875
0.003084421157836914
0.00571751594543457
0.0055201053619384766
0.0057146549224853516
0.005364656448364258
0.006378173828125
0.004773378372192383
0.005521297454833984
0.004616260528564453
0.006226301193237305
0.00430607795715332
0.0037441253662109375
0.00400090217590332
0.005164384841918945
0.004991769790649414
0.004220485687255859
0.0036759376525878906
0.004418134689331055
0.004027128219604492
0.0064203739166259766
0.0045964717864990234
0.003926753997802734
0.005044221878051758
0.005231022834777832
0.002955913543701172
0.0041522979736328125
0.0045588016510009766
0.003984928131103516
0.0046939849853515625
0.0050318241119384766
0.004777669906616211
0.003467082977294922
0.004128932952880859
0.006818056106567383
0.0053863525390625
0.003846883773803711
0.004080057144165039
0.004815578460693359
0.0035054683685302734
0.00393986701965332
0.003834962844848633
0.003139972686767578
0.004098653793334961
0.004377603530883789
0.004239797592163086
0.0042018890380859375
0.004709959030151367
0.004704475402832031
0.00672602653503418
0.005644798278808594
0.007182598114013672
0.004594564437866211
0.004657745361328125
0.0028002262115478516
0.005484819412231445
0.0032205581665039062
0.0041370391845703125
0.004951000213623047
0.004387617111206055
0.003899812698364258
0.00473785400390625
0.008244991302490234
0.004065752029418945
0.004590749740600586
0.0036170482635498047
0.0065724849700927734
0.005458831787109375
0.002803325653076172
0.004283428192138672
0.0043523311614990234
0.0035800933837890625
0.003930091857910156
0.004103422164916992
0.006135225296020508
0.004309654235839844
0.004819154739379883
0.003934621810913086
0.003325223922729492
0.004593610763549805
0.003238201141357422
0.0050165653228759766
0.0037283897399902344
0.005769252777099609
0.004000186920166016
0.006434917449951172
0.004765987396240234
0.004628896713256836
0.0045015811920166016
0.008594989776611328
0.005014181137084961
0.005252718925476074
0.004088163375854492
0.005166769027709961
0.005219697952270508
0.004183769226074219
0.0040891170501708984
0.003923654556274414
0.0038001537322998047
0.003695964813232422
0.004287004470825195
0.005057811737060547
0.004467964172363281
0.005786418914794922
0.0031175613403320312
0.0052187442779541016
0.004549503326416016
0.004824161529541016
0.004648685455322266
0.0049746036529541016
0.006097078323364258
0.00504302978515625
0.0045740604400634766
0.004898548126220703
0.005235433578491211
0.003609895706176758
0.006464719772338867
0.005011081695556641
0.00278472900390625
0.004008293151855469
0.0038275718688964844
0.007458925247192383
0.004202842712402344
0.004359006881713867
0.0035407543182373047
0.003994584083557129
0.002900362014770508
0.003442049026489258
0.003365039825439453
0.0039010047912597656
0.005692958831787109
0.006515026092529297
0.0054056644439697266
0.004785060882568359
0.006078004837036133
0.003620624542236328
0.004113435745239258
0.004522085189819336
0.00403594970703125
0.004971742630004883
0.003876924514770508
0.004106760025024414
0.003648996353149414
0.006465911865234375
0.0037851333618164062
0.003962278366088867
0.004704713821411133
0.003960609436035156
0.0036008358001708984
0.006188392639160156
0.0038299560546875
0.004101753234863281
0.0066127777099609375
0.0041387081146240234
0.003807544708251953
0.004143238067626953
0.004460334777832031
0.0069217681884765625
0.00465703010559082
0.003622770309448242
0.004257678985595703
0.005227804183959961
0.005226612091064453
0.004884243011474609
0.007562398910522461
0.0035190582275390625
0.0034799575805664062
0.0032744407653808594
0.003520965576171875
0.004070758819580078
0.004399538040161133
0.0036907196044921875
0.005922079086303711
0.006790637969970703
0.006486415863037109
0.003604888916015625
0.004854917526245117
0.0041964054107666016
0.00408482551574707
0.003514528274536133
0.0036923885345458984
0.00418400764465332
0.0039958953857421875
0.0040187835693359375
0.005146503448486328
0.004403591156005859
0.004988193511962891
0.004222869873046875
0.004705667495727539
0.0047032833099365234
0.0038979053497314453
0.005800485610961914
0.005387067794799805
0.00458836555480957
0.005230903625488281
0.004591941833496094
0.0044097900390625
0.004278421401977539
0.005671977996826172
0.004308938980102539
0.005102872848510742
0.004548311233520508
0.004602193832397461
0.003523111343383789
0.004694938659667969
0.00424647331237793
0.003613710403442383
0.004141092300415039
0.005456447601318359
0.005731105804443359
0.003271341323852539
0.0076236724853515625
0.0029447078704833984
0.0035750865936279297
0.0040187835693359375
0.00419926643371582
0.004421234130859375
0.003984689712524414
0.004248857498168945
0.003748655319213867
0.004838705062866211
0.006434202194213867
0.004687309265136719
0.004525423049926758
0.005996227264404297
0.004150390625
0.003851175308227539
0.005452871322631836
0.004413604736328125
0.005342841148376465
0.005473136901855469
0.004752159118652344
0.004411220550537109
0.003894329071044922
0.005499839782714844
0.0038247108459472656
0.00508880615234375
0.003440380096435547
0.005095005035400391
0.00474238395690918
0.005794048309326172
0.0043849945068359375
0.003983497619628906
0.005334138870239258
0.0023076534271240234
0.003941774368286133
0.0038962364196777344
0.0044727325439453125
0.00403285026550293
0.006251811981201172
0.00458526611328125
0.004729747772216797
0.0045931339263916016
0.004662752151489258
0.003245830535888672
0.00478816032409668
0.003412604331970215
0.005727291107177734
0.005205631256103516
0.005983591079711914
0.004572868347167969
0.004050254821777344
0.004987478256225586
0.003890514373779297
0.003715991973876953
0.004454135894775391
0.00460362434387207
0.004586458206176758
0.006955385208129883
0.003739595413208008
0.0038518905639648438
0.004064798355102539
0.005188703536987305
0.004465460777282715
0.004544973373413086
0.0037441253662109375
0.004150271415710449
0.0055484771728515625
0.003352642059326172
0.003518342971801758
0.004804134368896484
0.005448579788208008
0.004058122634887695
0.004799842834472656
0.003612041473388672
0.004441022872924805
0.0051517486572265625
0.004149198532104492
0.003177642822265625
0.005035400390625
0.004207611083984375
0.004521369934082031
0.007353544235229492
0.005206108093261719
0.004640817642211914
0.004806041717529297
0.004468679428100586
0.004809379577636719
0.005377054214477539
0.003732919692993164
0.004741668701171875
0.006489753723144531
0.0048503875732421875
0.004600048065185547
0.0038031339645385742
0.005414485931396484
0.0043032169342041016
0.0043485164642333984
0.0047168731689453125
0.007628440856933594
0.0062367916107177734
0.0049762725830078125
0.0040781497955322266
0.00468134880065918
0.004808664321899414
0.00464940071105957
0.0033779144287109375
0.004610538482666016
0.00543212890625
0.005768537521362305
0.004775047302246094
0.004183292388916016
0.004425525665283203
0.0044476985931396484
0.004591941833496094
0.0029976367950439453
0.004116535186767578
0.0042536258697509766
0.0042493343353271484
0.0028405189514160156
0.0022690296173095703
0.0053958892822265625
0.0027582645416259766
0.004580974578857422
0.0052814483642578125
0.004119873046875
0.005899310111999512
0.004012107849121094
0.003996133804321289
0.006959199905395508
0.004724860191345215
0.004148006439208984
0.004977703094482422
0.005316734313964844
0.003968954086303711
0.004117727279663086
0.003797292709350586
0.005599021911621094
0.004485607147216797
0.003842592239379883
0.005634784698486328
0.0026803016662597656
0.003958463668823242
0.004475593566894531
0.006512880325317383
0.00446319580078125
0.0040171146392822266
0.004429817199707031
0.003929615020751953
0.003151416778564453
0.005051374435424805
0.005233287811279297
0.004576444625854492
0.003930568695068359
0.004297018051147461
0.006522655487060547
0.005388975143432617
0.004360198974609375
0.00391840934753418
0.004909515380859375
0.003920316696166992
0.0039000511169433594
0.003873109817504883
0.005264878273010254
0.0029997825622558594
0.004259705543518066
0.003101348876953125
0.0037412643432617188
0.0042574405670166016
0.00566411018371582
0.0057184696197509766
0.0038063526153564453
0.005693197250366211
0.0050504207611083984
0.00629734992980957
0.0041582584381103516
0.00334930419921875
0.005203962326049805
0.003687620162963867
0.0034651756286621094
0.0036263465881347656
0.0051076412200927734
0.0046732425689697266
0.004908561706542969
0.004412412643432617
0.0042150020599365234
0.004569053649902344
0.004937171936035156
0.005258321762084961
0.004793882369995117
0.005636453628540039
0.004670381546020508
0.006838321685791016
0.003933429718017578
0.004560232162475586
0.0040874481201171875
0.0044286251068115234
0.005016803741455078
0.0041239261627197266
0.00556182861328125
0.004327297210693359
0.004362344741821289
0.0038301944732666016
0.006257772445678711
0.003973245620727539
0.004751920700073242
0.0039272308349609375
0.004567861557006836
0.005705118179321289
0.0058841705322265625
0.004810810089111328
0.004199981689453125
0.004006385803222656
0.003595113754272461
0.0035474300384521484
0.0040171146392822266
0.0040819644927978516
0.005097866058349609
0.006618976593017578
0.004405975341796875
0.00430750846862793
0.004618644714355469
0.005081057548522949
0.0042536258697509766
0.005345940589904785
0.00467681884765625
0.0030829906463623047
0.00527501106262207
0.0035600662231445312
