325.00568652153015
322.49308466911316
320.23749017715454
320.43745470046997
319.0540180206299
318.7292115688324
319.5671057701111
319.08771228790283
318.58675050735474
315.6233880519867
309.86366629600525
307.5785102844238
318.46661376953125
317.4600930213928
312.41063475608826
287.34950971603394
250.8925451040268
208.65110528469086
197.96926617622375
177.70654141902924
174.0652739405632
147.30772945284843
126.91819018125534
107.8839910030365
90.2120335996151
97.186350107193
89.26939007639885
81.17500346899033
66.57553884387016
73.44213196635246
55.90087601542473
53.57399341464043
56.4433659017086
47.33049103617668
40.841324120759964
30.921664535999298
40.338742852211
32.71737325191498
33.25406751036644
32.62460845708847
31.26023429632187
34.154405534267426
35.57030865550041
23.27492606639862
42.40578716993332
29.71304026246071
22.65243375301361
13.5575330555439
17.783699572086334
13.545740932226181
7.922218441963196
23.117589592933655
7.898467063903809
43.02369889616966
32.093655318021774
13.162052065134048
36.62096410989761
33.46384572982788
34.13095712661743
20.039981186389923
31.4838527739048
18.504686653614044
13.937181055545807
16.53911718726158
14.900991320610046
16.09179574251175
27.905180424451828
23.796626418828964
24.10225749015808
6.595322877168655
2.987562835216522
17.807753920555115
19.826298981904984
16.374809592962265
12.352730423212051
24.1875242292881
5.185320436954498
9.033215761184692
39.01152956485748
39.67010083794594
49.521136820316315
18.130742073059082
17.256451427936554
6.763845443725586
3.5646311044692993
2.511018931865692
0.17687225341796875
0.14503085613250732
6.988383084535599
19.170707017183304
22.932383596897125
11.99756982922554
44.14099246263504
31.734844654798508
41.258723229169846
29.774818867444992
15.094497203826904
48.011025696992874
63.12586307525635
55.0616600215435
62.55659484863281
52.28433331847191
56.62382137775421
24.45716482400894
47.03859941661358
46.71682292222977
14.10177567601204
23.5648992061615
53.90618842840195
15.975086599588394
7.749620318412781
10.428514987230301
9.093426048755646
3.2646838426589966
2.808282256126404
3.6415186524391174
0.6413461565971375
0.12319880723953247
0.9732296466827393
0.06727170944213867
0.022716641426086426
0.02798771858215332
0.057662129402160645
0.021507740020751953
0.006566762924194336
0.006830096244812012
0.00664210319519043
0.003744840621948242
0.0061457157135009766
0.014433026313781738
0.005563259124755859
0.0023363828659057617
0.03599274158477783
0.004497170448303223
0.015157341957092285
0.008272886276245117
0.013487935066223145
0.005292415618896484
0.0034824609756469727
0.0024733543395996094
0.003044724464416504
0.0035935640335083008
0.07926976680755615
0.004904985427856445
0.0009766817092895508
0.004323005676269531
0.0014672279357910156
0.002706766128540039
0.003881216049194336
0.010641813278198242
0.004247069358825684
0.000843048095703125
0.003231525421142578
0.0023872852325439453
0.001753091812133789
0.09556376934051514
0.040727853775024414
0.03473365306854248
0.0022066831588745117
0.0052825212478637695
0.003536224365234375
0.0017533302307128906
0.0008099079132080078
0.0017606019973754883
0.0006247758865356445
0.002427816390991211
0.0025066137313842773
0.010170578956604004
0.0009002685546875
0.0012184381484985352
0.0006172657012939453
0.0007731914520263672
0.0012511014938354492
0.0007662773132324219
0.0014597177505493164
0.00020503997802734375
0.0020270347595214844
0.0006573200225830078
0.0014317035675048828
0.00346529483795166
0.0015619993209838867
0.0003104209899902344
0.002077817916870117
0.0013430118560791016
0.002056598663330078
0.006018519401550293
0.002365708351135254
0.0015783309936523438
0.00045311450958251953
0.0012371540069580078
0.001526474952697754
0.0008550882339477539
0.0010024309158325195
0.001098036766052246
0.0009942054748535156
0.0005484819412231445
0.0011371374130249023
0.00042760372161865234
0.0006175041198730469
0.0005415678024291992
0.0008223056793212891
0.0012149810791015625
0.0008945465087890625
0.00042116641998291016
0.0003795623779296875
0.0008755922317504883
0.0010308027267456055
0.0006754398345947266
0.0008707046508789062
0.0011161565780639648
0.0008516311645507812
0.0008325576782226562
0.00044083595275878906
0.0007221698760986328
0.0009324550628662109
0.00036263465881347656
0.00041413307189941406
0.0004968643188476562
0.00025582313537597656
0.0007990598678588867
0.0007988214492797852
0.0005316734313964844
0.0009107589721679688
0.0005789995193481445
0.0006308555603027344
0.0011037588119506836
0.001226186752319336
0.0005998611450195312
0.0014172792434692383
0.0004889965057373047
0.0018023252487182617
0.0004394054412841797
0.0004775524139404297
0.00016641616821289062
0.0001933574676513672
0.0007578134536743164
0.001142740249633789
0.00044023990631103516
0.0004055500030517578
0.0002779960632324219
0.0005872249603271484
0.0005505084991455078
0.0005402565002441406
0.0004296302795410156
0.0008528232574462891
0.0003330707550048828
0.00037109851837158203
0.0008322000503540039
0.000580906867980957
0.0007570981979370117
0.00047850608825683594
0.0003719329833984375
0.0007246732711791992
0.0009795427322387695
0.0005491971969604492
0.0012431144714355469
0.0012581348419189453
0.0005452632904052734
0.000516057014465332
0.00029921531677246094
0.0003833770751953125
0.00015795230865478516
0.0008761882781982422
0.0004824399948120117
0.0003350973129272461
0.0006650686264038086
0.0005010366439819336
0.0006917715072631836
0.0002856254577636719
0.0006606578826904297
0.0006425380706787109
0.0006477832794189453
0.0005447864532470703
0.0006945133209228516
0.00019669532775878906
0.0007138252258300781
0.0006225109100341797
0.0003044605255126953
0.0005311965942382812
0.000457763671875
0.0009050369262695312
0.0007756948471069336
0.00015592575073242188
0.0005168914794921875
0.000979781150817871
0.00033092498779296875
0.00018167495727539062
0.00041794776916503906
0.00028204917907714844
0.0005550384521484375
0.0003972053527832031
0.0005186796188354492
0.0007408857345581055
0.00018739700317382812
0.0004000663757324219
0.0005190372467041016
0.000476837158203125
0.00042617321014404297
0.00021886825561523438
0.0004988908767700195
0.00041365623474121094
0.00041985511779785156
0.0007752180099487305
0.0006952285766601562
0.000598907470703125
0.00035583972930908203
0.0004901885986328125
0.0002129077911376953
0.0008387565612792969
0.0006074905395507812
0.0003165006637573242
0.00017309188842773438
0.0006417036056518555
0.0004891157150268555
0.00032341480255126953
0.0002269744873046875
0.0006273984909057617
0.00026345252990722656
0.0003685951232910156
0.00027751922607421875
0.0003170967102050781
0.0004940032958984375
0.0004080533981323242
0.0004876852035522461
0.00046706199645996094
0.00018286705017089844
0.0007964372634887695
0.0003762245178222656
0.0002884864807128906
0.00028252601623535156
0.00046050548553466797
0.0003216266632080078
0.0005257129669189453
0.00028443336486816406
0.00045490264892578125
0.0005328655242919922
0.0002646446228027344
0.0003712177276611328
0.0002200603485107422
0.0007381439208984375
0.00025069713592529297
0.0004502534866333008
0.00037407875061035156
0.0004825592041015625
0.0003032684326171875
0.00021529197692871094
0.00023984909057617188
0.0002557039260864258
0.0004209280014038086
0.0004968643188476562
0.0004730224609375
0.0008913278579711914
0.0005116462707519531
0.0003826618194580078
0.00019359588623046875
0.0003129243850708008
0.00021541118621826172
0.00035393238067626953
0.00032651424407958984
0.00023794174194335938
0.0001342296600341797
0.0003178119659423828
0.00034689903259277344
0.00048661231994628906
0.00016450881958007812
0.0004693269729614258
0.00033164024353027344
0.00041961669921875
0.0010308027267456055
0.0003088712692260742
0.00044417381286621094
0.0007573366165161133
0.00044846534729003906
0.00041937828063964844
0.0006109476089477539
0.0003050565719604492
0.0002351999282836914
0.00013065338134765625
0.00022363662719726562
0.0004286766052246094
0.00029075145721435547
0.0005022287368774414
0.0001780986785888672
0.00032401084899902344
0.00043332576751708984
0.00039505958557128906
0.000672459602355957
0.0002626180648803711
0.0003756284713745117
0.0002961158752441406
0.00017547607421875
0.00024771690368652344
0.00038945674896240234
0.000525355339050293
0.0004124641418457031
0.00014066696166992188
0.0005500316619873047
0.0004794597625732422
0.0003114938735961914
0.0003775358200073242
0.000577092170715332
0.0005315542221069336
0.0003101825714111328
0.0006101131439208984
0.00021028518676757812
0.0002372264862060547
0.00035893917083740234
0.0003763437271118164
0.0003592967987060547
0.0002868175506591797
0.00019121170043945312
0.00040972232818603516
0.0003254413604736328
0.00022327899932861328
0.0004335641860961914
0.0005594491958618164
0.00067901611328125
0.0002627372741699219
0.00017952919006347656
0.0004786252975463867
0.0006113052368164062
0.00021266937255859375
0.00035500526428222656
0.0003116130828857422
0.0002523660659790039
0.0001842975616455078
0.0002627372741699219
0.0003211498260498047
0.00016415119171142578
0.00013709068298339844
0.00044333934783935547
0.00015115737915039062
0.00033652782440185547
0.0002315044403076172
0.0007727146148681641
0.00017213821411132812
0.0004736185073852539
0.0006536245346069336
0.00022900104522705078
0.0003261566162109375
0.00014591217041015625
0.0005240440368652344
0.00024521350860595703
0.0002334117889404297
0.0003383159637451172
0.0002624988555908203
0.0003027915954589844
0.00019598007202148438
0.0003808736801147461
0.0004744529724121094
0.00024271011352539062
0.0002617835998535156
0.0002866983413696289
0.0001957416534423828
0.00024640560150146484
0.00017547607421875
0.00018072128295898438
0.00047850608825683594
0.0003980398178100586
0.0004583597183227539
0.0004239082336425781
0.000396728515625
0.00028705596923828125
0.0001977682113647461
0.00020194053649902344
0.00015878677368164062
0.00020384788513183594
0.0005600452423095703
0.0004341602325439453
0.0004597902297973633
0.0003198385238647461
0.0003910064697265625
0.0002721548080444336
0.0003197193145751953
0.0003542900085449219
0.0006660223007202148
0.0004082918167114258
0.00021779537200927734
0.00011682510375976562
0.00021529197692871094
0.00036144256591796875
0.0006613731384277344
0.0005571842193603516
0.0004285573959350586
0.00033283233642578125
0.0004146099090576172
0.0002574920654296875
0.0006116628646850586
0.0003108978271484375
0.00011372566223144531
0.0001513957977294922
0.0002703666687011719
0.0002846717834472656
0.0002040863037109375
0.00038373470306396484
0.00033545494079589844
0.000370025634765625
0.00023317337036132812
0.0003129243850708008
0.0001518726348876953
0.0002028942108154297
0.00025534629821777344
0.00024008750915527344
0.0002646446228027344
0.0002218484878540039
0.0003069639205932617
9.715557098388672e-05
0.000555872917175293
0.0003039836883544922
0.0004553794860839844
0.000194549560546875
0.000217437744140625
0.000354766845703125
0.0003350973129272461
0.00020265579223632812
0.00011849403381347656
0.00011372566223144531
0.000552058219909668
0.00041687488555908203
0.0002512931823730469
0.00031304359436035156
0.0004228353500366211
0.0005326271057128906
0.0002473592758178711
0.00046253204345703125
0.00013756752014160156
0.00036144256591796875
0.0004590749740600586
0.0002701282501220703
9.274482727050781e-05
0.00028061866760253906
0.00045800209045410156
0.00038504600524902344
0.00022673606872558594
0.0001862049102783203
0.00015926361083984375
0.0002720355987548828
0.0004627704620361328
0.0002605915069580078
0.00010991096496582031
0.00035119056701660156
0.0006196498870849609
0.0003006458282470703
6.771087646484375e-05
0.00034105777740478516
0.00023543834686279297
0.00013947486877441406
0.00035512447357177734
0.00022554397583007812
0.0005687475204467773
0.0003714561462402344
0.0003459453582763672
0.0004297494888305664
0.00028061866760253906
0.00015747547149658203
0.00019943714141845703
0.00023555755615234375
0.000263214111328125
0.000324249267578125
0.0002868175506591797
0.00018596649169921875
0.00028836727142333984
0.00038421154022216797
0.0003795623779296875
0.00015163421630859375
0.00036406517028808594
0.0001380443572998047
0.00043511390686035156
0.00033092498779296875
0.0003478527069091797
0.00023651123046875
0.00017940998077392578
0.000171661376953125
0.0002868175506591797
0.0002460479736328125
0.00043952465057373047
0.00019216537475585938
0.0003401041030883789
0.0001418590545654297
0.0003770589828491211
0.0001666545867919922
0.00014662742614746094
0.00026106834411621094
0.0001735687255859375
0.0002167224884033203
0.00024759769439697266
0.00027561187744140625
0.0001442432403564453
0.0001418590545654297
0.0003669261932373047
0.0002493858337402344
0.0001685619354248047
0.00024819374084472656
0.0004087686538696289
0.0004684925079345703
0.00028443336486816406
0.00037920475006103516
0.0003151893615722656
0.0002701282501220703
0.00044655799865722656
0.0004023313522338867
0.00019431114196777344
0.0001590251922607422
0.00017499923706054688
0.00031495094299316406
0.0005038976669311523
0.00016808509826660156
0.00036704540252685547
0.00022268295288085938
0.0003600120544433594
0.0003046989440917969
0.0004985332489013672
0.00025010108947753906
0.00013208389282226562
0.00027370452880859375
0.00012767314910888672
0.0001087188720703125
0.00030803680419921875
0.0003077983856201172
0.00041794776916503906
0.00011420249938964844
0.0002357959747314453
0.00023794174194335938
0.00019788742065429688
0.0003025531768798828
0.0003845691680908203
0.0006164312362670898
0.0002652406692504883
0.0002498626708984375
0.0004951953887939453
0.0005195140838623047
0.0002589225769042969
0.00021696090698242188
0.00033414363861083984
0.00021648406982421875
9.059906005859375e-05
0.0001366138458251953
0.000491023063659668
0.0001246929168701172
0.00021708011627197266
0.0004557371139526367
0.00033855438232421875
0.0003483295440673828
0.000217437744140625
0.00023126602172851562
0.00011014938354492188
0.00018477439880371094
0.0003496408462524414
0.00028824806213378906
0.00048339366912841797
0.0002753734588623047
0.0001951456069946289
0.0002644062042236328
0.0001919269561767578
0.00032210350036621094
0.0002665519714355469
0.0003666877746582031
0.0004917383193969727
0.00019288063049316406
0.00037932395935058594
0.00038683414459228516
0.0002079010009765625
0.00020313262939453125
0.00013899803161621094
0.00039768218994140625
9.560585021972656e-05
0.00026154518127441406
0.00010633468627929688
0.00036835670471191406
0.0003885030746459961
0.00010943412780761719
0.00011539459228515625
0.00025534629821777344
0.00040090084075927734
0.0003110170364379883
0.00021719932556152344
0.0003631114959716797
0.0002779960632324219
0.00011181831359863281
0.00015592575073242188
0.00027108192443847656
0.0002741813659667969
0.00043189525604248047
0.0004303455352783203
0.0002435445785522461
0.00027179718017578125
0.00042700767517089844
0.0001647472381591797
0.0002505779266357422
0.00026535987854003906
0.00016260147094726562
0.00031638145446777344
7.545948028564453e-05
0.0001513957977294922
0.00027811527252197266
0.00028967857360839844
0.00032961368560791016
0.0003261566162109375
0.00010442733764648438
0.00018274784088134766
0.000286102294921875
0.00011014938354492188
0.00035881996154785156
0.00024271011352539062
0.00017833709716796875
0.00021195411682128906
0.00042128562927246094
0.00027823448181152344
0.00028693675994873047
0.00015401840209960938
0.0003829002380371094
0.00019407272338867188
0.000293731689453125
0.00030040740966796875
0.00026547908782958984
0.00045371055603027344
0.00028824806213378906
0.00021886825561523438
0.00010275840759277344
0.0002803802490234375
0.0003027915954589844
0.0001817941665649414
0.00045180320739746094
0.00034809112548828125
0.0005899667739868164
0.0001354217529296875
0.0001323223114013672
0.00028586387634277344
0.0002872943878173828
0.00019288063049316406
8.940696716308594e-05
0.00027573108673095703
0.00019073486328125
0.0002014636993408203
0.00017881393432617188
0.0002944469451904297
0.00018143653869628906
0.00013899803161621094
0.0002841949462890625
0.00022649765014648438
0.0002810955047607422
0.0003123283386230469
0.0002652406692504883
0.00021076202392578125
0.00030791759490966797
0.00026810169219970703
0.00012969970703125
0.0003159046173095703
0.0003247261047363281
0.00012862682342529297
0.00022912025451660156
0.000331878662109375
0.0001627206802368164
0.00019478797912597656
0.00032770633697509766
0.00013780593872070312
0.0003151893615722656
0.0001895427703857422
0.00015282630920410156
0.00028443336486816406
0.00037169456481933594
0.00015234947204589844
0.0003955364227294922
0.00031125545501708984
0.000156402587890625
0.00023293495178222656
0.0002620220184326172
0.00018978118896484375
0.0001575946807861328
0.00021409988403320312
0.00015926361083984375
0.0002503395080566406
0.00022792816162109375
0.0003752708435058594
0.000232696533203125
0.0002586841583251953
0.0003287792205810547
0.0001628398895263672
0.0002560615539550781
0.0003758668899536133
0.0005056858062744141
0.00034618377685546875
0.00020968914031982422
0.0002446174621582031
0.0001766681671142578
0.00024962425231933594
0.00019097328186035156
0.00019073486328125
0.0003688335418701172
0.00019490718841552734
0.00015735626220703125
0.00010848045349121094
0.00032269954681396484
0.00022149085998535156
0.00024008750915527344
0.0003756284713745117
0.00037157535552978516
0.0002338886260986328
0.0003287792205810547
0.00020384788513183594
0.00031256675720214844
0.00024008750915527344
0.00022482872009277344
0.00026667118072509766
0.00018537044525146484
0.00034308433532714844
0.0004642009735107422
0.00016379356384277344
0.0002498626708984375
0.00016188621520996094
0.00017631053924560547
0.00017583370208740234
0.00021600723266601562
0.00016427040100097656
0.0003739595413208008
0.0004909038543701172
0.0001729726791381836
0.0003173351287841797
0.0002040863037109375
0.00014781951904296875
0.0003783702850341797
0.0002002716064453125
0.00014281272888183594
0.00033104419708251953
0.00022125244140625
0.0002052783966064453
0.00040662288665771484
0.00025963783264160156
0.00025582313537597656
0.0001232624053955078
0.0001952648162841797
0.0005027055740356445
0.0002086162567138672
0.00020503997802734375
0.00025284290313720703
0.00043320655822753906
0.00012564659118652344
0.00024080276489257812
0.00015664100646972656
0.0004165172576904297
0.0001437664031982422
0.0003485679626464844
0.0002238750457763672
0.0002665519714355469
0.00015091896057128906
0.00014829635620117188
0.0004601478576660156
0.00016498565673828125
0.00014162063598632812
0.00019288063049316406
0.00032401084899902344
0.00026357173919677734
0.00029337406158447266
0.00033783912658691406
0.00042557716369628906
0.00017333030700683594
0.00013685226440429688
0.00016105175018310547
0.0002105236053466797
6.818771362304688e-05
0.00018858909606933594
0.00014734268188476562
0.0002257823944091797
0.0002560615539550781
0.000293731689453125
0.00040793418884277344
0.00030922889709472656
0.00024962425231933594
0.00038063526153564453
0.00020837783813476562
0.0002238750457763672
0.0002466440200805664
0.0002281665802001953
0.00031113624572753906
0.0002617835998535156
0.00029969215393066406
0.00023043155670166016
0.00013315677642822266
0.0001842975616455078
0.0002014636993408203
0.0002281665802001953
0.00033485889434814453
9.441375732421875e-05
0.0003218650817871094
7.748603820800781e-05
0.00015544891357421875
0.00011873245239257812
0.000354766845703125
0.0006109476089477539
0.00044214725494384766
0.00012803077697753906
0.00018489360809326172
0.00011801719665527344
0.00015497207641601562
0.00020503997802734375
0.00016498565673828125
0.00014328956604003906
0.00035822391510009766
0.00035500526428222656
0.00024390220642089844
0.00016927719116210938
0.0001220703125
0.0004048347473144531
0.00018548965454101562
0.00014710426330566406
0.0002994537353515625
0.00011551380157470703
0.0001747608184814453
0.0003032684326171875
0.00010943412780761719
0.00012087821960449219
0.00021600723266601562
0.00023794174194335938
0.0003323554992675781
0.0005593299865722656
0.00028896331787109375
0.00030803680419921875
0.00014781951904296875
0.00013399124145507812
9.202957153320312e-05
0.0003991127014160156
0.0002740621566772461
0.00026988983154296875
0.0002434253692626953
0.0001704692840576172
0.00033092498779296875
0.0001583099365234375
0.0005391836166381836
0.00014138221740722656
0.00014126300811767578
0.00027120113372802734
0.0002803802490234375
0.00012755393981933594
0.00016021728515625
0.00021505355834960938
0.00018203258514404297
0.0002187490463256836
0.00028574466705322266
0.00022649765014648438
0.000255584716796875
0.00027179718017578125
0.0002684593200683594
0.0002886056900024414
0.00042247772216796875
0.0003657341003417969
0.00025153160095214844
0.00019931793212890625
0.00027167797088623047
0.00019431114196777344
6.341934204101562e-05
0.00023126602172851562
0.00030994415283203125
0.0001246929168701172
0.00019121170043945312
0.0003695487976074219
0.00030744075775146484
0.0002503395080566406
0.0002608299255371094
0.0002810955047607422
0.00032067298889160156
0.0001811981201171875
0.0004464387893676758
0.00018477439880371094
0.0003064870834350586
0.00033926963806152344
0.0001392364501953125
0.00022149085998535156
0.00016689300537109375
0.00016629695892333984
0.000213623046875
0.00026869773864746094
0.0003820657730102539
0.0001590251922607422
0.0001227855682373047
0.00031888484954833984
0.00016999244689941406
0.00040853023529052734
0.0002524852752685547
0.00016999244689941406
0.00010538101196289062
0.00015020370483398438
0.0003535747528076172
0.0002741813659667969
0.00022745132446289062
0.00014662742614746094
0.0002307891845703125
0.00010061264038085938
0.00010848045349121094
0.0004056692123413086
0.00040137767791748047
0.00011730194091796875
6.29425048828125e-05
6.151199340820312e-05
0.00028228759765625
0.0003452301025390625
0.0001347064971923828
0.00017309188842773438
0.00028252601623535156
0.00016820430755615234
0.00025773048400878906
0.00016808509826660156
0.00018644332885742188
0.00014829635620117188
0.0003216266632080078
0.0001697540283203125
0.00034606456756591797
0.0003066062927246094
0.00028777122497558594
0.00023937225341796875
0.00023293495178222656
0.0004159212112426758
0.00026917457580566406
0.00029540061950683594
0.00014269351959228516
0.0003979206085205078
0.00012087821960449219
0.0003757476806640625
0.00010561943054199219
0.0003008842468261719
0.00043702125549316406
0.00019812583923339844
0.00031888484954833984
0.00028061866760253906
0.000278472900390625
0.00016117095947265625
0.00026226043701171875
0.0003209114074707031
0.00032329559326171875
0.0003490447998046875
0.0001888275146484375
0.0002884864807128906
0.0001888275146484375
0.00014519691467285156
0.0001475811004638672
0.0003407001495361328
0.00016832351684570312
0.00016999244689941406
0.0002956390380859375
0.0001285076141357422
0.0004004240036010742
0.00012922286987304688
0.0001697540283203125
0.00026726722717285156
0.0003452301025390625
0.0001952648162841797
0.00021338462829589844
0.0002162456512451172
0.00020813941955566406
0.0002486705780029297
0.00010204315185546875
0.00019919872283935547
0.00042176246643066406
0.00016355514526367188
0.00016021728515625
0.00025713443756103516
0.0002351999282836914
0.0003718137741088867
0.00037610530853271484
0.0003247261047363281
0.0003635883331298828
0.00012803077697753906
0.00025141239166259766
0.00034809112548828125
0.0002123117446899414
0.0001506805419921875
0.00025916099548339844
0.0001304149627685547
0.00024187564849853516
0.00015735626220703125
0.00023055076599121094
0.00030040740966796875
0.00022077560424804688
0.00036144256591796875
0.00032913684844970703
0.00020003318786621094
0.00012993812561035156
0.0002384185791015625
0.00010132789611816406
0.00022935867309570312
0.00016689300537109375
0.00019168853759765625
0.0003781318664550781
0.0002288818359375
0.00020611286163330078
0.00019478797912597656
0.00028574466705322266
0.00011682510375976562
0.0001685619354248047
8.034706115722656e-05
0.00025391578674316406
0.00020003318786621094
0.0001704692840576172
0.0004534721374511719
0.00020623207092285156
0.0002702474594116211
0.0002549886703491211
0.00028324127197265625
0.0002486705780029297
0.0004297494888305664
8.20159912109375e-05
0.00022840499877929688
0.000148773193359375
0.00030744075775146484
0.00037848949432373047
0.0002262592315673828
0.000171661376953125
0.0002639293670654297
0.00030684471130371094
0.0002598762512207031
0.0001571178436279297
0.00022411346435546875
0.0003514289855957031
0.00017571449279785156
0.0002734661102294922
0.00013065338134765625
0.000255584716796875
0.00017154216766357422
0.000354766845703125
0.00016617774963378906
0.00010514259338378906
0.0003889799118041992
0.00011754035949707031
0.00014495849609375
0.00020933151245117188
0.00011444091796875
0.00018525123596191406
0.0001506805419921875
0.00019478797912597656
0.00012683868408203125
0.0005632638931274414
0.00013375282287597656
0.00017082691192626953
0.0003323554992675781
0.0002878904342651367
0.00023818016052246094
0.00037550926208496094
6.29425048828125e-05
0.0002353191375732422
0.00034987926483154297
0.0002231597900390625
0.00024509429931640625
0.00010919570922851562
0.0001842975616455078
0.00027489662170410156
0.0003122091293334961
0.00015163421630859375
8.845329284667969e-05
0.00016117095947265625
0.0005707740783691406
0.00010371208190917969
0.0002951622009277344
0.0004475116729736328
0.0003199577331542969
0.00011372566223144531
0.00033354759216308594
0.0002067089080810547
0.0003495216369628906
0.0003581047058105469
0.0003266334533691406
0.00012087821960449219
0.0002758502960205078
0.0001302957534790039
0.0003198385238647461
0.00024175643920898438
0.00023746490478515625
0.00010728836059570312
0.0002549886703491211
0.00010728836059570312
0.00017499923706054688
0.0005183219909667969
0.0001900196075439453
0.0001671314239501953
0.0001819133758544922
0.00021314620971679688
0.000244140625
0.00036466121673583984
0.00025212764739990234
0.0003056526184082031
0.00010919570922851562
0.00020647048950195312
0.0001709461212158203
0.0001595020294189453
0.0003293752670288086
0.0001513957977294922
0.00019979476928710938
0.0002582073211669922
0.0002803802490234375
0.00013017654418945312
0.0003179311752319336
0.00018644332885742188
0.0005092620849609375
0.00022542476654052734
0.00015473365783691406
0.00018727779388427734
0.0002124309539794922
0.0002167224884033203
0.00022363662719726562
0.0001804828643798828
6.794929504394531e-05
0.00022780895233154297
0.0001697540283203125
0.00041234493255615234
0.00035881996154785156
0.000244140625
0.00019848346710205078
0.0002944469451904297
0.00018286705017089844
0.00023245811462402344
0.00036215782165527344
0.0003440380096435547
0.00027370452880859375
0.00019478797912597656
0.00031447410583496094
0.00010251998901367188
0.0001773834228515625
0.00033080577850341797
0.00011324882507324219
0.00022077560424804688
0.0002410411834716797
0.00022792816162109375
9.608268737792969e-05
0.0003694295883178711
0.00017023086547851562
0.00015413761138916016
0.00011360645294189453
0.0001404285430908203
0.0005421638488769531
0.0003342628479003906
0.0002281665802001953
0.00016260147094726562
9.5367431640625e-05
0.0003979206085205078
0.0002963542938232422
0.0001804828643798828
0.0003031492233276367
0.00015211105346679688
0.0003101825714111328
0.0002728700637817383
0.0001595020294189453
0.0003197193145751953
0.0003039836883544922
0.0002834796905517578
0.0001614093780517578
0.00024890899658203125
0.00011086463928222656
0.00024139881134033203
0.0001615285873413086
0.00027561187744140625
0.0002582073211669922
0.00022649765014648438
0.00022077560424804688
0.0002510547637939453
0.00018775463104248047
0.00012922286987304688
0.00010204315185546875
0.0003142356872558594
0.00020551681518554688
0.0002321004867553711
0.00023031234741210938
0.00010061264038085938
0.00019478797912597656
0.0002193450927734375
0.0002770423889160156
0.0003714561462402344
0.0001971721649169922
0.0003032684326171875
9.179115295410156e-05
0.0002694129943847656
7.486343383789062e-05
0.0003466606140136719
0.00034689903259277344
0.00019729137420654297
0.00032520294189453125
0.000194549560546875
0.0002944469451904297
0.00016570091247558594
0.00027191638946533203
0.00027740001678466797
0.00038444995880126953
0.00017881393432617188
0.0002758502960205078
0.00011432170867919922
0.00017714500427246094
0.00011682510375976562
0.00033271312713623047
0.00022935867309570312
0.0003714561462402344
0.0002231597900390625
0.0001552104949951172
0.00035858154296875
9.894371032714844e-05
0.00022125244140625
0.00022137165069580078
0.00015807151794433594
0.0002911090850830078
0.00040900707244873047
7.486343383789062e-05
0.0001552104949951172
0.00014138221740722656
0.0003299713134765625
0.00020623207092285156
0.00014853477478027344
0.0002855062484741211
0.00020503997802734375
0.0002124309539794922
0.00023889541625976562
0.00024020671844482422
0.0001800060272216797
0.00022113323211669922
0.0001964569091796875
0.0002434253692626953
0.0001227855682373047
0.0001888275146484375
0.00016808509826660156
0.00015211105346679688
0.0003657341003417969
0.00023484230041503906
0.00036466121673583984
0.00019979476928710938
0.000438690185546875
0.0003554821014404297
0.0002503395080566406
0.00019311904907226562
0.00030481815338134766
0.0002982616424560547
0.00015115737915039062
0.0003368854522705078
0.0001939535140991211
0.00021350383758544922
0.00013697147369384766
0.00029027462005615234
0.00016415119171142578
0.00014495849609375
0.0002219676971435547
8.559226989746094e-05
9.655952453613281e-05
0.00024628639221191406
0.000354766845703125
0.0001728534698486328
0.00012862682342529297
0.0003027915954589844
0.000377655029296875
0.00020885467529296875
0.0002872943878173828
0.0002378225326538086
0.000316619873046875
0.000270843505859375
0.00010752677917480469
0.0002837181091308594
0.0001392364501953125
0.0002617835998535156
0.00030159950256347656
0.00021588802337646484
0.00029265880584716797
0.0002887248992919922
0.0002589225769042969
0.00017881393432617188
0.0002448558807373047
0.00032067298889160156
0.0002791881561279297
0.00010991096496582031
0.00019919872283935547
0.0002862215042114258
0.0002675056457519531
0.0002472400665283203
0.0001537799835205078
0.00038492679595947266
0.00015974044799804688
0.00022208690643310547
8.916854858398438e-05
0.00015115737915039062
0.00019633769989013672
0.00010657310485839844
0.00038301944732666016
0.00020647048950195312
0.00043129920959472656
0.0004235506057739258
0.00021576881408691406
0.00010585784912109375
0.0002410411834716797
0.0002949237823486328
0.0003325939178466797
0.00013017654418945312
0.0003676414489746094
0.0001895427703857422
0.0003012418746948242
0.00044333934783935547
0.0003045797348022461
0.00017547607421875
0.00011658668518066406
0.0001633167266845703
0.0002593994140625
0.0001819133758544922
8.0108642578125e-05
0.0004982948303222656
0.00047087669372558594
0.00021409988403320312
0.00015115737915039062
0.0002048015594482422
0.00021648406982421875
0.0002465248107910156
8.726119995117188e-05
0.00027489662170410156
0.000213623046875
0.00026917457580566406
0.00017714500427246094
0.00018095970153808594
0.0001163482666015625
7.009506225585938e-05
0.0002808570861816406
0.0002574920654296875
0.0002071857452392578
0.0001659393310546875
0.00012969970703125
0.0001264810562133789
0.0003578662872314453
0.00015056133270263672
0.0002772808074951172
0.00040853023529052734
0.0001614093780517578
0.00015354156494140625
0.0003885030746459961
0.00020229816436767578
0.0002448558807373047
0.00019121170043945312
0.00015401840209960938
0.00042438507080078125
0.000247955322265625
0.00011992454528808594
0.0001246929168701172
8.988380432128906e-05
0.00022673606872558594
0.0004153251647949219
0.00021660327911376953
0.00023746490478515625
0.00026679039001464844
0.00018644332885742188
0.0006099939346313477
9.846687316894531e-05
0.00017368793487548828
0.0002617835998535156
0.00034987926483154297
0.0001958608627319336
0.00026035308837890625
0.0003126859664916992
0.0003129243850708008
0.00025844573974609375
0.0002110004425048828
0.0003504753112792969
0.00013828277587890625
0.00011992454528808594
0.00011587142944335938
0.00023555755615234375
0.00013136863708496094
0.00013947486877441406
7.939338684082031e-05
0.0002219676971435547
0.0005364418029785156
0.00022268295288085938
0.00016570091247558594
0.0002040863037109375
0.00020229816436767578
0.0005804300308227539
0.00022041797637939453
0.0003116130828857422
0.00034117698669433594
0.0002665519714355469
0.00010395050048828125
0.00038695335388183594
0.00012803077697753906
0.0001690387725830078
0.00019216537475585938
0.0001404285430908203
0.00017976760864257812
0.00011205673217773438
0.00034356117248535156
0.0001442432403564453
0.0003063678741455078
0.00026738643646240234
0.00014328956604003906
0.00025010108947753906
0.0002129077911376953
0.00015616416931152344
0.00028145313262939453
0.00016236305236816406
0.00015211105346679688
0.0002608299255371094
0.0006123781204223633
0.00011110305786132812
0.00018334388732910156
0.00024318695068359375
0.00018644332885742188
0.00015425682067871094
0.00014090538024902344
0.000324249267578125
0.0001590251922607422
0.00011360645294189453
0.00022804737091064453
0.00014007091522216797
0.0003371238708496094
0.00013947486877441406
0.00022304058074951172
0.00013756752014160156
0.0001806020736694336
0.00041806697845458984
0.00017833709716796875
0.00029277801513671875
0.0001938343048095703
0.00021159648895263672
0.00021123886108398438
0.0002753734588623047
0.0002448558807373047
0.0002384185791015625
9.012222290039062e-05
0.0004589557647705078
0.0005170106887817383
0.0002129077911376953
0.0002815723419189453
0.00023889541625976562
0.00011229515075683594
0.00034427642822265625
0.00018072128295898438
0.0002536773681640625
0.00013709068298339844
0.00016105175018310547
0.0003724098205566406
0.0002453327178955078
0.0001825094223022461
0.0001537799835205078
0.00012302398681640625
0.00012743473052978516
0.0001380443572998047
0.0005843639373779297
0.0002338886260986328
0.00010728836059570312
0.00020360946655273438
0.00013446807861328125
0.0001239776611328125
7.939338684082031e-05
0.00014710426330566406
0.0002090930938720703
0.00017261505126953125
0.0003032684326171875
0.00028717517852783203
0.00021469593048095703
0.00021505355834960938
0.0002473592758178711
8.106231689453125e-05
0.00022518634796142578
0.00021123886108398438
0.0001418590545654297
0.0004582405090332031
0.0002931356430053711
0.0002067089080810547
0.00011420249938964844
0.0001900196075439453
0.0001798868179321289
0.00032019615173339844
0.00017595291137695312
0.00039124488830566406
0.0003056526184082031
0.000446319580078125
0.0002453327178955078
0.00038242340087890625
0.0001468658447265625
0.0003625154495239258
0.0001499652862548828
0.0003185272216796875
0.0001329183578491211
0.0001424551010131836
0.0003476142883300781
0.0001995563507080078
0.0005154609680175781
8.940696716308594e-05
0.00019073486328125
0.00022721290588378906
0.0003725290298461914
0.00010275840759277344
0.00019371509552001953
0.0001366138458251953
0.0001380443572998047
0.00023114681243896484
0.00024580955505371094
0.00025725364685058594
0.00042819976806640625
0.00010633468627929688
0.00024700164794921875
0.00025343894958496094
0.00023984909057617188
0.0002961158752441406
0.00022482872009277344
0.00035452842712402344
0.00016498565673828125
0.00024819374084472656
0.0002677440643310547
0.0001437664031982422
0.0002238750457763672
0.0001614093780517578
0.00013208389282226562
0.0003380775451660156
0.00011610984802246094
0.00022614002227783203
0.0001862049102783203
0.0003012418746948242
0.00014328956604003906
0.0002727508544921875
0.0002760887145996094
5.125999450683594e-05
0.0003679990768432617
0.0002028942108154297
0.00025093555450439453
0.00011563301086425781
0.0002655982971191406
0.00013184547424316406
7.414817810058594e-05
0.0002014636993408203
0.00022840499877929688
0.0003927946090698242
0.0002639293670654297
0.0002428293228149414
0.0002740621566772461
0.00038433074951171875
0.0003654956817626953
0.00015044212341308594
0.0003223419189453125
0.00038683414459228516
0.00023484230041503906
0.00019240379333496094
9.775161743164062e-05
0.00023317337036132812
9.679794311523438e-05
0.0003808736801147461
0.0002741813659667969
0.00022268295288085938
0.00029754638671875
0.0002288818359375
0.0002918243408203125
0.000400543212890625
0.0001544952392578125
0.00019311904907226562
0.00010585784912109375
0.00012683868408203125
0.00018477439880371094
0.00013327598571777344
0.00018167495727539062
0.00016188621520996094
0.00013196468353271484
0.00019311904907226562
0.00040435791015625
0.0002834796905517578
0.00015556812286376953
0.0005435943603515625
0.0001417398452758789
0.00018656253814697266
0.00022864341735839844
0.00017881393432617188
0.00015604496002197266
0.0005195140838623047
0.0002567768096923828
0.0003960132598876953
0.0002143383026123047
0.00026166439056396484
0.00012087821960449219
7.224082946777344e-05
0.00020122528076171875
0.00028967857360839844
0.00040352344512939453
0.0002837181091308594
0.00030541419982910156
0.0002790689468383789
0.00016617774963378906
0.00021028518676757812
0.0001665353775024414
0.00012493133544921875
0.00014829635620117188
0.0003390312194824219
0.000213623046875
0.0003070831298828125
0.00015354156494140625
0.00028133392333984375
0.00012826919555664062
0.00015115737915039062
0.0003223419189453125
0.0001881122589111328
0.00017976760864257812
8.320808410644531e-05
0.00015687942504882812
0.00023055076599121094
0.00026166439056396484
0.00013375282287597656
0.00030612945556640625
0.0002911090850830078
0.0005204677581787109
0.00028634071350097656
0.0003123283386230469
0.00016164779663085938
0.0002543926239013672
0.00023174285888671875
0.00010752677917480469
0.00016546249389648438
