325.05422616004944
323.46854734420776
322.55178928375244
322.1499180793762
321.27739453315735
320.9718792438507
319.3216495513916
318.62331795692444
319.15826058387756
319.0114641189575
318.64483857154846
317.75865507125854
318.55530190467834
316.81865787506104
315.04945611953735
302.5668134689331
283.44868087768555
272.65205121040344
242.71728384494781
217.63667857646942
203.78736889362335
174.47012275457382
158.44957333803177
142.50862914323807
123.42964315414429
116.60125374794006
95.02156153321266
79.20878830552101
85.46679729223251
69.97191175818443
66.82360583543777
50.0151689350605
56.42692667245865
46.5694705247879
28.77447345852852
34.86138042807579
22.889241009950638
21.17327445745468
25.444949746131897
27.751161605119705
12.810107707977295
12.7992644906044
24.63524490594864
13.210891753435135
8.898264944553375
12.348130524158478
17.6256884932518
13.408555328845978
13.09951514005661
15.280712366104126
13.993412792682648
10.877336859703064
5.166272282600403
1.9295572638511658
0.34295129776000977
0.1277674436569214
4.049554705619812
9.267961204051971
16.32665318250656
7.342263758182526
6.011154532432556
1.0708316564559937
0.4532198905944824
3.393872082233429
8.89824241399765
2.4294837713241577
5.9866721630096436
7.447873890399933
0.457827091217041
1.7089494466781616
0.1676497459411621
0.1232290267944336
0.040796875953674316
0.037019968032836914
0.037956833839416504
0.030800580978393555
2.1657336950302124
3.5180634260177612
0.6453955173492432
7.418312966823578
1.3106493949890137
1.9797724485397339
9.298507750034332
2.4236382842063904
0.42691612243652344
0.7721084356307983
0.40034615993499756
1.7217293977737427
0.31589174270629883
0.5819156169891357
5.1250773668289185
2.2544344067573547
0.13389694690704346
0.3196084499359131
0.18501245975494385
0.039636850357055664
0.02950608730316162
0.03876924514770508
0.032833218574523926
0.021418213844299316
0.01488339900970459
0.015406966209411621
0.026059627532958984
0.017595410346984863
0.011610865592956543
0.015386819839477539
0.008000731468200684
0.009624123573303223
0.026341557502746582
0.008992671966552734
0.0074013471603393555
0.01274871826171875
0.009988069534301758
0.00782620906829834
0.008604168891906738
0.005396008491516113
0.007864832878112793
0.005478858947753906
0.005965590476989746
0.004552483558654785
0.006731748580932617
0.0048187971115112305
0.004440784454345703
0.0053032636642456055
0.0037058591842651367
0.005075931549072266
0.004168510437011719
0.00584566593170166
0.005707859992980957
0.003584623336791992
0.0032798051834106445
0.004010438919067383
0.0037550926208496094
0.0035920143127441406
0.005019426345825195
0.002917051315307617
0.0020287036895751953
0.0027245283126831055
0.00374603271484375
0.003004312515258789
0.0037162303924560547
0.0028634071350097656
0.003640890121459961
0.003596663475036621
0.0035719871520996094
0.0025331974029541016
0.004055619239807129
0.002147197723388672
0.0025748014450073242
0.002385377883911133
0.0021780729293823242
0.0036437511444091797
0.0028040409088134766
0.0031424760818481445
0.0034332275390625
0.003494739532470703
0.00391840934753418
0.0021687746047973633
0.0032281875610351562
0.0018544197082519531
0.0017192363739013672
0.0019969940185546875
0.0012519359588623047
0.002194643020629883
0.001930832862854004
0.0019888877868652344
0.002771615982055664
0.0020612478256225586
0.0029022693634033203
0.0023429393768310547
0.0018694400787353516
0.0014750957489013672
0.0029404163360595703
0.002001047134399414
0.002029895782470703
0.0015568733215332031
0.0021066665649414062
0.0022330284118652344
0.001961350440979004
0.002455472946166992
0.001661539077758789
0.0026967525482177734
0.0014476776123046875
0.0017287731170654297
0.0013813972473144531
0.0013463497161865234
0.0022776126861572266
0.0017632246017456055
0.0021039247512817383
0.0019087791442871094
0.0018996000289916992
0.001619100570678711
0.0018080472946166992
0.0014905929565429688
0.0013554096221923828
0.0016934871673583984
0.0013251304626464844
0.0016715526580810547
0.0015444755554199219
0.002077817916870117
0.0018496513366699219
0.0013328790664672852
0.0012166500091552734
0.0013442039489746094
0.0012176036834716797
0.0013320446014404297
0.0017597675323486328
0.0013244152069091797
0.0015866756439208984
0.001748800277709961
0.0012409687042236328
0.001445770263671875
0.0018159151077270508
0.0013276338577270508
0.0011615753173828125
0.0015752315521240234
0.001352071762084961
0.0012481212615966797
0.0012819766998291016
0.0017294883728027344
0.0020151138305664062
0.0011341571807861328
0.001226663589477539
0.0009696483612060547
0.0012540817260742188
0.0012774467468261719
0.0010879039764404297
0.0012748241424560547
0.0009851455688476562
0.001338958740234375
0.001369476318359375
0.0016121864318847656
0.0010306835174560547
0.0014553070068359375
0.0011248588562011719
0.0012943744659423828
0.001729726791381836
0.0012519359588623047
0.0014467239379882812
0.0013570785522460938
0.001186370849609375
0.0011255741119384766
0.0014231204986572266
0.0009860992431640625
0.0011255741119384766
0.0011601448059082031
0.0010676383972167969
0.0009229183197021484
0.0007169246673583984
0.0011742115020751953
0.0014443397521972656
0.001486063003540039
0.0008635520935058594
0.001322031021118164
0.001077890396118164
0.0012860298156738281
0.0010035037994384766
0.0011665821075439453
0.0013921260833740234
0.0010294914245605469
0.001424551010131836
0.0007789134979248047
0.0009772777557373047
0.0009922981262207031
0.0012624263763427734
0.0011548995971679688
0.0008854866027832031
0.000789642333984375
0.0010232925415039062
0.0007836818695068359
0.00133514404296875
0.0009002685546875
0.0009458065032958984
0.0010204315185546875
0.000843048095703125
0.001146554946899414
0.0009586811065673828
0.0011665821075439453
0.0009324550628662109
0.0010528564453125
0.0013844966888427734
0.0007874965667724609
0.0011731386184692383
0.001522660255432129
0.0010777711868286133
0.0010523796081542969
0.0009613037109375
0.0008821487426757812
0.000941157341003418
0.0010073184967041016
0.0016810894012451172
0.0008337497711181641
0.0009481906890869141
0.0010290145874023438
0.0006380081176757812
0.0009629726409912109
0.0006248950958251953
0.001062631607055664
0.0010306835174560547
0.0007669925689697266
0.0005936622619628906
0.0005671977996826172
0.0007936954498291016
0.000682830810546875
0.0009794235229492188
0.0006973743438720703
0.0006635189056396484
0.0008149147033691406
0.0010805130004882812
0.0010035037994384766
0.0007638931274414062
0.0010068416595458984
0.0005481243133544922
0.0007071495056152344
0.0006418228149414062
0.0008938312530517578
0.0007343292236328125
0.00086212158203125
0.0008459091186523438
0.0007350444793701172
0.0011022090911865234
0.0006945133209228516
0.0008697509765625
0.001140594482421875
0.0011591911315917969
0.0009688138961791992
0.0007851123809814453
0.0010519027709960938
0.0007510185241699219
0.0009672641754150391
0.0008997917175292969
0.0010342597961425781
0.0008368492126464844
0.0006241798400878906
0.001031041145324707
0.0007162094116210938
0.0011222362518310547
0.0007755756378173828
0.0006706714630126953
0.0007343292236328125
0.0007212162017822266
0.0006279945373535156
0.0006501674652099609
0.0011675357818603516
0.0007040500640869141
0.0009171962738037109
0.0007147789001464844
0.0006008148193359375
0.0008001327514648438
0.0009562969207763672
0.0007772445678710938
0.0010428428649902344
0.0005867481231689453
0.0008890628814697266
0.0007302761077880859
0.0009937286376953125
0.0009534358978271484
0.0009670257568359375
0.000560760498046875
0.0007998943328857422
0.0005342960357666016
0.0009613037109375
0.0006003379821777344
0.0006358623504638672
0.0006475448608398438
0.0008237361907958984
0.0007953643798828125
0.0008242130279541016
0.0005674362182617188
0.0010292530059814453
0.0006237030029296875
0.0007936954498291016
0.0007033348083496094
0.0009520053863525391
0.000606536865234375
0.0009486675262451172
0.0009520053863525391
0.0004940032958984375
0.000484466552734375
0.0004711151123046875
0.0007760524749755859
0.0006806850433349609
0.0007683038711547852
0.0007257461547851562
0.0005030632019042969
0.0006198883056640625
0.0008625984191894531
0.0006566047668457031
0.0007016658782958984
0.0007257461547851562
0.0008785724639892578
0.0012171268463134766
0.0006916522979736328
0.0005559921264648438
0.0007848739624023438
0.001163482666015625
0.0006303787231445312
0.0006587505340576172
0.0005648136138916016
0.000667572021484375
0.0007424354553222656
0.0006380081176757812
0.0005657672882080078
0.0008001327514648438
0.0007653236389160156
0.0008199214935302734
0.0006208419799804688
0.0007593631744384766
0.0005283355712890625
0.0006113052368164062
0.0009306669235229492
0.0006711483001708984
0.0005426406860351562
0.0006544589996337891
0.0010900497436523438
0.0006635189056396484
0.0007331371307373047
0.0007698535919189453
0.0005857944488525391
0.0006048679351806641
0.0006151199340820312
0.0006184577941894531
0.00046324729919433594
0.0005795955657958984
0.0005266666412353516
0.0008431673049926758
0.0003895759582519531
0.0007178783416748047
0.0007190704345703125
0.0005936622619628906
0.0008032321929931641
0.00042819976806640625
0.0008296966552734375
0.0005071163177490234
0.0007126331329345703
0.0004475116729736328
0.0004954338073730469
0.0008189678192138672
0.0009808540344238281
0.0009014606475830078
0.0009224414825439453
0.0006837844848632812
0.0005698204040527344
0.0006597042083740234
0.0007851123809814453
0.0003943443298339844
0.0007261037826538086
0.0005097389221191406
0.0005164146423339844
0.000469207763671875
0.0004634857177734375
0.0007736682891845703
0.0004239082336425781
0.0008616447448730469
0.0005195140838623047
0.0006663799285888672
0.0006575584411621094
0.0006504058837890625
0.0006773471832275391
0.0006673336029052734
0.0006489753723144531
0.0006432533264160156
0.0007073879241943359
0.0007359981536865234
0.0004966259002685547
0.0008356571197509766
0.0007054805755615234
0.0008089542388916016
0.0005195140838623047
0.0005040168762207031
0.0005419254302978516
0.0007081031799316406
0.0007183551788330078
0.0007836818695068359
0.0005352497100830078
0.0007200241088867188
0.00048732757568359375
0.0005948543548583984
0.00041604042053222656
0.00035762786865234375
0.0005595684051513672
0.0005927085876464844
0.0006582736968994141
0.0004954338073730469
0.0006010532379150391
0.0005300045013427734
0.0007274150848388672
0.0007200241088867188
0.0006024837493896484
0.0006668567657470703
0.0005488395690917969
0.0004837512969970703
0.0006288290023803711
0.0005497932434082031
0.0009360313415527344
0.0006146430969238281
0.0005135536193847656
0.0007066726684570312
0.0005092620849609375
0.0006892681121826172
0.0007007122039794922
0.0003466606140136719
0.0007736682891845703
0.0006587505340576172
0.0007100105285644531
0.0007946491241455078
0.0008127689361572266
0.0007615089416503906
0.0004227161407470703
0.0005121231079101562
0.0006442070007324219
0.0006108283996582031
0.0005140304565429688
0.0005903244018554688
0.0005214214324951172
0.0005536079406738281
0.00047707557678222656
0.0005764961242675781
0.0005080699920654297
0.0004673004150390625
0.0004570484161376953
0.0006413459777832031
0.000751495361328125
0.0006829500198364258
0.0008251667022705078
0.0005733966827392578
0.0004298686981201172
0.0004801750183105469
0.0004944801330566406
0.0005893707275390625
0.0006480216979980469
0.0005652904510498047
0.0006773471832275391
0.0005514621734619141
0.00039076805114746094
0.0006718635559082031
0.0007317066192626953
0.0006887912750244141
0.0006871223449707031
0.0004794597625732422
0.0006494522094726562
0.0005903244018554688
0.00039768218994140625
0.0006864070892333984
0.0006413459777832031
0.0004410743713378906
0.0005428791046142578
0.0004909038543701172
0.0005238056182861328
0.000823974609375
0.0005624294281005859
0.0005855560302734375
0.00060272216796875
0.0007464885711669922
0.00047206878662109375
0.00046384334564208984
0.0005686283111572266
0.0006334781646728516
0.0004220008850097656
0.0006639957427978516
0.0004055500030517578
0.0005061626434326172
0.0006794929504394531
0.0006465911865234375
0.00045561790466308594
0.0005462169647216797
0.0005897283554077148
0.0005235671997070312
0.0007150173187255859
0.0008258819580078125
0.0006434917449951172
0.00031447410583496094
0.0005099773406982422
0.0005996227264404297
0.0004508495330810547
0.0004742145538330078
0.0005967617034912109
0.00033664703369140625
0.00043392181396484375
0.0005543231964111328
0.0005838871002197266
0.0006632804870605469
0.0006542205810546875
0.0005581378936767578
0.0005495548248291016
0.0006275177001953125
0.0003905296325683594
0.0004131793975830078
0.0006489753723144531
0.0007979869842529297
0.0004973411560058594
0.0004513263702392578
0.0005238056182861328
0.00039505958557128906
0.0006685256958007812
0.0005958080291748047
0.00042700767517089844
0.0007147789001464844
0.0004642009735107422
0.0005893707275390625
0.000522613525390625
0.0006127357482910156
0.00046706199645996094
0.0006499290466308594
0.0006191730499267578
0.0004730224609375
0.0004799365997314453
0.0005011558532714844
0.00042319297790527344
0.0003902912139892578
0.0005986690521240234
0.0005986690521240234
0.000423431396484375
0.0005767345428466797
0.0006089210510253906
0.0006830692291259766
0.00047767162322998047
0.0006594657897949219
0.00043892860412597656
0.0005064010620117188
0.0006878376007080078
0.0006089210510253906
0.00039267539978027344
0.00037384033203125
0.0005376338958740234
0.0003650188446044922
0.0004355907440185547
0.0005402565002441406
0.0004909038543701172
0.0004515647888183594
0.0007081031799316406
0.0006399154663085938
0.0005252361297607422
0.0005860328674316406
0.0003523826599121094
0.00043392181396484375
0.0005238056182861328
0.0007841587066650391
0.00044727325439453125
0.0004794597625732422
0.00044918060302734375
0.0004456043243408203
0.0007154941558837891
0.0004546642303466797
0.0005104541778564453
0.0005838871002197266
0.0003979206085205078
0.0004703998565673828
0.0004506111145019531
0.00046253204345703125
0.00047850608825683594
0.00042176246643066406
0.0007643699645996094
0.0007417201995849609
0.0006315708160400391
0.00036215782165527344
0.0005366802215576172
0.000530242919921875
0.0006697177886962891
0.0007269382476806641
0.0004935264587402344
0.0005967617034912109
0.0004405975341796875
0.0005421638488769531
0.0004372596740722656
0.0004723072052001953
0.0005440711975097656
0.0004609823226928711
0.0003974437713623047
0.0005669593811035156
0.0004858970642089844
0.0006618499755859375
0.000457763671875
0.0006673336029052734
0.00042438507080078125
0.00046253204345703125
0.0004658699035644531
0.0003695487976074219
0.00047969818115234375
0.0004911422729492188
0.0007381439208984375
0.0003902912139892578
0.0004069805145263672
0.0006948709487915039
0.0004456043243408203
0.0004394054412841797
0.00042057037353515625
0.0005109310150146484
0.0008218288421630859
0.0005450248718261719
0.0004677772521972656
0.000606536865234375
0.0006742477416992188
0.0006186962127685547
0.000530242919921875
0.0004832744598388672
0.00037860870361328125
0.00047135353088378906
0.00038552284240722656
0.0003650188446044922
0.0005674362182617188
0.00046253204345703125
0.00040435791015625
0.0006153583526611328
0.0006084442138671875
0.0005536079406738281
0.000453948974609375
0.0004475116729736328
0.0006489753723144531
0.0004096031188964844
0.00038743019104003906
0.0003790855407714844
0.0005099773406982422
0.0003714561462402344
0.0004937648773193359
0.0005917549133300781
0.000476837158203125
0.00042629241943359375
0.0004153251647949219
0.0006833076477050781
0.0005857944488525391
0.0005574226379394531
0.0006189346313476562
0.0005307197570800781
0.0006129741668701172
0.0004863739013671875
0.0005471706390380859
0.0004124641418457031
0.0004394054412841797
0.00033283233642578125
0.0005168914794921875
0.0005350112915039062
0.00039887428283691406
0.0004184246063232422
0.0007922649383544922
0.000576019287109375
0.0005080699920654297
0.00046503543853759766
0.0004584789276123047
0.0003533363342285156
0.0005621910095214844
0.0005202293395996094
0.00032067298889160156
0.00041961669921875
0.0003647804260253906
0.0005249977111816406
0.0005469322204589844
0.0005056858062744141
0.0004596710205078125
0.00046944618225097656
0.0005140304565429688
0.0004978179931640625
0.0003857612609863281
0.000530242919921875
0.0006101131439208984
0.0005528926849365234
0.0005803108215332031
0.000606536865234375
0.00045490264892578125
0.0005741119384765625
0.0006668567657470703
0.0004794597625732422
0.0003383159637451172
0.0005509853363037109
0.0006453990936279297
0.0002868175506591797
0.0005033016204833984
0.0002846717834472656
0.0007030963897705078
0.00054931640625
0.0005366802215576172
0.00032830238342285156
0.00027942657470703125
0.0004775524139404297
0.0004951953887939453
0.0004558563232421875
0.0004570484161376953
0.0003502368927001953
0.0005121231079101562
0.0005259513854980469
0.0004220008850097656
0.0005965232849121094
0.0005869865417480469
0.0006022453308105469
0.0006041526794433594
0.0004565715789794922
0.00046253204345703125
0.0005879402160644531
0.0004839897155761719
0.00049591064453125
0.00044465065002441406
0.0006363391876220703
0.0006148815155029297
0.0005135536193847656
0.00040268898010253906
0.00046181678771972656
0.0004636049270629883
0.00045299530029296875
0.0004532337188720703
0.0004520416259765625
0.0004525184631347656
0.00048041343688964844
0.000514984130859375
0.0004258155822753906
0.00046443939208984375
0.00035572052001953125
0.00030612945556640625
0.0005803108215332031
0.0003666877746582031
0.000377655029296875
0.0006585121154785156
0.0003180503845214844
0.00047898292541503906
0.0004162788391113281
0.0004940032958984375
0.0005650520324707031
0.00033664703369140625
0.0006208419799804688
0.0005548000335693359
0.00041174888610839844
0.0005669593811035156
0.00032067298889160156
0.0008184909820556641
0.000461578369140625
0.0004444122314453125
0.00044465065002441406
0.0004506111145019531
0.00030732154846191406
0.0004088878631591797
0.0005669593811035156
0.0005249977111816406
0.0004286766052246094
0.0004987716674804688
0.0006127357482910156
0.0006771087646484375
0.0006184577941894531
0.0003998279571533203
0.0003979206085205078
0.0005452632904052734
0.00035643577575683594
0.0003840923309326172
0.0003962516784667969
0.0003910064697265625
0.0003941059112548828
0.0005040168762207031
0.0004742145538330078
0.0005958080291748047
0.0003864765167236328
0.0004699230194091797
0.0005140304565429688
0.00035762786865234375
0.000453948974609375
0.00040411949157714844
0.0005590915679931641
0.00036215782165527344
0.00039267539978027344
0.00043320655822753906
0.0004444122314453125
0.0004630088806152344
0.0007104873657226562
0.0005180835723876953
0.00038051605224609375
0.0004405975341796875
0.0004215240478515625
0.0005946159362792969
0.0004477500915527344
0.0004570484161376953
0.00044226646423339844
0.0004887580871582031
0.0003466606140136719
0.0004813671112060547
0.0005667209625244141
0.0005726814270019531
0.000553131103515625
0.000457763671875
0.0004329681396484375
0.0004477500915527344
0.0004906654357910156
0.0004248619079589844
0.0004684925079345703
0.00044465065002441406
0.0005629062652587891
0.0005536079406738281
0.0005762577056884766
0.0003764629364013672
0.00037670135498046875
0.0005040168762207031
0.0004067420959472656
0.0004534721374511719
0.00045871734619140625
0.0004153251647949219
0.00028252601623535156
0.00041031837463378906
0.0004069805145263672
0.0003223419189453125
0.00045943260192871094
0.0006008148193359375
0.0005469322204589844
0.00038051605224609375
0.00034117698669433594
0.0004410743713378906
0.0006787776947021484
0.000629425048828125
0.0004897117614746094
0.0005095005035400391
0.0004715919494628906
0.0005958080291748047
0.0005345344543457031
0.0005178451538085938
0.00047850608825683594
0.0003612041473388672
0.0005819797515869141
0.0005897283554077148
0.00054931640625
0.00043463706970214844
0.00036334991455078125
0.0006320476531982422
0.0003981590270996094
0.0005679130554199219
0.0004639625549316406
0.00047659873962402344
0.0004916191101074219
0.0006709098815917969
0.0004458427429199219
0.0005674362182617188
0.0003635883331298828
0.0006220340728759766
0.0004191398620605469
0.00046634674072265625
0.00040602684020996094
0.00030493736267089844
0.0004458427429199219
0.0003705024719238281
0.0004725456237792969
0.0003674030303955078
0.00048613548278808594
0.00041961669921875
0.00029397010803222656
0.0005061626434326172
0.0003943443298339844
0.0004494190216064453
0.0005633831024169922
0.00039196014404296875
0.0004134178161621094
0.00024628639221191406
0.0004858970642089844
0.00026106834411621094
0.0008063316345214844
0.0005934238433837891
0.0005993843078613281
0.0005855560302734375
0.0004374980926513672
0.0006028413772583008
0.0005006790161132812
0.0005781650543212891
0.00045037269592285156
0.0004248619079589844
0.00041413307189941406
0.0004334449768066406
0.0004723072052001953
0.0005726814270019531
0.0003502368927001953
0.00047850608825683594
0.00042366981506347656
0.0004620552062988281
0.0005366802215576172
0.0004112720489501953
0.0002961158752441406
0.000579833984375
0.0005342960357666016
0.0003070831298828125
0.0003864765167236328
0.00027441978454589844
0.0002961158752441406
0.0004267692565917969
0.0005702972412109375
0.00045561790466308594
0.0005304813385009766
0.00031280517578125
0.00046133995056152344
0.0005724430084228516
0.0005433559417724609
0.0004494190216064453
0.00044727325439453125
0.0007731914520263672
0.0004622936248779297
0.0004947185516357422
0.0003941059112548828
0.0004665851593017578
0.0004203319549560547
0.0002484321594238281
0.00024175643920898438
0.0005702972412109375
0.0003464221954345703
0.00043892860412597656
0.0006322860717773438
0.0005843639373779297
0.00034165382385253906
0.0006475448608398438
0.0004913806915283203
0.0005054473876953125
0.0004284381866455078
0.0004668235778808594
0.00040411949157714844
0.00038433074951171875
0.0004551410675048828
0.0003528594970703125
0.00045871734619140625
0.0005958080291748047
0.000644683837890625
0.00036072731018066406
0.0006048679351806641
0.0003864765167236328
0.0003333091735839844
0.0003377199172973633
0.0006310939788818359
0.0004773139953613281
0.0004215240478515625
0.0006761550903320312
0.0004353523254394531
0.0004050731658935547
0.0005562305450439453
0.0005993843078613281
0.0003135204315185547
0.00048279762268066406
0.00057220458984375
0.000354766845703125
0.0003802776336669922
0.0007300376892089844
0.00034618377685546875
0.00044918060302734375
0.0003867149353027344
0.0004994869232177734
0.0005908012390136719
0.0003592967987060547
0.0006721019744873047
0.0003559589385986328
0.0004630088806152344
0.0003724098205566406
0.00038123130798339844
0.0003848075866699219
0.0004305839538574219
0.0003864765167236328
0.0004940032958984375
0.0005855560302734375
0.00037097930908203125
0.00022363662719726562
0.00042557716369628906
0.0004062652587890625
0.0007121562957763672
0.00041794776916503906
0.0005431175231933594
0.0005016326904296875
0.0005316734313964844
0.0005522966384887695
0.00044465065002441406
0.0004918575286865234
0.0004360675811767578
0.0004858970642089844
0.00038504600524902344
0.00030159950256347656
0.0006263256072998047
0.0008220672607421875
0.0006110668182373047
0.0003230571746826172
0.0003352165222167969
0.0003314018249511719
0.0003676414489746094
0.0004849433898925781
0.0004000663757324219
0.0006465911865234375
0.00047135353088378906
0.0004215240478515625
0.0004062652587890625
0.0002884864807128906
0.0004947185516357422
0.00044989585876464844
0.0004718303680419922
0.0005028247833251953
0.0005021095275878906
0.0003554821014404297
0.00040912628173828125
0.0006449222564697266
0.0004489421844482422
0.0003299713134765625
0.0004189014434814453
0.00046706199645996094
0.0004696846008300781
0.0004570484161376953
0.0003674030303955078
0.0003323554992675781
0.0004513263702392578
0.0004639625549316406
0.0004216432571411133
0.0003981590270996094
0.0002777576446533203
0.0004508495330810547
0.0003478527069091797
0.0005228519439697266
0.0004363059997558594
0.0006594657897949219
0.00045800209045410156
0.00046253204345703125
0.0003437995910644531
0.0005514621734619141
0.0005483627319335938
0.0005078315734863281
0.0004341602325439453
0.0005071163177490234
0.00046706199645996094
0.0004971027374267578
0.0005328655242919922
0.0004107952117919922
0.0005567073822021484
0.00036525726318359375
0.0003604888916015625
0.0003209114074707031
0.0003974437713623047
0.00049591064453125
0.0005130767822265625
0.0005242824554443359
0.0006086826324462891
0.0003292560577392578
0.0005803108215332031
0.0004200935363769531
0.0004246234893798828
0.0004177093505859375
0.0003981590270996094
0.0005719661712646484
0.0005335807800292969
0.0005075931549072266
0.00038814544677734375
0.0007927417755126953
0.00035643577575683594
0.0004093647003173828
0.0004851818084716797
0.0003159046173095703
0.00035953521728515625
0.00039577484130859375
0.00037360191345214844
0.00037169456481933594
0.0005981922149658203
0.00038123130798339844
0.00047969818115234375
0.0004987716674804688
0.0006320476531982422
0.00044345855712890625
0.0007283687591552734
0.00021648406982421875
0.0004172325134277344
0.0004904270172119141
0.0004932880401611328
0.00038361549377441406
0.0004279613494873047
0.0004334449768066406
0.00042057037353515625
0.00044155120849609375
0.0004215240478515625
0.0004172325134277344
0.0007596015930175781
0.00046372413635253906
0.00035881996154785156
0.00043272972106933594
0.0005347728729248047
0.0004420280456542969
0.00043773651123046875
0.0005514621734619141
0.00031256675720214844
0.0005974769592285156
0.0005196332931518555
0.0005197525024414062
0.000362396240234375
0.0004658699035644531
0.00044155120849609375
0.0003478527069091797
0.0006654262542724609
0.0003464221954345703
0.0003592967987060547
0.0003998279571533203
0.00038623809814453125
0.0004546642303466797
0.0005352497100830078
0.00042819976806640625
0.00047397613525390625
0.00035452842712402344
0.0004322528839111328
0.00041604042053222656
0.0004546642303466797
0.00048661231994628906
0.0002741813659667969
0.0005400180816650391
0.0006029605865478516
0.00040030479431152344
0.00047016143798828125
0.0004703998565673828
0.0005195140838623047
0.00058746337890625
0.0005142688751220703
0.00038695335388183594
0.0004558563232421875
0.0004343986511230469
0.000316619873046875
0.0005180835723876953
0.0005536079406738281
0.0004916191101074219
0.00035858154296875
0.0004887580871582031
0.0003483295440673828
0.0003924369812011719
0.000278472900390625
0.0004096031188964844
0.0003960132598876953
0.000579833984375
0.0004248619079589844
0.0005950927734375
0.00037670135498046875
0.0003743171691894531
0.00036787986755371094
0.0005583763122558594
0.0004799365997314453
0.0003046989440917969
0.0004951953887939453
0.0003924369812011719
0.0004448890686035156
0.0003418922424316406
0.0005495548248291016
0.0004858970642089844
0.0006365776062011719
0.00036907196044921875
0.0004265308380126953
0.0006945133209228516
0.00037026405334472656
0.00038623809814453125
0.00043201446533203125
0.0005261898040771484
0.00039649009704589844
0.00032329559326171875
0.00044727325439453125
0.0006003379821777344
0.00040531158447265625
0.00041484832763671875
0.0007611513137817383
0.00049591064453125
0.0003566741943359375
0.00044655799865722656
0.0005719661712646484
0.0006132125854492188
0.00037169456481933594
0.0002899169921875
0.0003972053527832031
0.000492095947265625
0.0004677772521972656
0.0004589557647705078
0.0004284381866455078
0.0003380775451660156
0.0003719329833984375
0.0003142356872558594
0.00034999847412109375
0.0003604888916015625
0.0003628730773925781
0.0005695819854736328
0.00036716461181640625
0.0004572868347167969
0.00042366981506347656
0.00045418739318847656
0.0004763603210449219
0.0003960132598876953
0.0004336833953857422
0.0004534721374511719
0.0005311965942382812
0.00043010711669921875
0.0005860328674316406
0.0003466606140136719
0.0005207061767578125
0.0005567073822021484
0.000209808349609375
0.0003726482391357422
0.000408172607421875
0.0004253387451171875
0.0004343986511230469
0.0005519390106201172
0.0007054805755615234
0.00046753883361816406
0.0005612373352050781
0.00047969818115234375
0.00044918060302734375
0.00026869773864746094
0.0004425048828125
0.0003135204315185547
0.0005002021789550781
0.00054931640625
0.0005033016204833984
0.0004513263702392578
0.0005574226379394531
0.0005929470062255859
0.0005068778991699219
0.00027632713317871094
0.00032639503479003906
0.0005872249603271484
0.0004725456237792969
0.00043845176696777344
0.0004191398620605469
0.0003478527069091797
0.0008480548858642578
0.0004246234893798828
0.0002677440643310547
0.00043964385986328125
0.0005021095275878906
0.0004258155822753906
0.0004048347473144531
0.0004858970642089844
0.00047516822814941406
0.0005538463592529297
0.0003814697265625
0.0005805492401123047
0.0003445148468017578
0.0003063678741455078
0.00041675567626953125
0.0004496574401855469
0.0005028247833251953
0.0003724098205566406
0.0004374980926513672
0.0003979206085205078
0.0003993511199951172
0.0004425048828125
0.0004611015319824219
0.0005214214324951172
0.0005116462707519531
0.00041103363037109375
0.0005204677581787109
0.0004031658172607422
0.0005121231079101562
0.0006113052368164062
0.00042724609375
0.0003330707550048828
0.0005440711975097656
0.0006120204925537109
0.0004277229309082031
0.0006384849548339844
0.0003871917724609375
0.0005123615264892578
0.00026035308837890625
0.0003829002380371094
0.0004916191101074219
0.00034117698669433594
0.0004601478576660156
0.0005931854248046875
0.0003898143768310547
0.0006330013275146484
0.0003814697265625
0.0003757476806640625
0.0004260540008544922
0.00046324729919433594
0.0002799034118652344
0.00031280517578125
0.0005483627319335938
0.00028252601623535156
0.0003600120544433594
0.00047588348388671875
0.00039887428283691406
0.0004639625549316406
0.0004069805145263672
0.0004444122314453125
0.0004093647003173828
0.0003635883331298828
0.0004372596740722656
0.00045228004455566406
0.0004487037658691406
0.0007425546646118164
0.0002701282501220703
0.00034618377685546875
0.0005557537078857422
0.0005271434783935547
0.0003046989440917969
0.00041031837463378906
0.00046944618225097656
0.000484466552734375
0.00042366981506347656
0.00046825408935546875
0.0005209445953369141
0.0004467964172363281
0.0004975795745849609
0.00035262107849121094
0.00038933753967285156
0.00043272972106933594
0.00034356117248535156
0.0004858970642089844
0.00057220458984375
0.0004570484161376953
0.00026535987854003906
0.000446319580078125
0.000640869140625
0.00046181678771972656
0.0004687309265136719
0.0003077983856201172
0.00030684471130371094
0.0004851818084716797
0.00040149688720703125
0.0003490447998046875
0.0003974437713623047
0.00040984153747558594
0.0004477500915527344
0.0005724430084228516
0.0003845691680908203
0.000396728515625
0.0004506111145019531
0.00029015541076660156
0.0005156993865966797
0.00034332275390625
0.00047278404235839844
0.00023674964904785156
0.0004642009735107422
0.000396728515625
0.00041294097900390625
0.0005475282669067383
0.0003933906555175781
0.0006113052368164062
0.000598907470703125
0.00039315223693847656
0.0005521774291992188
0.0005393028259277344
0.00043773651123046875
0.0006513595581054688
0.00043845176696777344
0.0004889965057373047
0.0006084442138671875
0.0004448890686035156
0.0005679130554199219
0.0005471706390380859
0.000568389892578125
0.000484466552734375
0.0003113746643066406
0.0005929470062255859
0.00040340423583984375
0.0005145072937011719
0.0005061626434326172
0.00042891502380371094
0.00036072731018066406
0.0003123283386230469
0.00040984153747558594
0.00037169456481933594
0.00036263465881347656
0.00037610530853271484
0.0005009174346923828
0.00042891502380371094
0.00043964385986328125
0.0004634857177734375
0.0006701946258544922
0.0004086494445800781
0.0005707740783691406
0.0005726814270019531
0.0004241466522216797
0.0003490447998046875
0.0006020069122314453
0.00034809112548828125
0.0004220008850097656
0.00046133995056152344
0.00035190582275390625
0.0003676414489746094
0.00048804283142089844
0.00033020973205566406
0.0004620552062988281
0.0003910064697265625
0.0002155303955078125
0.0004963874816894531
0.00047850608825683594
0.0004189014434814453
0.0003764629364013672
0.0005233287811279297
0.0004754066467285156
0.0004451274871826172
0.0004897117614746094
0.0003559589385986328
0.0004565715789794922
0.0004899501800537109
0.00037860870361328125
0.0004875659942626953
0.0003349781036376953
0.0005021095275878906
0.0004930496215820312
0.0005311965942382812
0.0003352165222167969
0.0003464221954345703
0.00039005279541015625
0.00046443939208984375
0.00047588348388671875
0.0005922317504882812
0.0004489421844482422
0.0005075931549072266
0.0004076957702636719
0.0005519390106201172
0.00043272972106933594
0.0004038810729980469
0.0003848075866699219
0.0006363391876220703
0.0003781318664550781
0.0004329681396484375
0.0004165172576904297
0.0003688335418701172
0.0006513595581054688
0.00043845176696777344
0.0003981590270996094
0.0006322860717773438
0.00031685829162597656
0.0003311634063720703
0.0005826950073242188
0.0003223419189453125
0.00032401084899902344
0.0003490447998046875
0.0005774497985839844
0.0004913806915283203
0.00041675567626953125
0.00047969818115234375
0.0003867149353027344
0.00039196014404296875
0.0005288124084472656
0.00048041343688964844
0.0004029273986816406
0.0003447532653808594
0.0004200935363769531
0.0004277229309082031
0.0004329681396484375
0.0006451606750488281
0.00048279762268066406
0.00048828125
0.0003986358642578125
0.00046706199645996094
0.0004622936248779297
0.0005402565002441406
0.00046133995056152344
0.0003502368927001953
0.00047206878662109375
0.0005064010620117188
0.0006926059722900391
0.0004749298095703125
0.0004322528839111328
0.0004367828369140625
0.0006296634674072266
0.0005738735198974609
0.0003726482391357422
0.00030803680419921875
0.00045037269592285156
0.0005500316619873047
0.0004992485046386719
0.0004355907440185547
0.000347137451171875
0.0003962516784667969
0.0005261898040771484
0.0004165172576904297
0.00031375885009765625
0.0004017353057861328
0.00045609474182128906
0.00036597251892089844
0.0005958080291748047
0.00045013427734375
0.00043320655822753906
0.00043201446533203125
0.00042891502380371094
0.0005526542663574219
0.0003883838653564453
0.00037980079650878906
0.00037932395935058594
0.0002789497375488281
0.0005645751953125
0.0009310245513916016
0.00042057037353515625
0.00049591064453125
0.0004603862762451172
0.0005893707275390625
0.0003104209899902344
0.0004265308380126953
0.0003540515899658203
0.00048661231994628906
0.0003871917724609375
0.0004372596740722656
0.0005533695220947266
0.0003902912139892578
0.0004994869232177734
0.00042700767517089844
0.00040793418884277344
0.0005185604095458984
0.0004341602325439453
0.00029730796813964844
0.0005753040313720703
0.0003075599670410156
0.00043892860412597656
0.0003197193145751953
0.0004413127899169922
0.000598907470703125
0.0005793571472167969
0.00046753883361816406
0.00030875205993652344
0.0003991127014160156
0.0003921985626220703
0.0004558563232421875
0.00033283233642578125
0.00044035911560058594
0.0003936290740966797
0.00041413307189941406
0.0006361007690429688
0.0005354881286621094
0.0003829002380371094
0.0003600120544433594
0.0003974437713623047
0.00043773651123046875
0.0003712177276611328
0.0004382133483886719
0.0006515979766845703
0.0005404949188232422
0.0003457069396972656
0.0003685951232910156
0.0004551410675048828
0.00040650367736816406
0.000423431396484375
0.00036597251892089844
0.0006296634674072266
0.0005049705505371094
0.00032591819763183594
0.000598907470703125
0.0004756450653076172
0.0005578994750976562
0.00026226043701171875
0.00040030479431152344
0.00045371055603027344
0.0005402565002441406
0.00045561790466308594
0.0003845691680908203
0.0003650188446044922
0.00027370452880859375
0.00037217140197753906
0.0006577968597412109
0.00040149688720703125
0.0005586147308349609
0.0005919933319091797
0.0006060600280761719
0.000408172607421875
0.0004067420959472656
0.0004649162292480469
0.00023794174194335938
0.0003390312194824219
0.0005495548248291016
0.00042939186096191406
0.0005071163177490234
0.0004222393035888672
0.0004513263702392578
0.0006628036499023438
0.00045180320739746094
0.0004010200500488281
0.000339508056640625
0.0005624294281005859
0.00038623809814453125
0.0002498626708984375
0.0005066394805908203
0.0006561279296875
0.0004012584686279297
0.00039577484130859375
0.00042128562927246094
0.0002982616424560547
0.00038170814514160156
0.0004870891571044922
0.0004467964172363281
0.0003666877746582031
0.0003783702850341797
0.00055694580078125
0.0005834102630615234
0.00039505958557128906
0.0004813671112060547
0.0004532337188720703
0.0005505084991455078
0.00033473968505859375
0.0005753040313720703
0.0005078315734863281
0.0005049705505371094
0.000423431396484375
0.0004634857177734375
0.0004677772521972656
0.00038552284240722656
0.0006153583526611328
0.0004069805145263672
0.0005059242248535156
0.000518798828125
0.0003814697265625
0.0003876686096191406
0.0004885196685791016
0.0004475116729736328
0.00042748451232910156
0.00031447410583496094
0.0003504753112792969
0.00032591819763183594
0.0004405975341796875
0.0004317760467529297
0.0004699230194091797
0.0004241466522216797
0.00039386749267578125
0.0003552436828613281
0.0005443096160888672
0.0004589557647705078
0.00052642822265625
0.0005991458892822266
0.00035572052001953125
