326.13561177253723
325.5920424461365
325.0531063079834
324.74815917015076
324.27674984931946
324.474396944046
324.1423668861389
323.63027358055115
323.5286226272583
323.45384764671326
322.9501225948334
322.40927720069885
322.5971941947937
321.9839131832123
321.73700523376465
321.3415811061859
320.8685076236725
320.23949456214905
320.9970622062683
320.73617482185364
320.46108841896057
319.14351081848145
318.9293019771576
319.31834292411804
318.6640989780426
319.22067379951477
318.2927784919739
318.98602199554443
318.3531641960144
318.51022839546204
318.31137132644653
318.2361934185028
318.199271440506
318.6326870918274
318.2176094055176
318.0751407146454
318.4675307273865
318.18107652664185
317.41273403167725
317.7462499141693
317.25068616867065
318.0610649585724
317.0216827392578
316.60174894332886
316.5042405128479
314.7576198577881
313.79808378219604
311.3900213241577
308.0509397983551
301.0945100784302
293.55543065071106
285.20172667503357
270.31686067581177
256.91255283355713
247.8120493888855
233.11387991905212
228.16912138462067
209.69274258613586
208.91123688220978
199.50195705890656
188.17614203691483
185.2657534480095
180.2976976633072
169.0934619307518
170.94921606779099
163.1312267780304
156.39631861448288
145.76279443502426
131.99883651733398
137.4765967130661
130.06445676088333
132.89887446165085
119.9161466062069
114.1151724755764
117.69947272539139
115.01175028085709
101.88864868879318
103.0419009923935
95.7057632803917
97.39591997861862
84.79485124349594
79.52127814292908
88.4214106798172
75.80634570121765
75.07577836513519
73.04558902978897
75.4643622636795
71.68523168563843
65.85037389397621
68.90889835357666
65.49883994460106
57.46969547867775
57.89365404844284
59.867718547582626
50.96221202611923
54.5443571805954
47.303923308849335
55.7164341211319
48.07306891679764
37.93418088555336
39.757057815790176
43.671493619680405
28.25016775727272
32.1785444021225
29.728938937187195
30.343452095985413
28.289051175117493
41.113021433353424
27.26136940717697
24.61330771446228
19.783443123102188
29.989440202713013
21.8702295422554
18.05257374048233
27.30121284723282
23.90941286087036
30.18100079894066
16.978475630283356
17.673219710588455
16.96278303861618
23.917877197265625
18.54191493988037
21.971027672290802
14.527375936508179
16.20357656478882
12.936170160770416
15.64648300409317
14.044541239738464
9.837469339370728
11.302124261856079
17.742554366588593
19.351612091064453
7.5928250551223755
10.11995393037796
12.295458793640137
12.355794727802277
7.585406541824341
5.416811525821686
5.247761011123657
2.69351327419281
3.0596898794174194
17.236636459827423
8.421448528766632
13.359892755746841
7.8255287408828735
3.1204339265823364
2.1069531440734863
6.873445272445679
8.402265936136246
2.203953981399536
4.383019208908081
4.655290007591248
4.128596484661102
2.2360888719558716
0.8298821449279785
4.612416744232178
8.418102622032166
6.7115947008132935
3.902020215988159
5.128642916679382
1.6795406341552734
3.2828221321105957
0.7873107194900513
0.7129900455474854
0.6609071493148804
1.5401331186294556
5.178545594215393
5.887822389602661
3.988208293914795
5.416685879230499
1.4430959224700928
0.6951334476470947
0.5810818672180176
0.4231973886489868
1.101287066936493
0.4745197296142578
0.3226778507232666
0.16059207916259766
0.4357696771621704
0.11908078193664551
0.16159653663635254
5.384005427360535
5.135900259017944
2.7168264389038086
0.46487802267074585
0.35629212856292725
0.2364424467086792
0.5874612331390381
0.15846562385559082
0.10012328624725342
0.08991110324859619
0.08999276161193848
0.07322657108306885
0.08647823333740234
0.07253789901733398
0.07593846321105957
0.12874674797058105
0.0709381103515625
0.10357892513275146
0.05771315097808838
0.07347691059112549
0.06905913352966309
0.0626227855682373
0.09809327125549316
0.045885562896728516
0.053380727767944336
0.058475613594055176
0.040107011795043945
0.033663272857666016
0.04060244560241699
0.0384676456451416
0.0396503210067749
0.03640270233154297
0.03558492660522461
0.034981489181518555
0.03621935844421387
0.031968116760253906
0.05541634559631348
0.037897348403930664
0.026842117309570312
0.026109695434570312
0.020342111587524414
0.023888111114501953
0.046103835105895996
0.04372096061706543
0.03288102149963379
0.0332263708114624
0.0310671329498291
0.029958367347717285
0.03462541103363037
0.02483224868774414
0.02388763427734375
0.03366661071777344
0.022165656089782715
0.02620375156402588
0.04030442237854004
0.031645774841308594
0.02763080596923828
0.04355192184448242
0.034404754638671875
0.02043008804321289
0.019062519073486328
0.02975630760192871
0.022114276885986328
0.020823240280151367
0.022758960723876953
0.017905712127685547
0.021825075149536133
0.020445823669433594
0.022443056106567383
0.016442060470581055
0.019367218017578125
0.01581871509552002
0.019717812538146973
0.016576528549194336
0.023293256759643555
0.021179676055908203
0.014693498611450195
0.0214388370513916
0.019547104835510254
0.011858701705932617
0.01746821403503418
0.018118619918823242
0.02327895164489746
0.01876354217529297
0.01970982551574707
0.014398813247680664
0.015538692474365234
0.0183260440826416
0.01655864715576172
0.016798734664916992
0.015798330307006836
0.015033721923828125
0.0310361385345459
0.025066018104553223
0.012184619903564453
0.015545368194580078
0.016049861907958984
0.011838436126708984
0.014078378677368164
0.014823436737060547
0.013039588928222656
0.012851953506469727
0.011858463287353516
0.015215873718261719
0.01270604133605957
0.009169340133666992
0.020378828048706055
0.017977237701416016
0.01592707633972168
0.013230085372924805
0.0184783935546875
0.01455378532409668
0.01891922950744629
0.014598846435546875
0.01274251937866211
0.013218879699707031
0.010158538818359375
0.011237144470214844
0.015358448028564453
0.01204681396484375
0.015139579772949219
0.011647224426269531
0.014905691146850586
0.011807680130004883
0.016504287719726562
0.01044464111328125
0.014947652816772461
0.010181188583374023
0.012417316436767578
0.009047269821166992
0.015760421752929688
0.009393692016601562
0.012541770935058594
0.012269020080566406
0.008521318435668945
0.013025999069213867
0.01159524917602539
0.009365558624267578
0.01102304458618164
0.012238264083862305
0.011383056640625
0.01028132438659668
0.01718616485595703
0.011793136596679688
0.00851297378540039
0.012305736541748047
0.015304327011108398
0.009334564208984375
0.0130157470703125
0.010323762893676758
0.008720636367797852
0.010907411575317383
0.012237787246704102
0.019025087356567383
0.013004899024963379
0.012208700180053711
0.017408370971679688
0.01111745834350586
0.014541387557983398
0.009748697280883789
0.011052608489990234
0.01284480094909668
0.009444713592529297
0.011770248413085938
0.012359857559204102
0.009571313858032227
0.009559154510498047
0.00791478157043457
0.01115870475769043
0.01209878921508789
0.009854316711425781
0.012668848037719727
0.0067636966705322266
0.008745670318603516
0.010254859924316406
0.008741378784179688
0.009238481521606445
0.01336979866027832
0.010614156723022461
0.007525444030761719
0.011252641677856445
0.012898445129394531
0.01112675666809082
0.0069408416748046875
0.01204681396484375
0.008927345275878906
0.009180784225463867
0.011188030242919922
0.011590719223022461
0.012291669845581055
0.012169361114501953
0.008540630340576172
0.006665706634521484
0.010026693344116211
0.00984048843383789
0.01174306869506836
0.008324861526489258
0.007590293884277344
0.0064601898193359375
0.007275819778442383
0.00729823112487793
0.009483098983764648
0.012327194213867188
0.01129150390625
0.011199235916137695
0.007953405380249023
0.009663581848144531
0.011225700378417969
0.008655786514282227
0.008580446243286133
0.008663415908813477
0.00888681411743164
0.006120443344116211
0.013237357139587402
0.012380599975585938
0.006840229034423828
0.0068264007568359375
0.008258819580078125
0.00887608528137207
0.010211706161499023
0.008592605590820312
0.009469032287597656
0.012635946273803711
0.006806373596191406
0.009724617004394531
0.007440090179443359
0.008796453475952148
0.010104656219482422
0.008749961853027344
0.00937032699584961
0.00745081901550293
0.00771784782409668
0.01118314266204834
0.00839996337890625
0.010732889175415039
0.007364988327026367
0.008528828620910645
0.006834745407104492
0.007053375244140625
0.008522272109985352
0.00997781753540039
0.007317304611206055
0.008077025413513184
0.009279012680053711
0.009038448333740234
0.007975101470947266
0.00711369514465332
0.005834102630615234
0.007145404815673828
0.008008956909179688
0.012578725814819336
0.0075452327728271484
0.008445262908935547
0.008278608322143555
0.008847475051879883
0.008519411087036133
0.00836038589477539
0.008957624435424805
0.0063457489013671875
0.008240461349487305
0.005942821502685547
0.006509542465209961
0.006786823272705078
0.006537437438964844
0.006924152374267578
0.008250236511230469
0.009694099426269531
0.007854700088500977
0.006433725357055664
0.006699562072753906
0.0061457157135009766
0.008134961128234863
0.0073920488357543945
0.010576963424682617
0.006537437438964844
0.007036685943603516
0.009193181991577148
0.006093502044677734
0.011365413665771484
0.006804466247558594
0.012326717376708984
0.005699872970581055
0.007237434387207031
0.005811452865600586
0.008586645126342773
0.007463216781616211
0.0060749053955078125
0.009111642837524414
0.00979471206665039
0.007169246673583984
0.0070590972900390625
0.006753683090209961
0.006387948989868164
0.008678436279296875
0.0069124698638916016
0.007019519805908203
0.009011030197143555
0.006341218948364258
0.008219480514526367
0.00928187370300293
0.007358074188232422
0.005064964294433594
0.005211591720581055
0.006487369537353516
0.0074100494384765625
0.006987333297729492
0.006634235382080078
0.00962066650390625
0.007685184478759766
0.006528615951538086
0.0069010257720947266
0.0059070587158203125
0.009797334671020508
0.00803375244140625
0.009536027908325195
0.0050449371337890625
0.009056329727172852
0.009229660034179688
0.0056591033935546875
0.006187558174133301
0.006274223327636719
0.00448155403137207
0.0057485103607177734
0.006722211837768555
0.007111310958862305
0.007386207580566406
0.006955146789550781
0.006665945053100586
0.006670475006103516
0.006783485412597656
0.0068738460540771484
0.007481813430786133
0.008034944534301758
0.0055391788482666016
0.008750677108764648
0.007876157760620117
0.006280422210693359
0.006879091262817383
0.009285449981689453
0.006607770919799805
0.007606029510498047
0.0053675174713134766
0.0077228546142578125
0.007012367248535156
0.006457328796386719
0.008203506469726562
0.00625157356262207
0.006378650665283203
0.005021333694458008
0.0060710906982421875
0.006417512893676758
0.006808042526245117
0.0065310001373291016
0.005167961120605469
0.005640745162963867
0.004840373992919922
0.009741783142089844
0.00609588623046875
0.006307125091552734
0.004655122756958008
0.007050871849060059
0.0044825077056884766
0.008768677711486816
0.00938272476196289
0.005986690521240234
0.0056095123291015625
0.007544279098510742
0.005928516387939453
0.005710124969482422
0.006525516510009766
0.0057659149169921875
0.00444340705871582
0.0057179927825927734
0.006208658218383789
0.008198022842407227
0.007380247116088867
0.0055272579193115234
0.005494594573974609
0.00632786750793457
0.006473541259765625
0.008244514465332031
0.00461125373840332
0.004593610763549805
0.008306503295898438
0.004751920700073242
0.004575490951538086
0.006578683853149414
0.006075143814086914
0.007654666900634766
0.007797956466674805
0.006090402603149414
0.009688496589660645
0.006650686264038086
0.006825685501098633
0.007565021514892578
0.005196571350097656
0.004950523376464844
0.007913589477539062
0.007059335708618164
0.005861043930053711
0.005985260009765625
0.007330894470214844
0.008939981460571289
0.00455784797668457
0.004946470260620117
0.006378650665283203
0.006603717803955078
0.0061872005462646484
0.005470752716064453
0.00674891471862793
0.005208730697631836
0.0054056644439697266
0.004563093185424805
0.005388021469116211
0.007750511169433594
0.006995439529418945
0.004778861999511719
0.0051116943359375
0.005053281784057617
0.008648157119750977
0.006414890289306641
0.006532192230224609
0.006079912185668945
0.004827737808227539
0.005242347717285156
0.00482487678527832
0.003932476043701172
0.0084686279296875
0.0057718753814697266
0.006926417350769043
0.0074193477630615234
0.006971478462219238
0.0062329769134521484
0.004729747772216797
0.0070154666900634766
0.0060770511627197266
0.008666276931762695
0.004554271697998047
0.007163524627685547
0.005372762680053711
0.005132198333740234
0.005984187126159668
0.006924867630004883
0.005236625671386719
0.005719661712646484
0.008618354797363281
0.006026506423950195
0.004785060882568359
0.0056917667388916016
0.004336357116699219
0.004389047622680664
0.006964445114135742
0.006689310073852539
0.00529932975769043
0.007995128631591797
0.00570225715637207
0.0035696029663085938
0.005166769027709961
0.006003856658935547
0.006278514862060547
0.004544496536254883
0.0061490535736083984
0.005483388900756836
0.007305622100830078
0.004593610763549805
0.006947040557861328
0.006308555603027344
0.005292177200317383
0.0064008235931396484
0.006035804748535156
0.006875753402709961
0.00456690788269043
0.005394458770751953
0.006651163101196289
0.004222869873046875
0.004845857620239258
0.004750251770019531
0.006911039352416992
0.005344867706298828
0.005243062973022461
0.005913972854614258
0.006886839866638184
0.005242824554443359
0.00399327278137207
0.007395029067993164
0.007420539855957031
0.0076694488525390625
0.004397153854370117
0.0059375762939453125
0.004884004592895508
0.004720926284790039
0.005692481994628906
0.005230903625488281
0.004873037338256836
0.003753185272216797
0.006657838821411133
0.005776405334472656
0.006613254547119141
0.0047991275787353516
0.004730701446533203
0.0072062015533447266
0.007386922836303711
0.006172657012939453
0.004731416702270508
0.0053980350494384766
0.003885984420776367
0.004689693450927734
0.006108283996582031
0.006087541580200195
0.004449129104614258
0.006306171417236328
0.005343437194824219
0.0037653446197509766
0.006286144256591797
0.00889277458190918
0.009053230285644531
0.0057125091552734375
0.006295204162597656
0.004528522491455078
0.005152702331542969
0.004284381866455078
0.005463600158691406
0.0043637752532958984
0.004317045211791992
0.004420042037963867
0.005923748016357422
0.006337404251098633
0.005700111389160156
0.005278348922729492
0.0053484439849853516
0.005766034126281738
0.0043544769287109375
0.0066378116607666016
0.005594968795776367
0.006998300552368164
0.003368377685546875
0.005612611770629883
0.007795572280883789
0.007610678672790527
0.0049686431884765625
0.00487208366394043
0.004557371139526367
0.006315469741821289
0.0053784847259521484
0.0043718814849853516
0.005239248275756836
0.004611968994140625
0.0050084590911865234
0.007032155990600586
0.005343914031982422
0.003937244415283203
0.0063016414642333984
0.006600618362426758
0.003857851028442383
0.0040743350982666016
0.00525975227355957
0.00533604621887207
0.0045130252838134766
0.0046749114990234375
0.006147146224975586
0.006079912185668945
0.005788326263427734
0.006422996520996094
0.006012916564941406
0.005095958709716797
0.0060269832611083984
0.004198789596557617
0.0050084590911865234
0.004699230194091797
0.006352424621582031
0.008005619049072266
0.00644993782043457
0.0053522586822509766
0.00658416748046875
0.005513429641723633
0.006051540374755859
0.005571126937866211
0.0050601959228515625
0.004551410675048828
0.004892110824584961
0.005634784698486328
0.0060689449310302734
0.0034770965576171875
0.004658222198486328
0.004258632659912109
0.004954814910888672
0.005391359329223633
0.006470680236816406
0.006198883056640625
0.003245115280151367
0.004175901412963867
0.005076408386230469
0.006699085235595703
0.0045032501220703125
0.005385637283325195
0.004747629165649414
0.004042148590087891
0.006098270416259766
0.005478620529174805
0.0062639713287353516
0.005061149597167969
0.00397944450378418
0.004675626754760742
0.0052165985107421875
0.0038537979125976562
0.0077991485595703125
0.004901409149169922
0.005596637725830078
0.004868507385253906
0.0049898624420166016
0.005282878875732422
0.005166530609130859
0.004758596420288086
0.005862712860107422
0.0043849945068359375
0.004884004592895508
0.004347801208496094
0.005979061126708984
0.005383491516113281
0.005926609039306641
0.007742643356323242
0.005184650421142578
0.004002094268798828
0.004849910736083984
0.0043599605560302734
0.004500865936279297
0.005174517631530762
0.0040569305419921875
0.005859851837158203
0.005209922790527344
0.00731968879699707
0.004990816116333008
0.005911111831665039
0.006888866424560547
0.004267454147338867
0.0048749446868896484
0.005179166793823242
0.004317522048950195
0.006918907165527344
0.0053560733795166016
0.004721641540527344
0.003754138946533203
0.0046885013580322266
0.006621599197387695
0.005200624465942383
0.004938602447509766
0.0058269500732421875
0.004275321960449219
0.005443572998046875
0.005712270736694336
0.0050508975982666016
0.0058574676513671875
0.004231691360473633
0.0041730403900146484
0.0054569244384765625
0.007863759994506836
0.004174470901489258
0.00574183464050293
0.004968166351318359
0.005647182464599609
0.0045130252838134766
0.004822731018066406
0.004685640335083008
0.004894256591796875
0.005280256271362305
0.005274057388305664
0.004257917404174805
0.004098653793334961
0.00575709342956543
0.006604433059692383
0.0037620067596435547
0.005289554595947266
0.0062313079833984375
0.0034270286560058594
0.00290679931640625
0.006616353988647461
0.003381967544555664
0.005575418472290039
0.004511117935180664
0.005626201629638672
0.003596067428588867
0.004354953765869141
0.0063245296478271484
0.004855155944824219
0.005587339401245117
0.005604267120361328
0.006468772888183594
0.0048503875732421875
0.005336761474609375
0.004893779754638672
0.004667043685913086
0.004982948303222656
0.00487518310546875
0.00456845760345459
0.0051250457763671875
0.006026268005371094
0.0034139156341552734
0.00464940071105957
0.006461620330810547
0.0047872066497802734
0.005349397659301758
0.006377220153808594
0.004168987274169922
0.003960609436035156
0.008007049560546875
0.0072803497314453125
0.006404399871826172
0.0050830841064453125
0.003371715545654297
0.0052394866943359375
0.004462718963623047
0.005136251449584961
0.007858514785766602
0.005782604217529297
0.004895210266113281
0.002834916114807129
0.004372596740722656
0.0050280094146728516
0.0034797191619873047
0.004208564758300781
0.0046329498291015625
0.005358695983886719
0.004498004913330078
0.004440784454345703
0.005709648132324219
0.005147218704223633
0.005412101745605469
0.004857063293457031
0.003470182418823242
0.004736661911010742
0.005597114562988281
0.00527644157409668
0.006075143814086914
0.004172563552856445
0.004233598709106445
0.0044476985931396484
0.003929853439331055
0.0048182010650634766
0.0055582523345947266
0.005543947219848633
0.004355669021606445
0.004777431488037109
0.0069010257720947266
0.0040264129638671875
0.003828287124633789
0.005501270294189453
0.005333423614501953
0.0036773681640625
0.005020618438720703
0.005984783172607422
0.003753185272216797
0.004391670227050781
0.0073621273040771484
0.003907918930053711
0.006122589111328125
0.005981922149658203
0.005836009979248047
0.004416227340698242
0.004160881042480469
0.005204200744628906
0.004354953765869141
0.004928112030029297
0.004061460494995117
0.004596710205078125
0.00512242317199707
0.004392385482788086
0.005646467208862305
0.0034259557723999023
0.005517244338989258
0.00408482551574707
0.005468845367431641
0.0033423900604248047
0.0045506954193115234
0.004957914352416992
0.005122661590576172
0.0058095455169677734
0.005695819854736328
0.0045871734619140625
0.004721164703369141
0.004312276840209961
0.003539562225341797
0.006412029266357422
0.0040378570556640625
0.004131317138671875
0.004698991775512695
0.0056765079498291016
0.00594019889831543
0.005373477935791016
0.003853321075439453
0.007102012634277344
0.00456547737121582
0.003955841064453125
0.004690647125244141
0.0052051544189453125
0.003334522247314453
0.0036973953247070312
0.0038199424743652344
0.004848480224609375
0.0064487457275390625
0.004578113555908203
0.004484653472900391
0.006040096282958984
0.004825592041015625
0.00465846061706543
0.007386684417724609
0.005250692367553711
0.004560232162475586
0.0057528018951416016
0.005062580108642578
0.006186246871948242
0.004229068756103516
0.0034666061401367188
0.004631996154785156
0.003989696502685547
0.0040705204010009766
0.004293918609619141
0.0052640438079833984
0.0075185298919677734
0.0045185089111328125
0.004240274429321289
0.005445241928100586
0.004739046096801758
0.005587458610534668
0.0041959285736083984
0.004706859588623047
0.005184650421142578
0.0042378902435302734
0.00407862663269043
0.00399017333984375
0.0051822662353515625
0.006045103073120117
0.004625082015991211
0.004368782043457031
0.0055234432220458984
0.00627899169921875
0.0042994022369384766
0.004729628562927246
0.004722118377685547
0.004436492919921875
0.004500865936279297
0.004134654998779297
0.004907846450805664
0.003888845443725586
0.003915071487426758
0.005118370056152344
0.00752711296081543
0.004909992218017578
0.004120349884033203
0.00653529167175293
0.008159399032592773
0.00446629524230957
0.004409074783325195
0.0055272579193115234
0.004508495330810547
0.0047454833984375
0.003744363784790039
0.0038330554962158203
0.0036902427673339844
0.0057027339935302734
0.002983570098876953
0.004770874977111816
0.005369663238525391
0.005444049835205078
0.003852367401123047
0.004037618637084961
0.004187583923339844
0.0052759647369384766
0.0042116641998291016
0.004496097564697266
0.0038716793060302734
0.004650115966796875
0.005728483200073242
0.005041837692260742
0.0040476322174072266
0.005372285842895508
0.00452113151550293
0.005106687545776367
0.004130125045776367
0.004611015319824219
0.005764484405517578
0.004029989242553711
0.005758523941040039
0.004088163375854492
0.0027811527252197266
0.004944562911987305
0.004124283790588379
0.005830287933349609
0.003915548324584961
0.0065860748291015625
0.005998373031616211
0.003453493118286133
0.004690885543823242
0.005223274230957031
0.0038874149322509766
0.004367828369140625
0.0038042068481445312
0.0052454471588134766
0.005690336227416992
0.007098674774169922
0.004885196685791016
0.0049822330474853516
0.004124164581298828
0.004709005355834961
0.0056650638580322266
0.004906654357910156
0.004293680191040039
0.004789948463439941
0.005491018295288086
0.0037543773651123047
0.0042934417724609375
0.005500197410583496
0.00450444221496582
0.00583195686340332
0.004966020584106445
0.004889726638793945
0.004008293151855469
0.004913330078125
0.0047414302825927734
0.0050127506256103516
0.004255175590515137
0.006304264068603516
0.0041010379791259766
0.004014015197753906
0.005346775054931641
0.005563974380493164
0.004149675369262695
0.003315448760986328
0.005906105041503906
0.005494356155395508
0.0034236907958984375
0.005636453628540039
0.0039997100830078125
0.003163576126098633
0.005954265594482422
0.00490880012512207
0.0051479339599609375
0.004549980163574219
0.0032167434692382812
0.005110025405883789
0.004101276397705078
0.006073951721191406
0.0041887760162353516
0.0046961307525634766
0.0040149688720703125
0.005761146545410156
0.00474858283996582
0.004520416259765625
0.004982709884643555
0.006134510040283203
0.004622936248779297
0.005579948425292969
0.0057027339935302734
0.004868030548095703
0.004426002502441406
0.006048440933227539
0.003769397735595703
0.004521846771240234
0.005221843719482422
0.003534078598022461
0.004221200942993164
0.005229949951171875
0.004068851470947266
0.005586385726928711
0.0029747486114501953
0.003462076187133789
0.004113197326660156
0.006161928176879883
0.00543212890625
0.0048291683197021484
0.004759550094604492
0.0064427852630615234
0.003694772720336914
0.0039825439453125
0.005173444747924805
0.004038214683532715
0.0038428306579589844
0.004771232604980469
0.005563020706176758
0.0037387609481811523
0.003320932388305664
0.0028150081634521484
0.0033702850341796875
0.005158185958862305
0.003804922103881836
0.004903316497802734
0.004340171813964844
0.0066986083984375
0.003467559814453125
0.004489421844482422
0.005274772644042969
0.004759788513183594
0.005383491516113281
0.0038671493530273438
0.005005598068237305
0.0026290416717529297
0.004933834075927734
0.006506681442260742
0.006629228591918945
0.004404783248901367
0.0052814483642578125
0.007909297943115234
0.005345582962036133
0.00483393669128418
0.003988742828369141
0.0047681331634521484
0.004923462867736816
0.0047168731689453125
0.0038576126098632812
0.005639314651489258
0.005498647689819336
0.005095958709716797
0.0062808990478515625
0.0052988529205322266
0.005446791648864746
0.003390789031982422
0.003681659698486328
0.004321098327636719
0.003887176513671875
0.004896402359008789
0.0062296390533447266
0.004569530487060547
0.003826141357421875
0.003495454788208008
0.005501270294189453
0.004430294036865234
0.006117105484008789
0.004591941833496094
0.005174160003662109
0.00524449348449707
0.0053157806396484375
0.004444122314453125
0.005199909210205078
0.004303693771362305
0.004512786865234375
0.004601001739501953
0.004306793212890625
0.004221677780151367
0.004403591156005859
0.005244731903076172
0.002663135528564453
0.005153179168701172
0.004120588302612305
0.0045642852783203125
0.004145622253417969
0.0034873485565185547
0.004736661911010742
0.0036973953247070312
0.004476785659790039
0.0048999786376953125
0.0042612552642822266
0.0039653778076171875
0.006312131881713867
0.006212472915649414
0.006150007247924805
0.004881143569946289
0.0043184757232666016
0.0038230419158935547
0.00554656982421875
0.005512237548828125
0.006154298782348633
0.004708290100097656
0.003397226333618164
0.003743886947631836
0.0035295486450195312
0.004277229309082031
0.003663778305053711
0.004315614700317383
0.0055370330810546875
0.003920078277587891
0.005209445953369141
0.00458979606628418
0.005480766296386719
0.004254579544067383
0.004548788070678711
0.005113124847412109
0.0045702457427978516
0.0056029558181762695
0.004286289215087891
0.0036666393280029297
0.005469322204589844
0.005807161331176758
0.004456520080566406
0.0060710906982421875
0.004004001617431641
0.00499272346496582
0.005684614181518555
0.0051229000091552734
0.004607677459716797
0.003704547882080078
0.004895925521850586
0.0062215328216552734
0.006652116775512695
0.004178404808044434
0.0048677921295166016
0.004163026809692383
0.003466367721557617
0.0038483142852783203
0.004424571990966797
0.004514455795288086
0.005602836608886719
0.004908084869384766
0.00402069091796875
0.004805088043212891
0.003442525863647461
0.005881309509277344
0.0037987232208251953
0.0037583112716674805
0.004370689392089844
0.004729032516479492
0.003287076950073242
0.005558490753173828
0.005736827850341797
0.004044771194458008
0.004654526710510254
0.005296230316162109
0.004819393157958984
0.004347085952758789
0.004508018493652344
0.006930351257324219
0.0032193660736083984
0.00525975227355957
0.0034215450286865234
0.006173491477966309
0.0028994083404541016
0.005248069763183594
0.005013942718505859
0.004958152770996094
0.005335330963134766
0.003896951675415039
0.004240989685058594
0.004251718521118164
0.005083560943603516
0.003696441650390625
0.005316972732543945
0.0068798065185546875
0.003917217254638672
0.0034422874450683594
0.005219459533691406
0.003879070281982422
0.004982948303222656
0.004015207290649414
0.005425691604614258
0.004380702972412109
0.004338264465332031
0.0037865638732910156
0.003317117691040039
0.0051381587982177734
0.005454063415527344
0.0035076141357421875
0.006446123123168945
0.004497051239013672
0.0052983760833740234
0.00559544563293457
0.004145145416259766
0.003721475601196289
0.0040493011474609375
0.0037436485290527344
0.004794120788574219
0.005541086196899414
0.0031137466430664062
0.006131649017333984
0.004080772399902344
0.004366397857666016
0.0042514801025390625
0.004380941390991211
0.005127429962158203
0.005125761032104492
0.00466609001159668
0.003972053527832031
0.004944324493408203
0.007058143615722656
0.004299163818359375
0.00478053092956543
0.0042667388916015625
0.004733562469482422
0.005141019821166992
0.0053691864013671875
0.0042951107025146484
0.0030193328857421875
0.004553794860839844
0.0031511783599853516
0.0040280818939208984
0.005414724349975586
0.0038194656372070312
0.006186485290527344
0.004571437835693359
0.003483295440673828
0.004553794860839844
0.004059553146362305
0.00626063346862793
0.004465579986572266
0.004536867141723633
0.004743337631225586
0.004133939743041992
0.003846883773803711
0.006680727005004883
0.0056803226470947266
0.005744218826293945
0.006108999252319336
0.004037380218505859
0.003909111022949219
0.00415802001953125
0.005133152008056641
0.004388093948364258
0.0035948753356933594
0.0040819644927978516
0.0057373046875
0.006505489349365234
0.0036618709564208984
0.003765106201171875
0.003539562225341797
0.003641843795776367
0.005183696746826172
0.0051767826080322266
0.00501704216003418
0.0047914981842041016
0.004021644592285156
0.0032529830932617188
0.004709959030151367
0.0027544498443603516
0.004604339599609375
0.005211353302001953
0.002644062042236328
0.004656791687011719
0.0040013790130615234
0.005479574203491211
0.003985166549682617
0.00556182861328125
0.005332469940185547
0.0049359798431396484
0.0072400569915771484
0.004383444786071777
0.005141258239746094
0.004347085952758789
0.006189107894897461
0.0037691593170166016
0.0068166255950927734
0.004256248474121094
0.004773616790771484
0.004989147186279297
0.0040433406829833984
0.0033037662506103516
0.003548145294189453
0.00576329231262207
0.00511622428894043
0.003264904022216797
0.005010843276977539
0.004153013229370117
0.005574226379394531
0.004863262176513672
0.003771066665649414
0.005316495895385742
0.005617380142211914
0.003627777099609375
0.005038022994995117
0.006318092346191406
0.005223751068115234
0.005320549011230469
0.004834651947021484
0.0037865638732910156
0.0045070648193359375
0.004075050354003906
0.004721879959106445
0.007818460464477539
0.003770112991333008
0.004469871520996094
0.003047466278076172
0.004247188568115234
0.005228996276855469
0.005078315734863281
0.003332376480102539
0.00414276123046875
0.005495548248291016
0.004220247268676758
0.0037322044372558594
0.00519108772277832
0.004045963287353516
0.003970623016357422
0.004528999328613281
0.003376483917236328
0.004339694976806641
0.003476381301879883
0.004243135452270508
0.0036933422088623047
0.003886699676513672
0.0048542022705078125
0.006358146667480469
0.003728628158569336
0.006301164627075195
0.004118204116821289
0.005381584167480469
0.0052530765533447266
0.0049855709075927734
0.004562854766845703
0.005035400390625
0.0035555362701416016
0.004118442535400391
0.005339622497558594
0.005751848220825195
0.00545811653137207
0.005131840705871582
0.0046346187591552734
0.0029990673065185547
0.0041997432708740234
0.004862785339355469
0.004507541656494141
0.003674745559692383
0.00577855110168457
0.0035295486450195312
0.004400491714477539
0.005403041839599609
0.00516057014465332
0.00426793098449707
0.004520893096923828
0.004008293151855469
0.0059359073638916016
0.004853963851928711
0.004141092300415039
0.004700660705566406
0.005936861038208008
0.0058252811431884766
0.0027441978454589844
0.004080533981323242
0.004361748695373535
0.0044651031494140625
0.0055637359619140625
0.004268646240234375
0.004354238510131836
0.006239414215087891
0.005443572998046875
0.004340410232543945
0.00465703010559082
0.0038192272186279297
0.006003618240356445
0.0046253204345703125
0.002946138381958008
0.0036830902099609375
0.0038385391235351562
0.0034334659576416016
0.005302906036376953
0.005460023880004883
0.0053234100341796875
0.004258632659912109
0.003316640853881836
0.004482746124267578
0.004744052886962891
0.003535747528076172
0.00402522087097168
0.006118297576904297
0.006093025207519531
0.004001617431640625
0.0033228397369384766
0.004452943801879883
0.003058195114135742
0.003942728042602539
0.005242109298706055
0.003675699234008789
0.006123065948486328
0.005364656448364258
0.004204988479614258
0.0039556026458740234
0.005245685577392578
0.005299806594848633
0.00437164306640625
0.004643440246582031
0.005440473556518555
0.005912303924560547
0.004881381988525391
0.006089925765991211
0.004465222358703613
0.004389524459838867
0.003763437271118164
0.003993988037109375
0.004398822784423828
0.0034990310668945312
0.004624843597412109
0.0031113624572753906
0.0049364566802978516
0.004393100738525391
0.005300760269165039
0.0049169063568115234
0.0044345855712890625
0.0045261383056640625
0.00305938720703125
0.0034971237182617188
0.003939151763916016
0.006537199020385742
0.004820585250854492
0.0042307376861572266
0.005603790283203125
0.003778219223022461
0.004823207855224609
0.004662036895751953
0.005151271820068359
0.004631757736206055
0.003686666488647461
0.0033485889434814453
0.005786895751953125
0.00443720817565918
0.007117509841918945
0.004418492317199707
0.0032873153686523438
0.005590677261352539
0.004545450210571289
0.005620479583740234
0.0053637027740478516
0.0037610530853271484
0.004523277282714844
0.004432201385498047
0.004865169525146484
0.004936695098876953
0.004087090492248535
0.005338907241821289
0.0044040679931640625
0.005340576171875
0.0035278797149658203
0.0035653114318847656
0.004954934120178223
0.0036919116973876953
0.00639653205871582
0.00435948371887207
0.004359006881713867
0.008217096328735352
0.004324436187744141
0.003025054931640625
0.004064798355102539
0.004515409469604492
0.005390167236328125
0.004260540008544922
0.0050699710845947266
0.004908561706542969
0.004933357238769531
0.004979133605957031
0.002682209014892578
0.003808259963989258
0.004705667495727539
0.0053980350494384766
0.0044519901275634766
0.00484776496887207
0.004150867462158203
0.004908204078674316
0.005356788635253906
0.0031690597534179688
0.0035469532012939453
0.00469517707824707
0.003789663314819336
0.004727602005004883
0.0055789947509765625
0.006429433822631836
0.0031843185424804688
0.004070758819580078
0.004141807556152344
0.00442814826965332
0.004187583923339844
0.004056215286254883
0.0067138671875
0.0033502578735351562
0.004775285720825195
0.006086587905883789
0.004168033599853516
0.0053558349609375
0.003683328628540039
0.004801511764526367
0.004954814910888672
0.005158901214599609
0.005409717559814453
0.004072666168212891
0.004311800003051758
0.0036696195602416992
0.004559993743896484
0.006009578704833984
0.0039980411529541016
0.0045223236083984375
0.005631685256958008
0.004446744918823242
0.006222963333129883
0.0034241676330566406
0.0034067630767822266
0.005570530891418457
0.0029227733612060547
0.004700660705566406
0.004975318908691406
0.004271984100341797
0.004064321517944336
0.0044596195220947266
0.003598451614379883
0.004773139953613281
0.006459236145019531
0.004350900650024414
0.004686594009399414
0.0035064220428466797
0.0042417049407958984
0.0034253597259521484
0.004869937896728516
0.005815267562866211
0.00400090217590332
0.003077983856201172
0.007278561592102051
0.005110502243041992
0.0039882659912109375
0.004670858383178711
0.004966020584106445
0.0051233768463134766
0.006026744842529297
0.004280567169189453
0.0032873153686523438
0.004920244216918945
0.004633665084838867
0.003570556640625
0.003620147705078125
0.005080223083496094
0.006404399871826172
0.005605220794677734
0.003918886184692383
0.0035963058471679688
0.002852201461791992
0.004372119903564453
0.004276275634765625
0.0053234100341796875
