325.6073000431061
324.4900007247925
323.9706439971924
323.6246519088745
323.1698377132416
322.47482657432556
322.27627897262573
320.6859042644501
319.94756865501404
320.36162638664246
319.8652219772339
319.0782868862152
318.98901104927063
319.2005681991577
318.1820721626282
319.46125841140747
319.3639221191406
318.8957374095917
318.3224995136261
318.66305589675903
319.44409823417664
318.5630805492401
317.2458815574646
319.22450971603394
318.68654561042786
318.38046312332153
318.2337121963501
318.3993625640869
317.69084906578064
318.3449287414551
317.1504626274109
317.04521799087524
315.3610751628876
312.00325751304626
298.7316815853119
281.88347363471985
276.747656583786
262.4255043268204
255.81361734867096
238.74038815498352
223.68188965320587
208.23515164852142
205.61807942390442
184.74340188503265
178.94367015361786
162.06005859375
150.73030948638916
145.6394880414009
122.97011142969131
115.1606273651123
113.48660218715668
117.48224729299545
96.84379294514656
86.43502673506737
92.31605476140976
92.78606078028679
69.84261092543602
71.07379442453384
58.14954283833504
48.20008686184883
56.99001717567444
53.41711759567261
50.54839688539505
40.957086473703384
33.35842999815941
33.50704148411751
33.41255885362625
31.57455015182495
22.38369980454445
21.943630754947662
19.86907696723938
19.334363639354706
17.596136271953583
19.146625697612762
24.44439125061035
21.182531237602234
12.68243670463562
15.493765413761139
8.75940990447998
8.047987759113312
10.722300589084625
12.468388438224792
8.649933815002441
5.958639860153198
16.063679456710815
9.634995818138123
9.148651778697968
16.882478892803192
4.736550152301788
2.618058741092682
6.246702432632446
6.924108684062958
3.857195258140564
2.4761544466018677
1.9311528205871582
13.395980417728424
10.18701857328415
10.852352321147919
5.449947714805603
3.041131854057312
6.189211010932922
3.368585467338562
2.3845235109329224
0.7107696533203125
0.4819962978363037
0.3045821189880371
0.2660238742828369
1.325239658355713
1.5305043458938599
0.3899390697479248
0.15535950660705566
0.12779295444488525
0.09764957427978516
0.13537096977233887
0.05719578266143799
0.04956173896789551
0.05205035209655762
0.05972480773925781
0.06338787078857422
0.042717695236206055
0.0329287052154541
0.030089616775512695
0.03839516639709473
0.03768634796142578
0.02846550941467285
0.03169405460357666
0.031094074249267578
0.022719740867614746
0.024254560470581055
0.018798112869262695
0.031232118606567383
0.025971531867980957
0.024005889892578125
0.02971804141998291
0.051568031311035156
0.050621628761291504
0.022530436515808105
0.026797175407409668
0.025119543075561523
0.020204663276672363
0.017536163330078125
0.02288985252380371
0.012912154197692871
0.028635740280151367
0.020354628562927246
0.017092108726501465
0.025180816650390625
0.015865802764892578
0.017452001571655273
0.017066240310668945
0.01612067222595215
0.011920571327209473
0.017796993255615234
0.012763500213623047
0.013900041580200195
0.013379335403442383
0.01537024974822998
0.012645483016967773
0.015006542205810547
0.009239435195922852
0.015111207962036133
0.013607025146484375
0.010669469833374023
0.010432243347167969
0.010365724563598633
0.010498762130737305
0.011889338493347168
0.010256171226501465
0.011875271797180176
0.010018587112426758
0.011132597923278809
0.012174487113952637
0.009623050689697266
0.009348869323730469
0.010401368141174316
0.012143373489379883
0.008237600326538086
0.01033473014831543
0.00767827033996582
0.008388042449951172
0.007288694381713867
0.007281780242919922
0.008969545364379883
0.00936436653137207
0.007040858268737793
0.011122465133666992
0.009952783584594727
0.007062435150146484
0.0072901248931884766
0.007482051849365234
0.01033639907836914
0.011444330215454102
0.0117034912109375
0.00906515121459961
0.006874203681945801
0.009981870651245117
0.00933694839477539
0.008634567260742188
0.007287859916687012
0.008641481399536133
0.009075760841369629
0.008894562721252441
0.008538961410522461
0.005851864814758301
0.008700370788574219
0.0063898563385009766
0.00850212574005127
0.006833791732788086
0.006172657012939453
0.0071942806243896484
0.005925893783569336
0.00851297378540039
0.0069963932037353516
0.0055179595947265625
0.006011605262756348
0.007860183715820312
0.00702512264251709
0.005813121795654297
0.005168914794921875
0.006967782974243164
0.0065784454345703125
0.006554126739501953
0.007344961166381836
0.007894277572631836
0.006850004196166992
0.006758689880371094
0.0069086551666259766
0.006032466888427734
0.006795167922973633
0.006489872932434082
0.005736589431762695
0.005060911178588867
0.005353450775146484
0.007985711097717285
0.00632023811340332
0.00791466236114502
0.006317615509033203
0.006062507629394531
0.0055654048919677734
0.0053441524505615234
0.00536799430847168
0.0054628849029541016
0.006074428558349609
0.005063056945800781
0.006950855255126953
0.005091667175292969
0.0063076019287109375
0.006446361541748047
0.004762887954711914
0.005413055419921875
0.0049288272857666016
0.005717277526855469
0.004640817642211914
0.006388187408447266
0.003710031509399414
0.005414009094238281
0.003964424133300781
0.0055419206619262695
0.004345417022705078
0.005980253219604492
0.004893302917480469
0.0068590641021728516
0.006693124771118164
0.005916118621826172
0.005364418029785156
0.00554656982421875
0.005454540252685547
0.004894733428955078
0.0036725997924804688
0.0063925981521606445
0.006148338317871094
0.0056095123291015625
0.005053997039794922
0.00530552864074707
0.0048961639404296875
0.005563259124755859
0.004060506820678711
0.003961801528930664
0.005562543869018555
0.0055620670318603516
0.0038781166076660156
0.0057561397552490234
0.003891468048095703
0.005385756492614746
0.004065990447998047
0.0041615962982177734
0.00325775146484375
0.004601001739501953
0.0053861141204833984
0.005363941192626953
0.006375908851623535
0.003588438034057617
0.0051670074462890625
0.0034177303314208984
0.004336357116699219
0.004667043685913086
0.004221200942993164
0.004337787628173828
0.0036246776580810547
0.004647493362426758
0.0048139095306396484
0.003958702087402344
0.004497528076171875
0.0052525997161865234
0.005745887756347656
0.0045909881591796875
0.0044019222259521484
0.004828929901123047
0.004495143890380859
0.0046885013580322266
0.003557443618774414
0.004035234451293945
0.0037386417388916016
0.005792140960693359
0.0032422542572021484
0.0034732818603515625
0.00417017936706543
0.004372358322143555
0.00405120849609375
0.004361391067504883
0.004250526428222656
0.0064389705657958984
0.003953456878662109
0.004447460174560547
0.0030813217163085938
0.004744768142700195
0.0049669742584228516
0.0031838417053222656
0.0035774707794189453
0.0033919811248779297
0.004174232482910156
0.0030541419982910156
0.0038303136825561523
0.003917217254638672
0.0029392242431640625
0.002355813980102539
0.005988121032714844
0.005242109298706055
0.004327297210693359
0.0023915767669677734
0.004082202911376953
0.0032896995544433594
0.006139278411865234
0.003000497817993164
0.003292083740234375
0.0040853023529052734
0.003332853317260742
0.003616809844970703
0.0032393932342529297
0.003360748291015625
0.0033571720123291016
0.0030977725982666016
0.003406524658203125
0.002905607223510742
0.003246307373046875
0.003355264663696289
0.004071712493896484
0.004144191741943359
0.003610849380493164
0.0035848617553710938
0.004063844680786133
0.003067493438720703
0.0038688182830810547
0.0031603574752807617
0.0038247108459472656
0.004601478576660156
0.002873659133911133
0.0029134750366210938
0.004348278045654297
0.004048824310302734
0.005168914794921875
0.0026884078979492188
0.004301548004150391
0.005268573760986328
0.004323482513427734
0.005232095718383789
0.003618955612182617
0.0030517578125
0.0042078495025634766
0.003641366958618164
0.003675222396850586
0.002947568893432617
0.0038352012634277344
0.0035872459411621094
0.004308938980102539
0.0030159950256347656
0.004135847091674805
0.0027093887329101562
0.0034933090209960938
0.0031282901763916016
0.002985239028930664
0.0022385120391845703
0.003359556198120117
0.0024776458740234375
0.0033283233642578125
0.0034232139587402344
0.003541231155395508
0.0025682449340820312
0.004655599594116211
0.0027513504028320312
0.003368854522705078
0.0035653114318847656
0.003574371337890625
0.002100706100463867
0.004113197326660156
0.0031812191009521484
0.004113435745239258
0.0019507408142089844
0.0028095245361328125
0.002466917037963867
0.0036258697509765625
0.003288745880126953
0.0031158924102783203
0.0037424564361572266
0.0026717185974121094
0.0036618709564208984
0.0020051002502441406
0.004495143890380859
0.003364086151123047
0.003966808319091797
0.003512144088745117
0.004220247268676758
0.0030045509338378906
0.004151105880737305
0.0024836063385009766
0.002621173858642578
0.0029642581939697266
0.003458738327026367
0.003681659698486328
0.003523111343383789
0.0030944347381591797
0.0028319358825683594
0.002680063247680664
0.0028717517852783203
0.002928495407104492
0.0038537979125976562
0.002531290054321289
0.0033524036407470703
0.0024590492248535156
0.002485036849975586
0.0031058788299560547
0.00426483154296875
0.003086090087890625
0.003187894821166992
0.0034017562866210938
0.0029535293579101562
0.0039789676666259766
0.0023882389068603516
0.004105567932128906
0.0028007030487060547
0.0025026798248291016
0.0030486583709716797
0.0027055740356445312
0.0032472610473632812
0.004076719284057617
0.0020401477813720703
0.0032737255096435547
0.0026617050170898438
0.003962993621826172
0.0033915042877197266
0.00215911865234375
0.0028603076934814453
0.003343343734741211
0.003391265869140625
0.004080772399902344
0.002363920211791992
0.003017425537109375
0.002401590347290039
0.003106355667114258
0.0027008056640625
0.0030066967010498047
0.002941608428955078
0.002226114273071289
0.0027551651000976562
0.0036089420318603516
0.0023238658905029297
0.0037527084350585938
0.0034852027893066406
0.0019278526306152344
0.003151416778564453
0.0028514862060546875
0.0030074119567871094
0.0026535987854003906
0.0030498504638671875
0.0032720565795898438
0.002513885498046875
0.0032715797424316406
0.0022690296173095703
0.0021202564239501953
0.0031986236572265625
0.003036975860595703
0.0033490657806396484
0.003512859344482422
0.0025365352630615234
0.002507448196411133
0.003565073013305664
0.002260923385620117
0.0030112266540527344
0.0034666061401367188
0.002588033676147461
0.002112865447998047
0.00270843505859375
0.00228118896484375
0.0026519298553466797
0.002412080764770508
0.0035669803619384766
0.0028312206268310547
0.0022673606872558594
0.00322723388671875
0.0029358863830566406
0.0027039051055908203
0.0024933815002441406
0.002970457077026367
0.002232074737548828
0.002986907958984375
0.0021507740020751953
0.0033855438232421875
0.002443075180053711
0.0034542083740234375
0.002385377883911133
0.0022063255310058594
0.0031805038452148438
0.004219532012939453
0.002439737319946289
0.0030977725982666016
0.0025167465209960938
0.0018470287322998047
0.0024433135986328125
0.002180337905883789
0.002928495407104492
0.002789735794067383
0.0023119449615478516
0.002513885498046875
0.0028228759765625
0.002743244171142578
0.0023241043090820312
0.0022742748260498047
0.0024399757385253906
0.0028083324432373047
0.0036144256591796875
0.0030345916748046875
0.00362396240234375
0.001996755599975586
0.00388336181640625
0.002173185348510742
0.002657651901245117
0.003263235092163086
0.002474546432495117
0.0031213760375976562
0.003175973892211914
0.0022535324096679688
0.002485036849975586
0.0024595260620117188
0.002800464630126953
0.0023555755615234375
0.0028676986694335938
0.003185272216796875
0.0033609867095947266
0.002839326858520508
0.001886129379272461
0.002924203872680664
0.0026319026947021484
0.0025386810302734375
0.002554655075073242
0.002085447311401367
0.0021011829376220703
0.0031676292419433594
0.0031647682189941406
0.0026111602783203125
0.002852201461791992
0.002413511276245117
0.0026836395263671875
0.002295255661010742
0.00328826904296875
0.0017223358154296875
0.0025169849395751953
0.0026540756225585938
0.002481698989868164
0.002433300018310547
0.0021331310272216797
0.002613067626953125
0.002414703369140625
0.0024979114532470703
0.002048015594482422
0.0029289722442626953
0.0028409957885742188
0.0032994747161865234
0.003976583480834961
0.0030105113983154297
0.002460956573486328
0.0036780834197998047
0.002226591110229492
0.0018610954284667969
0.0019767284393310547
0.0021119117736816406
0.0025992393493652344
0.0020356178283691406
0.002329587936401367
0.0025599002838134766
0.0028867721557617188
0.0019383430480957031
0.003036022186279297
0.003307819366455078
0.0028350353240966797
0.0021021366119384766
0.0022134780883789062
0.003229856491088867
0.0023674964904785156
0.002173185348510742
0.0022735595703125
0.002885103225708008
0.0023870468139648438
0.002493143081665039
0.0018668174743652344
0.002647876739501953
0.0016956329345703125
0.002285480499267578
0.002153635025024414
0.003439188003540039
0.0024156570434570312
0.0022084712982177734
0.004389524459838867
0.002538919448852539
0.002797365188598633
0.0030324459075927734
0.0020787715911865234
0.0031423568725585938
0.002011537551879883
0.0025861263275146484
0.00199127197265625
0.001745462417602539
0.003202199935913086
0.0023055076599121094
0.002253293991088867
0.0028107166290283203
0.002282857894897461
0.0022475719451904297
0.0022745132446289062
0.0025877952575683594
0.0022580623626708984
0.002408742904663086
0.0019669532775878906
0.0020759105682373047
0.0019299983978271484
0.0031363964080810547
0.0035305023193359375
0.0027570724487304688
0.002861499786376953
0.0028319358825683594
0.0015702247619628906
0.0031871795654296875
0.0021657943725585938
0.002814054489135742
0.0020172595977783203
0.003507375717163086
0.0019376277923583984
0.0019409656524658203
0.002167940139770508
0.002879619598388672
0.002729177474975586
0.0027747154235839844
0.002723217010498047
0.002624988555908203
0.0019443035125732422
0.0029938220977783203
0.0018532276153564453
0.0018525123596191406
0.002750396728515625
0.002147674560546875
0.0022051334381103516
0.002451658248901367
0.0028111934661865234
0.0019488334655761719
0.0025322437286376953
0.0026421546936035156
0.003368377685546875
0.0020830631256103516
0.0021643638610839844
0.0017971992492675781
0.0021317005157470703
0.0019288063049316406
0.0023949146270751953
0.002767801284790039
0.0020487308502197266
0.0021309852600097656
0.0022394657135009766
0.0028443336486816406
0.002569913864135742
0.0023965835571289062
0.0028791427612304688
0.003017902374267578
0.0026421546936035156
0.0025718212127685547
0.003566741943359375
0.0019292831420898438
0.0029680728912353516
0.00310516357421875
0.002159595489501953
0.002026796340942383
0.0018379688262939453
0.0016486644744873047
0.0026998519897460938
0.003027200698852539
0.0018875598907470703
0.0019176006317138672
0.002227783203125
0.003197908401489258
0.0020287036895751953
0.002391338348388672
0.0020532608032226562
0.002574920654296875
0.002305746078491211
0.0016045570373535156
0.0017981529235839844
0.0017132759094238281
0.0016536712646484375
0.0029511451721191406
0.0026772022247314453
0.0026085376739501953
0.0026082992553710938
0.0028252601623535156
0.002109050750732422
0.0027005672454833984
0.002070903778076172
0.0019941329956054688
0.0018460750579833984
0.0022711753845214844
0.0024094581604003906
0.0028848648071289062
0.0016388893127441406
0.002027273178100586
0.0022602081298828125
0.002834796905517578
0.002017974853515625
0.002344846725463867
0.0018627643585205078
0.002812623977661133
0.0031232833862304688
0.0026137828826904297
0.002774953842163086
0.001987457275390625
0.0026068687438964844
0.0017485618591308594
0.002460956573486328
0.0022292137145996094
0.0021860599517822266
0.002887725830078125
0.0013396739959716797
0.0028319358825683594
0.002309560775756836
0.002852201461791992
0.002420663833618164
0.0023775100708007812
0.002004384994506836
0.002132415771484375
0.0027763843536376953
0.0020325183868408203
0.0019686222076416016
0.0016529560089111328
0.0021119117736816406
0.002834796905517578
0.0023658275604248047
0.0015823841094970703
0.0021021366119384766
0.002598285675048828
0.0025658607482910156
0.0023682117462158203
0.0031938552856445312
0.0015263557434082031
0.0022881031036376953
0.0018944740295410156
0.0018138885498046875
0.0023529529571533203
0.0019218921661376953
0.0025932788848876953
0.002386808395385742
0.0023889541625976562
0.002650022506713867
0.001989126205444336
0.0020186901092529297
0.002630472183227539
0.0028395652770996094
0.0025787353515625
0.0018398761749267578
0.0025756359100341797
0.0025391578674316406
0.0024611949920654297
0.0020394325256347656
0.0021681785583496094
0.0020656585693359375
0.002660036087036133
0.0023360252380371094
0.003064393997192383
0.0023958683013916016
0.002017498016357422
0.0021431446075439453
0.0018968582153320312
0.0017313957214355469
0.002088785171508789
0.0041234493255615234
0.001695394515991211
0.002483367919921875
0.0015549659729003906
0.0022170543670654297
0.0020079612731933594
0.0029180049896240234
0.0026390552520751953
0.0023758411407470703
0.002517223358154297
0.001909494400024414
0.0020530223846435547
0.0014469623565673828
0.002434253692626953
0.0015866756439208984
0.0026149749755859375
0.0020194053649902344
0.0022897720336914062
0.002513885498046875
0.002482891082763672
0.0017821788787841797
0.0018939971923828125
0.0019168853759765625
0.0022211074829101562
0.0021064281463623047
0.0020608901977539062
0.0026950836181640625
0.0019230842590332031
0.0016429424285888672
0.0029163360595703125
0.001708984375
0.002604961395263672
0.0025408267974853516
0.0021164417266845703
0.0016510486602783203
0.0025475025177001953
0.0022125244140625
0.0026044845581054688
0.0024378299713134766
0.003011941909790039
0.0019931793212890625
0.0027036666870117188
0.0022192001342773438
0.0025510787963867188
0.002682209014892578
0.0017268657684326172
0.0021371841430664062
0.0026972293853759766
0.0025653839111328125
0.001504659652709961
0.001737833023071289
0.0022203922271728516
0.0023314952850341797
0.0020208358764648438
0.0018985271453857422
0.0025289058685302734
0.0013124942779541016
0.0017261505126953125
0.0019352436065673828
0.002440929412841797
0.002601146697998047
0.0020399093627929688
0.0029401779174804688
0.0025491714477539062
0.0024819374084472656
0.002274036407470703
0.0023665428161621094
0.0027921199798583984
0.0024404525756835938
0.0028562545776367188
0.0024306774139404297
0.002210855484008789
0.0029048919677734375
0.001954317092895508
0.0017211437225341797
0.0019440650939941406
0.0018754005432128906
0.002406597137451172
0.0019490718841552734
0.0022237300872802734
0.0017762184143066406
0.0019044876098632812
0.0021622180938720703
0.0025479793548583984
0.001617431640625
0.0023069381713867188
0.0022804737091064453
0.0024089813232421875
0.0019817352294921875
0.002439737319946289
0.001627206802368164
0.00250244140625
0.002009153366088867
0.0021305084228515625
0.0015115737915039062
0.001916646957397461
0.0025856494903564453
0.002896547317504883
0.0020287036895751953
0.0018706321716308594
0.002068042755126953
0.0024399757385253906
0.0023088455200195312
0.0023317337036132812
0.002569437026977539
0.0021228790283203125
0.0027866363525390625
0.0016863346099853516
0.002360105514526367
0.002135038375854492
0.0025053024291992188
0.002032756805419922
0.0014836788177490234
0.0030858516693115234
0.0025510787963867188
0.0024678707122802734
0.001950979232788086
0.0016307830810546875
0.0018815994262695312
0.0029687881469726562
0.0019266605377197266
0.002459287643432617
0.0022041797637939453
0.0022003650665283203
0.002398967742919922
0.0019500255584716797
0.0019838809967041016
0.002320528030395508
0.0019588470458984375
0.0022275447845458984
0.0017032623291015625
0.0027246475219726562
0.0030126571655273438
0.002057313919067383
0.002846240997314453
0.002155780792236328
0.001918792724609375
0.001997232437133789
0.002487659454345703
0.0019388198852539062
0.0013074874877929688
0.0018677711486816406
0.0015287399291992188
0.002508878707885742
0.0021278858184814453
0.0016379356384277344
0.0025908946990966797
0.0027620792388916016
0.0020182132720947266
0.0015401840209960938
0.002411365509033203
0.0020842552185058594
0.002135038375854492
0.0021741390228271484
0.0020818710327148438
0.002156496047973633
0.002677440643310547
0.0027246475219726562
0.0024335384368896484
0.001798868179321289
0.0021288394927978516
0.0017044544219970703
0.002104043960571289
0.0020895004272460938
0.0024292469024658203
0.0019829273223876953
0.0016188621520996094
0.0018033981323242188
0.0022766590118408203
0.002252340316772461
0.001703023910522461
0.002004384994506836
0.0022225379943847656
0.0020360946655273438
0.001810312271118164
0.002440214157104492
0.002503633499145508
0.00211334228515625
0.0027306079864501953
0.002375364303588867
0.0029745101928710938
0.0018506050109863281
0.001977205276489258
0.001766204833984375
0.0029344558715820312
0.0017728805541992188
0.0018000602722167969
0.0016155242919921875
0.002502918243408203
0.0025529861450195312
0.0022504329681396484
0.0020301342010498047
0.002017498016357422
0.002962827682495117
0.003162860870361328
0.0023856163024902344
0.0026695728302001953
0.0015320777893066406
0.0020139217376708984
0.002245664596557617
0.0027921199798583984
0.0019850730895996094
0.002355337142944336
0.0019445419311523438
0.001939535140991211
0.0019729137420654297
0.0026776790618896484
0.001668691635131836
0.0016629695892333984
0.0017631053924560547
0.002428770065307617
0.001486063003540039
0.001886129379272461
0.002094745635986328
0.002218008041381836
0.0019631385803222656
0.0019731521606445312
0.002137422561645508
0.002560853958129883
0.002015829086303711
0.001556396484375
0.0017337799072265625
0.0016400814056396484
0.0013828277587890625
0.002595663070678711
0.002461671829223633
0.003017425537109375
0.001744985580444336
0.002902984619140625
0.002449512481689453
0.0028100013732910156
0.0019550323486328125
0.002296924591064453
0.0020720958709716797
0.002274036407470703
0.002294778823852539
0.0020248889923095703
0.0020372867584228516
0.002237558364868164
0.002424955368041992
0.0023708343505859375
0.0021028518676757812
0.0016512870788574219
0.0020165443420410156
0.0019598007202148438
0.0022618770599365234
0.002007722854614258
0.0018870830535888672
0.0030717849731445312
0.001857757568359375
0.0021924972534179688
0.0017728805541992188
0.001901865005493164
0.0017650127410888672
0.0018489360809326172
0.0026636123657226562
0.002420186996459961
0.0014891624450683594
0.001684427261352539
0.0017726421356201172
0.0019316673278808594
0.0020079612731933594
0.002058267593383789
0.002335786819458008
0.001996755599975586
0.0024733543395996094
0.0017011165618896484
0.002290010452270508
0.002081155776977539
0.002259492874145508
0.0017943382263183594
0.002724885940551758
0.0022590160369873047
0.002193927764892578
0.0019452571868896484
0.002074003219604492
0.001894235610961914
0.0031905174255371094
0.0017368793487548828
0.002183198928833008
0.001598358154296875
0.0022563934326171875
0.002340555191040039
0.0022428035736083984
0.002391815185546875
0.0028123855590820312
0.0018410682678222656
0.0021169185638427734
0.0020203590393066406
0.002261638641357422
0.0019364356994628906
0.0016970634460449219
0.0020151138305664062
0.002652883529663086
0.002382516860961914
0.0017464160919189453
0.002991199493408203
0.002100706100463867
0.001989603042602539
0.001806020736694336
0.0026073455810546875
0.0019791126251220703
0.0020613670349121094
0.0018024444580078125
0.0015652179718017578
0.0014772415161132812
0.0017991065979003906
0.002124786376953125
0.0036437511444091797
0.002213001251220703
0.0018515586853027344
0.0016734600067138672
0.0025238990783691406
0.0016961097717285156
0.00180816650390625
0.002101421356201172
0.0019948482513427734
0.0027785301208496094
0.0019800662994384766
0.0024323463439941406
0.002218961715698242
0.002252340316772461
0.0017135143280029297
0.0021097660064697266
0.002116680145263672
0.002285003662109375
0.0025205612182617188
0.0019829273223876953
0.00201416015625
0.002265453338623047
0.0017774105072021484
0.0020949840545654297
0.001725912094116211
0.0030586719512939453
0.002440214157104492
0.0014574527740478516
0.0018095970153808594
0.002193450927734375
0.0015716552734375
0.002424955368041992
0.0016849040985107422
0.002639293670654297
0.0028352737426757812
0.002448558807373047
0.001184225082397461
0.0016450881958007812
0.0019655227661132812
0.002622365951538086
0.002028226852416992
0.0020439624786376953
0.001712799072265625
0.0026183128356933594
0.002361297607421875
0.0021958351135253906
0.0018582344055175781
0.002406597137451172
0.0017590522766113281
0.002172708511352539
0.002271413803100586
0.0024559497833251953
0.002377033233642578
0.0029120445251464844
0.002471923828125
0.0020575523376464844
0.0018582344055175781
0.002134561538696289
0.0029611587524414062
0.0014986991882324219
0.002186298370361328
0.0015451908111572266
0.0022237300872802734
0.001811981201171875
0.0023391246795654297
0.002046346664428711
0.001856088638305664
0.002009153366088867
0.0020716190338134766
0.0017323493957519531
0.0017161369323730469
0.0015094280242919922
0.002097606658935547
0.001638650894165039
0.0019989013671875
0.001796722412109375
0.0020606517791748047
0.0015418529510498047
0.002164602279663086
0.0020494461059570312
0.003131866455078125
0.0031862258911132812
0.0017206668853759766
0.002067089080810547
0.00228118896484375
0.0020704269409179688
0.0017609596252441406
0.001355886459350586
0.0029244422912597656
0.001995563507080078
0.0019440650939941406
0.0025315284729003906
0.002289295196533203
0.003011465072631836
0.0020952224731445312
0.0017812252044677734
0.0016744136810302734
0.0016994476318359375
0.002257823944091797
0.0013394355773925781
0.0021598339080810547
0.0023756027221679688
0.001936197280883789
0.0023832321166992188
0.0023000240325927734
0.0018129348754882812
0.0033349990844726562
0.0019326210021972656
0.0017671585083007812
0.002397775650024414
0.0020225048065185547
0.0017247200012207031
0.002298116683959961
0.0022499561309814453
0.001956939697265625
0.0020904541015625
0.0018007755279541016
0.0022253990173339844
0.0014503002166748047
0.0015823841094970703
0.002218008041381836
0.0021393299102783203
0.0028600692749023438
0.0023458003997802734
0.00193023681640625
0.0032067298889160156
0.0022020339965820312
0.0021736621856689453
0.001706838607788086
0.001705169677734375
0.0015647411346435547
0.0015532970428466797
0.0018227100372314453
0.002032756805419922
0.002115964889526367
0.0023186206817626953
0.0027246475219726562
0.0015189647674560547
0.001909494400024414
0.0014777183532714844
0.0020279884338378906
0.002551555633544922
0.0015888214111328125
0.002169370651245117
0.0019559860229492188
0.001924753189086914
0.0025589466094970703
0.002170562744140625
0.0021893978118896484
0.002461671829223633
0.0025293827056884766
0.0014801025390625
0.0018379688262939453
0.0025429725646972656
0.002240896224975586
0.0025534629821777344
0.002099752426147461
0.0024874210357666016
0.002183198928833008
0.0017385482788085938
0.0021445751190185547
0.0019686222076416016
0.0015091896057128906
0.0016255378723144531
0.0022237300872802734
0.0016007423400878906
0.0025527477264404297
0.002283334732055664
0.002158641815185547
0.0021271705627441406
0.002096891403198242
0.001958131790161133
0.0015549659729003906
0.00247955322265625
0.002086162567138672
0.0019099712371826172
0.001920938491821289
0.0019268989562988281
0.002477407455444336
0.0021407604217529297
0.001674652099609375
0.002606630325317383
0.0022754669189453125
0.002405405044555664
0.0020494461059570312
0.0027675628662109375
0.0022230148315429688
0.002080202102661133
0.0018393993377685547
0.0026137828826904297
0.001956939697265625
0.0027663707733154297
0.002424955368041992
0.0011191368103027344
0.0026743412017822266
0.0023581981658935547
0.0018322467803955078
0.0011854171752929688
0.002262115478515625
0.0015614032745361328
0.003292560577392578
0.0017273426055908203
0.0015883445739746094
0.0015218257904052734
0.002203702926635742
0.002641439437866211
0.001955270767211914
0.0014235973358154297
0.002217531204223633
0.00211334228515625
0.001705169677734375
0.00177001953125
0.001955270767211914
0.0021381378173828125
0.0019922256469726562
0.0023047924041748047
0.002409219741821289
0.0018796920776367188
0.002436399459838867
0.001491546630859375
0.0019397735595703125
0.002155780792236328
0.0017421245574951172
0.0017230510711669922
0.0015270709991455078
0.0015795230865478516
0.0017502307891845703
0.0026311874389648438
0.00223541259765625
0.0019145011901855469
0.0020542144775390625
0.0028405189514160156
0.002764463424682617
0.001993417739868164
0.0016777515411376953
0.0020668506622314453
0.002528667449951172
0.0018000602722167969
0.002480030059814453
0.0019485950469970703
0.002278566360473633
0.001832723617553711
0.0019960403442382812
0.0016548633575439453
0.003118753433227539
0.002294301986694336
0.0016634464263916016
0.002460479736328125
0.002168893814086914
0.001985311508178711
0.0020411014556884766
0.0021326541900634766
0.0017137527465820312
0.0015370845794677734
0.0012323856353759766
0.0022428035736083984
0.0015804767608642578
0.0018112659454345703
0.0020248889923095703
0.00235748291015625
0.0020873546600341797
0.002397775650024414
0.0024847984313964844
0.0015454292297363281
0.002253293991088867
0.0027914047241210938
0.0022172927856445312
0.0016236305236816406
0.002969980239868164
0.0021657943725585938
0.0022826194763183594
0.0029048919677734375
0.001971721649169922
0.0026276111602783203
0.0016026496887207031
0.0016503334045410156
0.0021920204162597656
0.0015873908996582031
0.002531290054321289
0.0018990039825439453
0.002080678939819336
0.00240325927734375
0.0018329620361328125
0.002190113067626953
0.0014905929565429688
0.0018455982208251953
0.00228118896484375
0.0017321109771728516
0.0016524791717529297
0.0016927719116210938
0.0017991065979003906
0.002772808074951172
0.0028007030487060547
0.0026056766510009766
0.001955270767211914
0.0017883777618408203
0.0016529560089111328
0.0025238990783691406
0.0030014514923095703
0.0019996166229248047
0.001718759536743164
0.0017316341400146484
0.001729726791381836
0.0016527175903320312
0.001764059066772461
0.002245187759399414
0.002061128616333008
0.0016939640045166016
0.0018839836120605469
0.0020155906677246094
0.002295970916748047
0.0021855831146240234
0.0024566650390625
0.002315521240234375
0.0022563934326171875
0.0018801689147949219
0.0024538040161132812
0.0029973983764648438
0.0018646717071533203
0.001825094223022461
0.0017445087432861328
0.0021789073944091797
0.002171754837036133
0.0021996498107910156
0.0019452571868896484
0.0020966529846191406
0.0024023056030273438
0.0017390251159667969
0.0013475418090820312
0.0017638206481933594
0.001672506332397461
0.0018587112426757812
0.002325296401977539
0.002483367919921875
0.002507925033569336
0.0016515254974365234
0.001516580581665039
0.0024945735931396484
0.0016880035400390625
0.002332448959350586
0.0018513202667236328
0.0026407241821289062
0.002450704574584961
0.0018954277038574219
0.0017147064208984375
0.002228260040283203
0.0018978118896484375
0.0013530254364013672
0.002175569534301758
0.0027239322662353516
0.0021131038665771484
0.003172636032104492
0.002237558364868164
0.0013675689697265625
0.002624034881591797
0.0020570755004882812
0.0029113292694091797
0.0016071796417236328
0.0016646385192871094
0.0024678707122802734
0.002290010452270508
0.0016536712646484375
0.002103567123413086
0.003086090087890625
0.0025658607482910156
0.0016887187957763672
0.0024340152740478516
0.0032744407653808594
0.002266407012939453
0.0014488697052001953
0.0015234947204589844
0.002612590789794922
0.0020563602447509766
0.0016131401062011719
0.0013127326965332031
0.0019724369049072266
0.0029265880584716797
0.0013730525970458984
0.0020864009857177734
0.0012617111206054688
0.0022957324981689453
0.0021903514862060547
0.0016222000122070312
0.001990795135498047
0.0017943382263183594
0.0017368793487548828
0.0016717910766601562
0.002166748046875
0.002363443374633789
0.001986265182495117
0.0019829273223876953
0.0020508766174316406
0.0023381710052490234
0.0014448165893554688
0.0017359256744384766
0.0026352405548095703
0.0025649070739746094
0.002010822296142578
0.002293825149536133
0.0023849010467529297
0.0018851757049560547
0.0017554759979248047
0.0022826194763183594
0.0017299652099609375
0.001802206039428711
0.0022139549255371094
0.0017120838165283203
0.0018427371978759766
0.001970052719116211
0.002427339553833008
0.0018019676208496094
0.002357006072998047
0.0014426708221435547
0.0015871524810791016
0.001621246337890625
0.0017764568328857422
0.002264261245727539
0.0022478103637695312
0.0020775794982910156
0.0029473304748535156
0.0019948482513427734
0.0027484893798828125
0.0023889541625976562
0.0022034645080566406
0.0017321109771728516
0.0019385814666748047
0.0021104812622070312
0.0017766952514648438
0.0029671192169189453
0.002526521682739258
0.0021698474884033203
0.0021288394927978516
0.0015821456909179688
0.0021212100982666016
0.0026504993438720703
0.0016469955444335938
0.001888275146484375
0.0017745494842529297
0.0016651153564453125
0.0018231868743896484
0.002026081085205078
0.0020265579223632812
0.0023283958435058594
0.0018227100372314453
0.0022017955780029297
0.0024347305297851562
0.001787424087524414
0.002275228500366211
0.0017273426055908203
0.002197265625
0.0017695426940917969
0.0017704963684082031
0.0023605823516845703
0.002501249313354492
0.001967906951904297
0.001699686050415039
0.0031261444091796875
0.0016391277313232422
0.0032758712768554688
0.0022258758544921875
0.0020599365234375
0.0021295547485351562
0.0021991729736328125
0.0019931793212890625
0.0028090476989746094
0.001779794692993164
0.002320528030395508
0.0017101764678955078
0.0023877620697021484
0.0021064281463623047
0.002088785171508789
0.0022346973419189453
0.0015397071838378906
0.0016949176788330078
0.001920461654663086
0.0013103485107421875
0.0020940303802490234
0.0018389225006103516
0.0018532276153564453
0.0014657974243164062
0.0015816688537597656
0.0027539730072021484
0.0018494129180908203
0.0027115345001220703
0.0025970935821533203
0.002249479293823242
0.0027663707733154297
0.0016880035400390625
0.0022115707397460938
0.001795053482055664
0.001939535140991211
0.0022826194763183594
0.0014233589172363281
0.00182342529296875
0.0038633346557617188
0.001978158950805664
0.002335071563720703
0.0016095638275146484
0.0016825199127197266
0.0017423629760742188
0.002514362335205078
0.0015716552734375
0.0014011859893798828
0.0023598670959472656
0.002322673797607422
0.0027008056640625
0.0024619102478027344
0.0020294189453125
0.0019872188568115234
0.0017361640930175781
0.0018393993377685547
0.0017995834350585938
0.0015544891357421875
0.0019538402557373047
0.0026264190673828125
0.0015804767608642578
0.0026378631591796875
0.0021882057189941406
0.0017948150634765625
0.0016689300537109375
0.0017642974853515625
0.0017476081848144531
0.0026941299438476562
0.002474069595336914
0.0023157596588134766
0.002787351608276367
0.001798868179321289
0.002415895462036133
0.002367258071899414
0.002122163772583008
0.002203226089477539
0.0023238658905029297
0.0018930435180664062
0.0019063949584960938
0.0016968250274658203
0.0022134780883789062
0.002279520034790039
0.0018949508666992188
0.002650022506713867
0.0017399787902832031
0.0015406608581542969
0.0018715858459472656
0.0021882057189941406
0.0020630359649658203
0.0017876625061035156
0.0021185874938964844
0.0017185211181640625
0.0015897750854492188
0.0018868446350097656
0.0016179084777832031
0.0017390251159667969
0.0025701522827148438
0.002138853073120117
0.001562356948852539
0.0016963481903076172
0.0016810894012451172
0.002588033676147461
0.0026438236236572266
0.0026209354400634766
0.001729726791381836
0.0017061233520507812
0.0015649795532226562
0.0014786720275878906
0.0018591880798339844
0.0020782947540283203
0.001924753189086914
0.0020678043365478516
0.0018763542175292969
0.002515554428100586
0.0017368793487548828
0.0018606185913085938
0.001865386962890625
0.002006053924560547
0.0021626949310302734
0.0028476715087890625
0.002586841583251953
0.001903533935546875
0.0022215843200683594
0.0022096633911132812
0.0026197433471679688
0.0019168853759765625
0.0019142627716064453
0.0020880699157714844
0.002530336380004883
0.002546548843383789
0.0017447471618652344
0.0018601417541503906
0.0023488998413085938
0.0021071434020996094
0.0019381046295166016
0.0016598701477050781
0.0029213428497314453
0.0022852420806884766
