326.1392421722412
325.35515546798706
324.2656738758087
323.6615061759949
322.93297290802
322.3703193664551
322.1453866958618
320.98188948631287
320.5323574542999
319.6840007305145
319.051477432251
319.77965784072876
318.10996198654175
319.97067523002625
318.9359269142151
318.4908175468445
319.47446942329407
318.3882632255554
319.15140104293823
318.4167125225067
318.5701732635498
319.033944606781
317.6916301250458
318.3304328918457
318.9447741508484
318.02717566490173
317.32327914237976
316.32571268081665
315.09586787223816
307.68193316459656
291.2640006542206
282.5186057090759
270.73664450645447
249.04567909240723
220.8095144033432
193.30521976947784
176.6830848455429
169.36285695433617
153.5508571267128
147.59272933006287
114.15655386447906
116.26115936040878
103.27222031354904
93.44827476143837
80.0631018280983
70.25239518284798
65.65524151921272
59.194413751363754
57.75754687190056
55.19624888896942
48.70915272831917
36.900458961725235
27.819415628910065
30.209164440631866
22.23554265499115
22.19333377480507
26.987468153238297
21.339622795581818
30.354696393013
22.69829085469246
14.155065059661865
13.642911791801453
13.382678747177124
10.108505606651306
9.800261437892914
11.5005544424057
12.791069388389587
16.367004334926605
4.496147334575653
4.380591630935669
8.074257850646973
3.461003541946411
9.354614913463593
5.119333267211914
5.696648716926575
0.8072344064712524
0.3303110599517822
0.24928295612335205
0.38199055194854736
3.866364002227783
2.498321831226349
3.9587565064430237
1.5269478559494019
9.20423275232315
6.22880345582962
3.1449127793312073
1.1512762308120728
0.3986779451370239
0.9549297094345093
0.3378102779388428
0.2493746280670166
0.13113999366760254
0.12453603744506836
0.10859405994415283
0.05877220630645752
0.05903971195220947
0.07765579223632812
0.04658222198486328
0.11451900005340576
0.08065032958984375
0.06103551387786865
0.03386878967285156
0.014282464981079102
0.02108752727508545
0.023990392684936523
0.011498332023620605
0.022600173950195312
0.013223767280578613
0.01755666732788086
0.02859973907470703
0.017850637435913086
0.012926340103149414
0.015973925590515137
0.012896180152893066
0.01715993881225586
0.011074542999267578
0.015443801879882812
0.014067530632019043
0.010738611221313477
0.010589241981506348
0.011456489562988281
0.014582633972167969
0.012592792510986328
0.009235620498657227
0.008687019348144531
0.010648846626281738
0.009790539741516113
0.006623506546020508
0.017423629760742188
0.0076711177825927734
0.00763094425201416
0.016110897064208984
0.008819818496704102
0.010682344436645508
0.011777877807617188
0.008042335510253906
0.007058262825012207
0.006340622901916504
0.006926059722900391
0.006337881088256836
0.00728154182434082
0.005780220031738281
0.006251811981201172
0.008672237396240234
0.005745649337768555
0.004621267318725586
0.006622314453125
0.005690097808837891
0.006746530532836914
0.012398242950439453
0.006957054138183594
0.0064231157302856445
0.006155252456665039
0.0074005126953125
0.0042073726654052734
0.006194114685058594
0.00663149356842041
0.005927085876464844
0.006734967231750488
0.005937337875366211
0.006245136260986328
0.0040302276611328125
0.005713939666748047
0.010381579399108887
0.006378889083862305
0.0050334930419921875
0.004164457321166992
0.0032416582107543945
0.006732821464538574
0.00793302059173584
0.003179788589477539
0.005556821823120117
0.003408670425415039
0.005282163619995117
0.0066645145416259766
0.004731893539428711
0.0042133331298828125
0.0046231746673583984
0.004465579986572266
0.004536151885986328
0.00419163703918457
0.004272937774658203
0.004853010177612305
0.004756450653076172
0.004426360130310059
0.004452347755432129
0.0048372745513916016
0.0027437210083007812
0.005094766616821289
0.0036035776138305664
0.004546165466308594
0.004146099090576172
0.006006002426147461
0.005276203155517578
0.004164934158325195
0.004812479019165039
0.004231452941894531
0.003409147262573242
0.00528872013092041
0.005548238754272461
0.0035638809204101562
0.005190253257751465
0.0044248104095458984
0.003679990768432617
0.0036208629608154297
0.005433797836303711
0.004843711853027344
0.0026531219482421875
0.002848386764526367
0.002300739288330078
0.004024505615234375
0.0034232139587402344
0.0040776729583740234
0.005532026290893555
0.003782987594604492
0.003287792205810547
0.0030183792114257812
0.004354000091552734
0.003590822219848633
0.002827882766723633
0.003250598907470703
0.0031495094299316406
0.002812504768371582
0.003177642822265625
0.003860950469970703
0.0035674571990966797
0.002911806106567383
0.0028769969940185547
0.003535747528076172
0.0034470558166503906
0.003274202346801758
0.003424406051635742
0.0035055875778198242
0.0036509037017822266
0.0040607452392578125
0.003938198089599609
0.003753185272216797
0.003665924072265625
0.002485990524291992
0.0035581588745117188
0.002489805221557617
0.004093170166015625
0.002900838851928711
0.002658367156982422
0.0031447410583496094
0.004040241241455078
0.002926349639892578
0.003309488296508789
0.0034456253051757812
0.0029261112213134766
0.0024871826171875
0.0029227733612060547
0.004445075988769531
0.003051280975341797
0.0027217864990234375
0.0030672550201416016
0.002803802490234375
0.0021915435791015625
0.0030019283294677734
0.0020034313201904297
0.003069162368774414
0.0028345584869384766
0.0018568038940429688
0.0033217668533325195
0.0037491321563720703
0.004018545150756836
0.002955913543701172
0.0026924610137939453
0.003026247024536133
0.002826690673828125
0.0030939579010009766
0.002237081527709961
0.0036439895629882812
0.0027093887329101562
0.0024118423461914062
0.0025246143341064453
0.002454996109008789
0.002694845199584961
0.0029658079147338867
0.0028946399688720703
0.002668619155883789
0.002773284912109375
0.0024356842041015625
0.0026683807373046875
0.002718687057495117
0.0025010108947753906
0.002805471420288086
0.0029163360595703125
0.0021524429321289062
0.003712177276611328
0.0018892288208007812
0.002988576889038086
0.0023413896560668945
0.0018839836120605469
0.0020904541015625
0.0025975704193115234
0.002223491668701172
0.002642393112182617
0.002216815948486328
0.0023224353790283203
0.004847288131713867
0.002148866653442383
0.0024864673614501953
0.0024976730346679688
0.0023784637451171875
0.0025162696838378906
0.001965761184692383
0.0022678375244140625
0.002634286880493164
0.002135753631591797
0.002743244171142578
0.0030295848846435547
0.0023887157440185547
0.0028395652770996094
0.0021088123321533203
0.0023653507232666016
0.001913309097290039
0.0016858577728271484
0.002049684524536133
0.00231170654296875
0.003385305404663086
0.0020041465759277344
0.0024690628051757812
0.0022780895233154297
0.001580953598022461
0.0019516944885253906
0.0019969940185546875
0.0024781227111816406
0.0035796165466308594
0.0033974647521972656
0.002691507339477539
0.0036563873291015625
0.002264261245727539
0.002725362777709961
0.0021843910217285156
0.0017445087432861328
0.0019240379333496094
0.0018014907836914062
0.0014867782592773438
0.002452373504638672
0.0028657913208007812
0.0019483566284179688
0.001865386962890625
0.0024461746215820312
0.0018391609191894531
0.002004861831665039
0.0019376277923583984
0.0025768280029296875
0.0023033618927001953
0.0015799999237060547
0.001383066177368164
0.0028448104858398438
0.0015256404876708984
0.002732992172241211
0.0024454593658447266
0.0026092529296875
0.001172780990600586
0.002706289291381836
