325.65956830978394
323.80270648002625
321.7349019050598
320.40435910224915
319.44388604164124
320.0725314617157
319.5412836074829
319.6834876537323
318.57947158813477
319.118763923645
318.11839532852173
318.06993889808655
316.6988251209259
312.70765209198
293.39455580711365
264.4275629520416
238.91219353675842
210.16878366470337
192.35734462738037
174.9978437423706
150.13703763484955
130.68042308092117
116.46856871247292
102.15027862787247
82.16840785741806
72.33330541849136
64.35320150852203
55.51824668049812
58.658303916454315
40.258951008319855
30.615157186985016
31.709691256284714
24.003539830446243
30.287217646837234
13.8685142993927
14.325589329004288
6.9524736404418945
11.842795550823212
6.614379405975342
9.947981357574463
11.930010259151459
18.013303399086
7.397022306919098
10.38744267821312
6.224615514278412
2.078546166419983
5.752310693264008
5.916939556598663
4.924692869186401
1.4419907331466675
1.0622543096542358
0.2093830108642578
0.09783482551574707
0.06712651252746582
0.0317225456237793
0.043039798736572266
0.038239479064941406
0.04000496864318848
0.020557284355163574
0.014556169509887695
0.017634987831115723
0.02202427387237549
0.016109585762023926
0.018847346305847168
0.01641559600830078
0.020940542221069336
0.01088571548461914
0.014352798461914062
3.1416070461273193
0.5113556385040283
0.2178417444229126
0.18440687656402588
0.4737778902053833
0.09805440902709961
0.02700650691986084
0.019367218017578125
0.021236538887023926
0.010680079460144043
0.01668548583984375
0.014576077461242676
0.020870208740234375
0.018096327781677246
0.009718656539916992
0.010882139205932617
0.011965513229370117
0.007838964462280273
0.0070455074310302734
0.006489753723144531
0.008861780166625977
0.01585674285888672
0.03357100486755371
0.012555241584777832
0.010375738143920898
0.008304834365844727
0.008115530014038086
0.011255264282226562
0.005874752998352051
0.029947280883789062
0.006171464920043945
0.007293224334716797
0.007107973098754883
0.004846811294555664
0.00417017936706543
0.00795125961303711
0.003174304962158203
0.006094217300415039
0.005346775054931641
0.004172086715698242
0.0044040679931640625
0.004157662391662598
0.003533601760864258
0.005147695541381836
0.004800081253051758
0.0038309097290039062
0.00512540340423584
0.0032799243927001953
0.004458785057067871
0.0040929317474365234
0.0037162303924560547
0.003613710403442383
0.003457307815551758
0.0038824081420898438
0.0035477876663208008
0.002411365509033203
0.003674030303955078
0.0039861202239990234
0.0018742084503173828
0.0033903121948242188
0.0028450489044189453
0.0027506351470947266
0.0036420822143554688
0.002095937728881836
0.004012346267700195
0.002508401870727539
0.0028984546661376953
0.0038115978240966797
0.002458810806274414
0.003113269805908203
0.0023806095123291016
0.0020537376403808594
0.003602266311645508
0.001901388168334961
0.0019295215606689453
0.0021562576293945312
0.0030965805053710938
0.0014662742614746094
0.0018508434295654297
0.0027527809143066406
0.002248048782348633
0.0020532608032226562
0.002107858657836914
0.0028922557830810547
0.003204822540283203
0.002651691436767578
0.002643108367919922
0.002353668212890625
0.0020935535430908203
0.0027742385864257812
0.0015616416931152344
0.0024683475494384766
0.0023038387298583984
0.0019364356994628906
0.0016522407531738281
0.0017414093017578125
0.0015556812286376953
0.0023698806762695312
0.0016181468963623047
0.0021352767944335938
0.0012211799621582031
0.0016169548034667969
0.0024509429931640625
0.0015811920166015625
0.0023865699768066406
0.001729726791381836
0.002696990966796875
0.0011911392211914062
0.0014920234680175781
0.0022134780883789062
0.0016372203826904297
0.001875162124633789
0.0011146068572998047
0.0015702247619628906
0.0014376640319824219
0.0013997554779052734
0.0022852420806884766
0.0011420249938964844
0.0015728473663330078
0.001977682113647461
0.0019996166229248047
0.0017285346984863281
0.002203702926635742
0.0019712448120117188
0.0014972686767578125
0.0014758110046386719
0.0011968612670898438
0.0013849735260009766
0.0011725425720214844
0.0016601085662841797
0.0013859272003173828
0.00148773193359375
0.0011515617370605469
0.0011413097381591797
0.0015294551849365234
0.0025408267974853516
0.0010526180267333984
0.001409292221069336
0.0014052391052246094
0.0011799335479736328
0.001737356185913086
0.0017025470733642578
0.0017499923706054688
0.001636505126953125
0.0017175674438476562
0.0013484954833984375
0.0015616416931152344
0.0021703243255615234
0.0018672943115234375
0.0010564327239990234
0.0014483928680419922
0.0012545585632324219
0.0011203289031982422
0.0012929439544677734
0.001432180404663086
0.0011310577392578125
0.001249074935913086
0.0013365745544433594
0.0012307167053222656
0.0012142658233642578
0.0012583732604980469
0.0010707378387451172
0.0014328956604003906
0.0020325183868408203
0.0013532638549804688
0.0009412765502929688
0.0010445117950439453
0.0012624263763427734
0.0016088485717773438
0.0007636547088623047
0.0019335746765136719
0.0008955001831054688
0.0012383460998535156
0.000997781753540039
0.0013213157653808594
0.0014312267303466797
0.0011608600616455078
0.0008924007415771484
0.0011088848114013672
0.0008745193481445312
0.0010616779327392578
0.0011968612670898438
0.0013666152954101562
0.0013875961303710938
0.0009751319885253906
0.0012602806091308594
0.0013017654418945312
0.0016391277313232422
0.0010998249053955078
0.0010766983032226562
0.0010724067687988281
0.0009891986846923828
0.0011518001556396484
0.0012733936309814453
0.0011742115020751953
0.0012536048889160156
0.0012183189392089844
0.0007612705230712891
0.0010111331939697266
0.0012359619140625
0.0012471675872802734
0.0017173290252685547
0.0011463165283203125
0.0010366439819335938
0.0009658336639404297
0.0009982585906982422
0.001188039779663086
0.0009355545043945312
0.0013592243194580078
0.0012178421020507812
0.0008211135864257812
0.0010991096496582031
0.00099945068359375
0.0011570453643798828
0.0011303424835205078
0.0009722709655761719
0.001283884048461914
0.0015265941619873047
0.0014185905456542969
0.001336812973022461
0.0009872913360595703
0.0007562637329101562
0.0006806850433349609
0.0007853507995605469
0.0007238388061523438
0.000858306884765625
0.0016770362854003906
0.0010249614715576172
0.0013275146484375
0.0007257461547851562
0.0011227130889892578
0.0008652210235595703
0.0009720325469970703
0.0008180141448974609
0.0010728836059570312
0.00122833251953125
0.0010099411010742188
0.0011065006256103516
0.0010328292846679688
0.0011196136474609375
0.0009381771087646484
0.0007717609405517578
0.0012018680572509766
0.0011518001556396484
0.0011115074157714844
0.0011594295501708984
0.001325368881225586
0.0006568431854248047
0.0008203983306884766
0.0006058216094970703
0.0011668205261230469
0.0005974769592285156
0.0009441375732421875
0.0006232261657714844
0.0012831687927246094
0.0007884502410888672
0.001077413558959961
0.0010488033294677734
0.0009133815765380859
0.0008099079132080078
0.0014505386352539062
0.0010852813720703125
0.000858306884765625
0.0007443428039550781
0.0009665489196777344
0.0008256435394287109
0.0010976791381835938
0.0007765293121337891
0.0009810924530029297
0.0009212493896484375
0.0010433197021484375
0.0008261203765869141
0.0008752346038818359
0.0006327629089355469
0.001308441162109375
0.0009307861328125
0.0011646747589111328
0.0011792182922363281
0.0008847713470458984
0.0011487007141113281
0.0006666183471679688
0.0009236335754394531
0.0008075237274169922
0.001081705093383789
0.0006833076477050781
0.000978708267211914
0.0009310245513916016
0.0007576942443847656
0.0012235641479492188
0.0009570121765136719
0.0006794929504394531
0.0009140968322753906
0.0008969306945800781
0.001168966293334961
0.0006811618804931641
0.0008230209350585938
0.0006978511810302734
0.0010826587677001953
0.0009872913360595703
0.000774383544921875
0.0007538795471191406
0.0007412433624267578
0.0006272792816162109
0.0008878707885742188
0.0008625984191894531
0.0006127357482910156
0.0007300376892089844
0.0007867813110351562
0.0009407997131347656
0.0008680820465087891
0.0007913112640380859
0.0006191730499267578
0.0008976459503173828
0.0007252693176269531
0.0009143352508544922
0.0007600784301757812
0.0011019706726074219
0.0009622573852539062
0.0008447170257568359
0.0009036064147949219
0.0007233619689941406
0.0010018348693847656
0.0007798671722412109
0.0007722377777099609
0.0008318424224853516
0.0007729530334472656
0.0008475780487060547
0.0009520053863525391
0.0008478164672851562
0.0006117820739746094
0.0009443759918212891
0.0007188320159912109
0.0009601116180419922
0.00044846534729003906
0.0008325576782226562
0.0007338523864746094
0.0006284713745117188
0.000978708267211914
0.0014371871948242188
0.0008261203765869141
0.0010178089141845703
0.0007004737854003906
0.0007269382476806641
0.0008566379547119141
0.0009016990661621094
0.0008625984191894531
0.0006153583526611328
0.001184225082397461
0.0008752346038818359
0.0012812614440917969
0.0006625652313232422
0.0006532669067382812
0.0007677078247070312
0.0008184909820556641
0.0006859302520751953
0.0010590553283691406
0.0008876323699951172
0.000766754150390625
0.0005266666412353516
0.0007545948028564453
0.0009300708770751953
0.0008816719055175781
0.0009160041809082031
0.000751495361328125
0.0005769729614257812
0.0008254051208496094
0.0004703998565673828
0.0007700920104980469
0.0005934238433837891
0.0007083415985107422
0.0006144046783447266
0.0007328987121582031
0.0007860660552978516
0.0008385181427001953
0.0006084442138671875
0.0006666183471679688
0.0007610321044921875
0.0008404254913330078
0.0006930828094482422
0.0009777545928955078
0.0012426376342773438
0.0006504058837890625
0.0006110668182373047
0.0007350444793701172
0.0008137226104736328
0.0006096363067626953
0.0007479190826416016
0.0006678104400634766
0.0006666183471679688
0.0006299018859863281
0.0006926059722900391
0.0007436275482177734
0.0009968280792236328
0.0009174346923828125
0.0008380413055419922
0.0009152889251708984
0.00047516822814941406
0.0006821155548095703
0.0006430149078369141
0.0009789466857910156
0.0011069774627685547
0.0008561611175537109
0.0007946491241455078
0.0009770393371582031
0.0006978511810302734
0.00044083595275878906
0.0005071163177490234
0.0005085468292236328
0.0005688667297363281
0.0008759498596191406
0.0005052089691162109
0.001043081283569336
0.0007336139678955078
0.0008585453033447266
0.0005750656127929688
0.0005249977111816406
0.00080108642578125
0.0006036758422851562
0.0008418560028076172
0.0008878707885742188
0.0005352497100830078
0.0007066726684570312
0.0006346702575683594
0.0009431838989257812
0.0007607936859130859
0.0007147789001464844
0.0006699562072753906
0.0005459785461425781
0.0009348392486572266
0.0009698867797851562
0.0006315708160400391
0.0008838176727294922
0.0006272792816162109
0.0006897449493408203
0.0009429454803466797
0.0005807876586914062
0.0005261898040771484
0.0007407665252685547
0.001069784164428711
0.0005953311920166016
0.0006160736083984375
0.0005054473876953125
0.0006341934204101562
0.0007059574127197266
0.0004665851593017578
0.0008332729339599609
0.0013971328735351562
0.0007987022399902344
0.0005421638488769531
0.0005936622619628906
0.0005495548248291016
0.0005917549133300781
0.0005028247833251953
0.0005536079406738281
0.0005211830139160156
0.0005822181701660156
0.0007698535919189453
0.0005660057067871094
0.0007679462432861328
0.0008289813995361328
0.0007154941558837891
0.00051116943359375
0.0009658336639404297
0.000675201416015625
0.0007536411285400391
0.0006687641143798828
0.0010440349578857422
0.0008699893951416016
0.0008089542388916016
0.0006761550903320312
0.0008349418640136719
0.0006392002105712891
0.0005061626434326172
0.0006587505340576172
0.0005712509155273438
0.0006387233734130859
0.000804901123046875
0.0004405975341796875
0.0006308555603027344
0.0007109642028808594
0.0005967617034912109
0.0006661415100097656
0.0009887218475341797
0.0006773471832275391
0.0006468296051025391
0.0009207725524902344
0.000827789306640625
0.0008399486541748047
0.00038814544677734375
0.0004189014434814453
0.0008339881896972656
0.0007326602935791016
0.0005948543548583984
0.000743865966796875
0.0009799003601074219
0.0005140304565429688
0.0008113384246826172
0.0005826950073242188
0.00039267539978027344
0.0007739067077636719
0.0008740425109863281
0.0005280971527099609
0.0006787776947021484
0.0007894039154052734
0.0006968975067138672
0.0006964206695556641
0.0003707408905029297
0.0006306171417236328
0.000644683837890625
0.0007755756378173828
0.0006759166717529297
0.0003898143768310547
0.0004961490631103516
0.0005385875701904297
0.0005075931549072266
0.0006558895111083984
0.0007507801055908203
0.0005626678466796875
0.0007114410400390625
0.0007269382476806641
0.0005807876586914062
0.0009055137634277344
0.0006170272827148438
0.0009455680847167969
0.0008153915405273438
0.0005919933319091797
0.0004911422729492188
0.0009968280792236328
0.000640869140625
0.0005593299865722656
0.0009164810180664062
0.0006568431854248047
0.0007262229919433594
0.0005304813385009766
0.0005104541778564453
0.0007221698760986328
0.0006918907165527344
0.0005600452423095703
0.0007412433624267578
0.000827789306640625
0.0008459091186523438
0.0005915164947509766
0.0005099773406982422
0.0006120204925537109
0.0005822181701660156
0.00046324729919433594
0.0005178451538085938
0.0006546974182128906
0.0009722709655761719
0.0005304813385009766
0.0007615089416503906
0.0005784034729003906
0.0008029937744140625
0.0009317398071289062
0.000701904296875
0.0006546974182128906
0.0006036758422851562
0.0005700588226318359
0.0005657672882080078
0.0005609989166259766
0.0008370876312255859
0.0007555484771728516
0.0007200241088867188
0.0006377696990966797
0.0005548000335693359
0.0006299018859863281
0.0009434223175048828
0.0008544921875
0.0006952285766601562
0.0005424022674560547
0.0004620552062988281
0.000873565673828125
0.000476837158203125
0.000476837158203125
0.0004706382751464844
0.00054931640625
0.0004475116729736328
0.0006804466247558594
0.0009562969207763672
0.0005614757537841797
0.0005486011505126953
0.0007762908935546875
0.0007951259613037109
0.0005409717559814453
0.0006890296936035156
0.0004875659942626953
0.000560760498046875
0.0007996559143066406
0.00066375732421875
0.0005133152008056641
0.0007338523864746094
0.0004925727844238281
0.0005846023559570312
0.0006039142608642578
0.00048804283142089844
0.0005471706390380859
0.0006635189056396484
0.00047850608825683594
0.0005154609680175781
0.0005719661712646484
0.0007119178771972656
0.0006639957427978516
0.0006999969482421875
0.0006477832794189453
0.0007386207580566406
0.0005261898040771484
0.0005602836608886719
0.001153707504272461
0.0005552768707275391
0.0006532669067382812
0.0006320476531982422
0.00045228004455566406
0.0008401870727539062
0.0007081031799316406
0.0006465911865234375
0.0006856918334960938
0.00069427490234375
0.0004916191101074219
0.0005438327789306641
0.0005145072937011719
0.0008914470672607422
0.0005638599395751953
0.0007052421569824219
0.0005106925964355469
0.0005309581756591797
0.0003991127014160156
0.000762939453125
0.0006146430969238281
0.0008604526519775391
0.0006201267242431641
0.0005772113800048828
0.0004971027374267578
0.0006277561187744141
0.0005617141723632812
0.0005035400390625
0.0006830692291259766
0.00084686279296875
0.0006473064422607422
0.0008521080017089844
0.0004763603210449219
0.0005278587341308594
0.0004630088806152344
0.0006964206695556641
0.0006322860717773438
0.0004394054412841797
0.0005552768707275391
0.0005440711975097656
0.00042939186096191406
0.0005619525909423828
0.0005321502685546875
0.0006413459777832031
0.0004813671112060547
0.0005233287811279297
0.0005276203155517578
0.0006132125854492188
0.0005316734313964844
0.0004885196685791016
0.0008740425109863281
0.0007572174072265625
0.0005917549133300781
0.0005846023559570312
0.0005688667297363281
0.0006654262542724609
0.0006597042083740234
0.0005891323089599609
0.0006392002105712891
0.000827789306640625
0.0008552074432373047
0.0007281303405761719
0.00046133995056152344
0.000736236572265625
0.0007541179656982422
0.0006473064422607422
0.0003566741943359375
0.0007348060607910156
0.00093841552734375
0.0005300045013427734
0.0005159378051757812
0.0005233287811279297
0.0003943443298339844
0.0006330013275146484
0.0004980564117431641
0.0005285739898681641
0.0006763935089111328
0.0007867813110351562
0.0007877349853515625
0.0006928443908691406
0.0006151199340820312
0.0005741119384765625
0.00040268898010253906
0.00043892860412597656
0.0005536079406738281
0.0005712509155273438
0.0008609294891357422
0.0005924701690673828
0.0005919933319091797
0.0008084774017333984
0.0008189678192138672
0.00047016143798828125
0.0007188320159912109
0.0006287097930908203
0.0008671283721923828
0.0005526542663574219
0.0004305839538574219
0.0005350112915039062
0.00040149688720703125
0.00044035911560058594
0.0003771781921386719
0.0008020401000976562
0.0004830360412597656
0.000446319580078125
0.0006766319274902344
0.0006473064422607422
0.0007402896881103516
0.0007164478302001953
0.000682830810546875
0.0005629062652587891
0.0007147789001464844
0.0005857944488525391
0.0005350112915039062
0.0006718635559082031
0.0005922317504882812
0.0005257129669189453
0.0006308555603027344
0.0003147125244140625
0.0006041526794433594
0.0005710124969482422
0.0005943775177001953
0.0006535053253173828
0.0004639625549316406
0.0006775856018066406
0.0002675056457519531
0.0005764961242675781
0.0008251667022705078
0.0009014606475830078
0.0005445480346679688
0.00039196014404296875
0.0006024837493896484
0.0005815029144287109
0.0005118846893310547
0.000484466552734375
0.0004887580871582031
0.0004987716674804688
0.0006930828094482422
0.0005967617034912109
0.00055694580078125
0.0006623268127441406
0.0009143352508544922
0.0005807876586914062
0.0005309581756591797
0.0007290840148925781
0.0007691383361816406
0.00039315223693847656
0.0006575584411621094
0.0008187294006347656
0.0003857612609863281
0.0003559589385986328
0.0007717609405517578
0.00070953369140625
0.0005490779876708984
0.0005660057067871094
0.0004191398620605469
0.00040435791015625
0.0006437301635742188
0.0007386207580566406
0.0006513595581054688
0.00040841102600097656
0.0005910396575927734
0.0006108283996582031
0.0006053447723388672
0.0005776882171630859
0.0005583763122558594
0.0007140636444091797
0.0007579326629638672
0.0006206035614013672
0.0005419254302978516
0.0003948211669921875
0.0006270408630371094
0.0004930496215820312
0.0007877349853515625
0.0007171630859375
0.00043654441833496094
0.00044655799865722656
0.0006885528564453125
0.0005762577056884766
0.0003674030303955078
0.0008764266967773438
0.0003654956817626953
0.0006563663482666016
0.0005674362182617188
0.0007157325744628906
0.0006802082061767578
0.0005288124084472656
0.00038814544677734375
0.0005211830139160156
0.0005464553833007812
0.0004687309265136719
0.0007867813110351562
0.0005195140838623047
0.000518798828125
0.0006775856018066406
0.0005910396575927734
0.00044846534729003906
0.0007650852203369141
0.00047659873962402344
0.00041222572326660156
0.0005311965942382812
0.0005254745483398438
0.0005671977996826172
0.0005574226379394531
0.0006625652313232422
0.0007023811340332031
0.0007092952728271484
0.0006272792816162109
0.0009136199951171875
0.0003921985626220703
0.0005195140838623047
0.0007429122924804688
0.0004699230194091797
0.0005941390991210938
0.0007843971252441406
0.0006024837493896484
0.0005774497985839844
0.0008118152618408203
0.0007638931274414062
0.0003948211669921875
0.0006215572357177734
0.0004425048828125
0.0006208419799804688
0.0005257129669189453
0.0004870891571044922
0.0007448196411132812
0.0006768703460693359
0.0007033348083496094
0.0006735324859619141
0.0005085468292236328
0.0007791519165039062
0.0008029937744140625
0.00048422813415527344
0.0004646778106689453
0.0004773139953613281
0.00044083595275878906
0.0005984306335449219
0.0004940032958984375
0.0005731582641601562
0.00048089027404785156
0.0004534721374511719
0.00045108795166015625
0.0006344318389892578
0.0003628730773925781
0.0006783008575439453
0.000762939453125
0.0007190704345703125
0.0006134510040283203
0.0003921985626220703
0.0005152225494384766
0.0005321502685546875
0.0005469322204589844
0.0005283355712890625
0.0004744529724121094
0.0004487037658691406
0.0005238056182861328
0.0003705024719238281
0.0006482601165771484
0.0005342960357666016
0.0005762577056884766
0.0007128715515136719
0.0006611347198486328
0.0005450248718261719
0.0005199909210205078
0.000530242919921875
0.00043773651123046875
0.0006175041198730469
0.0006465911865234375
0.0004646778106689453
0.0007734298706054688
0.0007653236389160156
0.0004074573516845703
0.0008206367492675781
0.0005211830139160156
0.0008282661437988281
0.0005357265472412109
0.00046563148498535156
0.0005710124969482422
0.0007803440093994141
0.0004425048828125
0.0009829998016357422
0.0005702972412109375
0.0005815029144287109
0.0006518363952636719
0.0005910396575927734
0.00042247772216796875
0.0005235671997070312
0.00040459632873535156
0.0005590915679931641
0.0006661415100097656
0.0007517337799072266
0.00033855438232421875
0.00046181678771972656
0.0005342960357666016
0.0007364749908447266
0.0007848739624023438
0.00048613548278808594
0.0004978179931640625
0.0007925033569335938
0.00042724609375
0.0003821849822998047
0.0006604194641113281
0.0007989406585693359
0.0004813671112060547
0.0004642009735107422
0.0005881786346435547
0.000530242919921875
0.0007464885711669922
0.0005254745483398438
0.0007302761077880859
0.00036716461181640625
0.0003864765167236328
0.0003116130828857422
0.0007598400115966797
0.0003867149353027344
0.0004782676696777344
0.0007445812225341797
0.0007767677307128906
0.0004944801330566406
0.00047707557678222656
0.0006334781646728516
0.0007066726684570312
0.0006148815155029297
0.0005142688751220703
0.0006985664367675781
0.0005359649658203125
0.0005099773406982422
0.0004813671112060547
0.0003807544708251953
0.0005619525909423828
0.0006697177886962891
0.0005199909210205078
0.0004208087921142578
0.0008985996246337891
0.0006589889526367188
0.0005488395690917969
0.0004353523254394531
0.0006351470947265625
0.0004649162292480469
0.0005319118499755859
0.0004458427429199219
0.0005521774291992188
0.0005843639373779297
0.0006151199340820312
0.0005846023559570312
0.0008459091186523438
0.0004756450653076172
0.0007004737854003906
0.0006160736083984375
0.0006160736083984375
0.0005555152893066406
0.0004801750183105469
0.0005717277526855469
0.00046825408935546875
0.0005486011505126953
0.0006043910980224609
0.0003941059112548828
0.000392913818359375
0.0005397796630859375
0.0007352828979492188
0.000762939453125
0.0004994869232177734
0.0005545616149902344
0.0008292198181152344
0.0006840229034423828
0.000507354736328125
0.0004954338073730469
0.000823974609375
0.0004177093505859375
0.00044465065002441406
0.0005130767822265625
0.0005371570587158203
0.0005497932434082031
0.0006973743438720703
0.0005772113800048828
0.0005102157592773438
0.0004780292510986328
0.0005986690521240234
0.0005755424499511719
0.0005245208740234375
0.0004210472106933594
0.0005061626434326172
0.0007011890411376953
0.0005307197570800781
0.0008227825164794922
0.0007574558258056641
0.00041484832763671875
0.0008420944213867188
0.0004296302795410156
0.0003361701965332031
0.0006663799285888672
0.0005021095275878906
0.000682830810546875
0.0003719329833984375
0.0006504058837890625
0.0004487037658691406
0.0006291866302490234
0.0003523826599121094
0.0004839897155761719
0.00045037269592285156
0.0004868507385253906
0.0006647109985351562
0.0007216930389404297
0.0006160736083984375
0.0006120204925537109
0.0007190704345703125
0.0004909038543701172
0.0005903244018554688
0.0005717277526855469
0.0006322860717773438
0.00041937828063964844
0.00033020973205566406
0.0008301734924316406
0.000682830810546875
0.0006630420684814453
0.0007364749908447266
0.0006110668182373047
0.0005702972412109375
0.00045418739318847656
0.0006511211395263672
0.0006961822509765625
0.0004315376281738281
0.0004432201385498047
0.0007500648498535156
0.0005555152893066406
0.0004897117614746094
0.0004878044128417969
0.000492095947265625
0.0007498264312744141
0.0004820823669433594
0.0007488727569580078
0.0007445812225341797
0.0004010200500488281
0.00040411949157714844
0.00058746337890625
0.0005052089691162109
0.00040459632873535156
0.00048661231994628906
0.0006077289581298828
0.0005192756652832031
0.0006077289581298828
0.0008165836334228516
0.0005350112915039062
0.0005927085876464844
0.0005404949188232422
0.0006291866302490234
0.0006327629089355469
0.0003256797790527344
0.0004999637603759766
0.0005664825439453125
0.0006093978881835938
0.00047588348388671875
0.0007150173187255859
0.0006608963012695312
0.0004017353057861328
0.0005145072937011719
0.00039577484130859375
0.0006816387176513672
0.0006387233734130859
0.0005261898040771484
0.0005028247833251953
0.000804901123046875
0.0004379749298095703
0.0005116462707519531
0.0007472038269042969
0.0004050731658935547
0.0005638599395751953
0.0006291866302490234
0.0004799365997314453
0.0005002021789550781
0.0005199909210205078
0.0004985332489013672
0.0004999637603759766
0.0006830692291259766
0.0005438327789306641
0.0005304813385009766
0.0006508827209472656
0.0006911754608154297
0.00045418739318847656
0.00047087669372558594
0.0007119178771972656
0.0006806850433349609
0.0004801750183105469
0.0007002353668212891
0.0007207393646240234
0.00031948089599609375
0.0004754066467285156
0.0007526874542236328
0.0005707740783691406
0.0005803108215332031
0.00035858154296875
0.0005807876586914062
0.0007917881011962891
0.00047516822814941406
0.0003993511199951172
0.000591278076171875
0.000736236572265625
0.0006618499755859375
0.0005741119384765625
0.000583648681640625
0.0006995201110839844
0.0004096031188964844
0.0007424354553222656
0.0004363059997558594
0.00038886070251464844
0.0006647109985351562
0.0005035400390625
0.0006842613220214844
0.0007474422454833984
0.00040149688720703125
0.0005609989166259766
0.0003867149353027344
0.0003712177276611328
0.0002837181091308594
0.00039458274841308594
0.0008058547973632812
0.0004379749298095703
0.0006737709045410156
0.00060272216796875
0.000545501708984375
0.0005183219909667969
0.000453948974609375
0.0004425048828125
0.0007188320159912109
0.0003838539123535156
0.0006945133209228516
0.0004930496215820312
0.0007278919219970703
0.0003917217254638672
0.0004551410675048828
0.0006563663482666016
0.0005512237548828125
0.00042748451232910156
0.0003561973571777344
0.0007379055023193359
0.0006160736083984375
0.000553131103515625
0.0005824565887451172
0.00038743019104003906
0.0006635189056396484
0.0005681514739990234
0.0004582405090332031
0.0008399486541748047
0.0005612373352050781
0.0005152225494384766
0.0005047321319580078
0.0007269382476806641
0.00046563148498535156
0.0008590221405029297
0.0004911422729492188
0.0007131099700927734
0.0004684925079345703
0.00047779083251953125
0.0007164478302001953
0.0005085468292236328
0.0005168914794921875
0.0005190372467041016
0.0006015300750732422
0.0005512237548828125
0.0005447864532470703
0.00031828880310058594
0.0006847381591796875
0.00054168701171875
0.0005257129669189453
0.0006384849548339844
0.0005483627319335938
0.0004975795745849609
0.0007605552673339844
0.0004277229309082031
0.0009181499481201172
0.00042700767517089844
0.00045990943908691406
0.0005273818969726562
0.0005979537963867188
0.0006089210510253906
0.0005452632904052734
0.0005776882171630859
0.0007824897766113281
0.000408172607421875
0.00042557716369628906
0.0005304813385009766
0.0006163120269775391
0.0005562305450439453
0.0006489753723144531
0.0006890296936035156
0.0007963180541992188
0.0006036758422851562
0.0005581378936767578
0.0004699230194091797
0.0004949569702148438
0.0009007453918457031
0.0007379055023193359
0.0005033016204833984
0.0005030632019042969
0.0006303787231445312
0.0005123615264892578
0.0006787776947021484
0.0004057884216308594
0.0005056858062744141
0.00047779083251953125
0.0005931854248046875
0.0003604888916015625
0.0004603862762451172
0.0005025863647460938
0.0005810260772705078
0.0005810260772705078
0.0005071163177490234
0.0007357597351074219
0.0005824565887451172
0.0006103515625
0.0003566741943359375
0.0003876686096191406
0.0004813671112060547
0.0005719661712646484
0.0005080699920654297
0.0005424022674560547
0.000476837158203125
0.0006911754608154297
0.0004699230194091797
0.0005078315734863281
0.00037670135498046875
0.0004763603210449219
0.0006422996520996094
0.0004942417144775391
0.00047707557678222656
0.0005321502685546875
0.00041675567626953125
0.0005581378936767578
0.0004322528839111328
0.0008187294006347656
0.0005621910095214844
0.0006690025329589844
0.0005490779876708984
0.0005209445953369141
0.0007359981536865234
0.0005259513854980469
0.0007495880126953125
0.0005891323089599609
0.0008513927459716797
0.0006728172302246094
0.0005166530609130859
0.0005664825439453125
0.0004942417144775391
0.0005848407745361328
0.00040841102600097656
0.0005605220794677734
0.00046515464782714844
0.0005991458892822266
0.00043845176696777344
0.0005142688751220703
0.0007383823394775391
0.0005166530609130859
0.0005829334259033203
0.0009093284606933594
0.00037741661071777344
0.0004203319549560547
0.0006358623504638672
0.00074005126953125
0.0007269382476806641
0.0005471706390380859
0.0005309581756591797
0.0006258487701416016
0.0006759166717529297
0.0006022453308105469
0.0006394386291503906
0.0004036426544189453
0.0004165172576904297
0.0004520416259765625
0.0004985332489013672
0.00043892860412597656
0.0005750656127929688
0.0007269382476806641
0.00038552284240722656
0.0005309581756591797
0.0002570152282714844
0.0005307197570800781
0.0005464553833007812
0.0004456043243408203
0.000598907470703125
0.00048351287841796875
0.0008296966552734375
0.0007457733154296875
0.0005426406860351562
0.0005154609680175781
0.0005676746368408203
0.0004551410675048828
0.0006544589996337891
0.0005395412445068359
0.0003571510314941406
0.0004875659942626953
0.0006501674652099609
0.0006747245788574219
0.0005552768707275391
0.0006234645843505859
0.0006113052368164062
0.0005259513854980469
0.00047469139099121094
0.0005948543548583984
0.0005109310150146484
0.00052642822265625
0.0003399848937988281
0.00044727325439453125
0.0007250308990478516
0.0005040168762207031
0.0005943775177001953
0.0006396770477294922
0.0005741119384765625
0.0008790493011474609
0.00043892860412597656
0.0005681514739990234
0.0008473396301269531
0.0003643035888671875
0.0003616809844970703
0.00035309791564941406
0.0006723403930664062
0.0006220340728759766
0.0005893707275390625
0.0006945133209228516
0.0005462169647216797
0.0005388259887695312
0.0008733272552490234
0.0005652904510498047
0.0003845691680908203
0.0008440017700195312
0.0005283355712890625
0.0005702972412109375
0.0003561973571777344
0.0006389617919921875
0.00043129920959472656
0.0006766319274902344
0.0010883808135986328
0.00045037269592285156
0.0005333423614501953
0.0005478858947753906
0.00033545494079589844
0.0004260540008544922
0.0004780292510986328
0.0005328655242919922
0.0004990100860595703
0.0004544258117675781
0.0005650520324707031
0.0005426406860351562
0.0003502368927001953
0.0006957054138183594
0.0004062652587890625
0.0004782676696777344
0.0006008148193359375
0.0006604194641113281
0.0005633831024169922
0.0005118846893310547
0.0006272792816162109
0.0005199909210205078
0.0006885528564453125
0.0005829334259033203
0.0006914138793945312
0.00042128562927246094
0.0006422996520996094
0.00033926963806152344
0.0006060600280761719
0.00041866302490234375
0.00047469139099121094
0.0007190704345703125
0.0005412101745605469
0.0004487037658691406
0.00045990943908691406
0.0006971359252929688
0.0005881786346435547
0.0006892681121826172
0.0008919239044189453
0.0006999969482421875
0.0005490779876708984
0.0005614757537841797
0.00048542022705078125
0.0005321502685546875
0.00048160552978515625
0.0005321502685546875
0.0006999969482421875
0.0005044937133789062
0.0005364418029785156
0.0007266998291015625
0.0004968643188476562
0.0004620552062988281
0.00040149688720703125
0.0006227493286132812
0.00045037269592285156
0.0005121231079101562
0.0005605220794677734
0.0004475116729736328
0.0008971691131591797
0.0003924369812011719
0.0006341934204101562
0.00046753883361816406
0.0007069110870361328
0.00041556358337402344
0.0006012916564941406
0.0005161762237548828
0.000484466552734375
0.0004951953887939453
0.0005621910095214844
0.0004596710205078125
0.0007822513580322266
0.0005705356597900391
0.00046944618225097656
0.0005424022674560547
0.0006480216979980469
0.0005421638488769531
0.0005691051483154297
0.0006055831909179688
0.0003910064697265625
0.0004889965057373047
0.00042128562927246094
0.0006990432739257812
0.0005195140838623047
0.000583648681640625
0.0005922317504882812
0.0005304813385009766
0.0007112026214599609
0.0009763240814208984
0.0005156993865966797
0.0004680156707763672
0.000339508056640625
0.0003561973571777344
0.00080108642578125
0.0005707740783691406
0.0006308555603027344
0.000766754150390625
0.0005943775177001953
0.0005505084991455078
0.0005884170532226562
0.0003943443298339844
0.0005106925964355469
0.0006067752838134766
0.0005095005035400391
0.0004639625549316406
0.0007061958312988281
0.0004763603210449219
0.00042319297790527344
0.0008492469787597656
0.0004725456237792969
0.0004961490631103516
0.0007696151733398438
0.0004374980926513672
0.0006058216094970703
0.0004763603210449219
0.0005998611450195312
0.0005297660827636719
0.0004322528839111328
0.0007257461547851562
0.0006117820739746094
0.0004105567932128906
0.0003314018249511719
0.00048542022705078125
0.0005848407745361328
0.0006089210510253906
0.00043892860412597656
0.0005512237548828125
0.0006010532379150391
0.0005471706390380859
0.0005254745483398438
0.00040459632873535156
0.0005199909210205078
0.0006809234619140625
0.0005202293395996094
0.0005595684051513672
0.0004875659942626953
0.0005633831024169922
0.0005385875701904297
0.0005924701690673828
0.0004096031188964844
0.0007090568542480469
0.0005071163177490234
0.0005319118499755859
0.0007309913635253906
0.0005929470062255859
0.0005636215209960938
0.0006124973297119141
0.0005023479461669922
0.0005257129669189453
0.0005788803100585938
0.0005285739898681641
0.0005631446838378906
0.0008630752563476562
0.00030422210693359375
0.00045490264892578125
0.0006361007690429688
0.00045680999755859375
0.00033283233642578125
0.00074005126953125
0.0006110668182373047
0.0007002353668212891
0.0005803108215332031
0.0008769035339355469
0.0006384849548339844
0.0005371570587158203
0.0004756450653076172
0.0007297992706298828
0.0006165504455566406
0.0007877349853515625
0.0003809928894042969
0.0007481575012207031
0.0006885528564453125
0.0004601478576660156
0.0004379749298095703
0.0005183219909667969
0.0006208419799804688
0.00039958953857421875
0.0006659030914306641
0.0004134178161621094
0.0005326271057128906
0.00042748451232910156
0.0004353523254394531
0.0005197525024414062
0.00046753883361816406
0.0004379749298095703
0.0007250308990478516
0.0005388259887695312
0.0006926059722900391
0.00047969818115234375
0.0005726814270019531
0.0004978179931640625
0.0003383159637451172
0.0005896091461181641
0.0005533695220947266
0.0006351470947265625
0.0006444454193115234
0.0005748271942138672
0.0006113052368164062
0.0005059242248535156
0.00038695335388183594
0.0006892681121826172
0.0005078315734863281
0.0004703998565673828
0.0007450580596923828
0.0006043910980224609
0.00044083595275878906
0.0005869865417480469
0.000621795654296875
0.0005245208740234375
0.0005116462707519531
0.0006129741668701172
0.0004818439483642578
0.0005950927734375
0.000545501708984375
0.0005366802215576172
0.0006477832794189453
0.0005309581756591797
0.0003616809844970703
0.0005357265472412109
0.0005314350128173828
0.0005736351013183594
0.00055694580078125
0.0006642341613769531
0.0005557537078857422
0.0004665851593017578
0.0005114078521728516
0.0007340908050537109
0.0005190372467041016
0.0005199909210205078
0.0004994869232177734
0.0005552768707275391
0.0005977153778076172
0.0004169940948486328
0.0003981590270996094
0.00054168701171875
0.0007069110870361328
0.0005011558532714844
0.0005178451538085938
0.0005412101745605469
0.0009186267852783203
0.0006434917449951172
0.0004031658172607422
0.0005540847778320312
0.0004050731658935547
0.0004138946533203125
0.0005838871002197266
0.0006453990936279297
0.0005562305450439453
0.00040221214294433594
0.0005667209625244141
0.00046753883361816406
0.0005052089691162109
0.0005388259887695312
0.0005924701690673828
0.0004994869232177734
0.0008265972137451172
0.0008275508880615234
0.00054931640625
0.0006532669067382812
0.0004494190216064453
0.00044727325439453125
0.0005197525024414062
0.0007641315460205078
0.000629425048828125
0.00043010711669921875
0.0006496906280517578
0.0004999637603759766
0.0006124973297119141
0.0004744529724121094
0.0005803108215332031
0.0005588531494140625
0.0003082752227783203
0.0005061626434326172
0.0005676746368408203
0.0009300708770751953
0.0004687309265136719
0.0005657672882080078
0.00034165382385253906
0.0004985332489013672
0.0007226467132568359
0.0004489421844482422
0.000774383544921875
0.0005543231964111328
0.0005328655242919922
0.00040268898010253906
0.0006513595581054688
0.00057220458984375
0.0007352828979492188
0.00048279762268066406
0.0006253719329833984
0.0004687309265136719
0.0005702972412109375
0.00044989585876464844
0.0005397796630859375
0.0006475448608398438
0.0006537437438964844
0.0005512237548828125
