325.37763237953186
322.15569138526917
321.28729605674744
320.1787552833557
320.0762825012207
318.8893880844116
319.12439584732056
315.3495488166809
294.88281893730164
269.3134526014328
223.153510928154
189.91305965185165
174.89936125278473
135.06644999980927
122.17547452449799
96.15769588947296
75.1003252863884
70.62006005644798
56.69176095724106
58.48494800925255
49.36529937386513
46.17879372835159
38.374600887298584
31.273300021886826
28.111313939094543
26.624850153923035
16.24826443195343
12.84492415189743
13.930950045585632
20.79054519534111
17.734090626239777
24.640203297138214
18.378318965435028
27.081999987363815
10.510431051254272
8.920286238193512
8.84483003616333
4.306783020496368
25.905531406402588
22.53113043308258
18.831363916397095
13.254256755113602
17.94718798995018
16.741158694028854
5.943001598119736
24.171062618494034
19.182083666324615
9.413587093353271
27.45391383767128
28.00163036584854
22.775669425725937
24.126606732606888
21.253645837306976
6.035475939512253
13.88069599866867
13.391911089420319
2.847417891025543
6.005873382091522
12.658086568117142
20.555715173482895
8.372684568166733
14.372697979211807
5.098576664924622
8.140170931816101
12.114083468914032
18.166900247335434
17.24652248620987
27.83432161808014
8.150055706501007
7.111979424953461
8.294414848089218
18.358411133289337
16.204800188541412
9.538888275623322
1.501628041267395
5.723318666219711
5.676426589488983
0.25827503204345703
0.33027881383895874
0.20534324645996094
0.29435646533966064
1.1383734345436096
0.21141624450683594
0.03657865524291992
0.03114008903503418
0.02524411678314209
0.003669142723083496
0.0035103559494018555
0.008998632431030273
0.1779334545135498
0.014912009239196777
0.49298131465911865
0.5904345512390137
0.020682096481323242
0.04586291313171387
0.003016829490661621
0.008078336715698242
0.0015794038772583008
0.0017615556716918945
0.0045740604400634766
0.002734661102294922
0.0021734237670898438
0.0030101537704467773
0.0027348995208740234
0.0012903213500976562
0.001415252685546875
0.0012493133544921875
0.0010445117950439453
0.0015169382095336914
0.0015952587127685547
0.002171635627746582
0.0019953250885009766
0.0011591911315917969
0.0008525848388671875
0.0008115768432617188
0.0007089376449584961
0.00044405460357666016
0.0012111663818359375
0.000629425048828125
0.0012229681015014648
0.001196742057800293
0.0006645917892456055
0.0013585090637207031
0.0005117654800415039
0.0007725954055786133
0.0021970272064208984
0.0024281740188598633
0.0004699230194091797
0.00043511390686035156
0.0007607936859130859
0.0011333227157592773
0.00041937828063964844
0.0007301568984985352
0.001065969467163086
0.0006098747253417969
0.0004067420959472656
0.0003466606140136719
0.0011868476867675781
0.0005121231079101562
0.0007717609405517578
0.0005729198455810547
0.0005457401275634766
0.0005044937133789062
0.0007903575897216797
0.0008904933929443359
0.0005435943603515625
0.0005404949188232422
0.0005216598510742188
0.0005772113800048828
0.0007283687591552734
0.0008497238159179688
0.0009092092514038086
0.0008714199066162109
0.00038814544677734375
0.0003898143768310547
0.0005855560302734375
0.00039505958557128906
0.0006166696548461914
0.0006815195083618164
0.0008442401885986328
0.00039386749267578125
0.00020551681518554688
0.0012127161026000977
0.0006875991821289062
0.0006043910980224609
0.00048160552978515625
0.0005831718444824219
0.0003705024719238281
0.00019621849060058594
0.0006465911865234375
0.0009479522705078125
0.00032138824462890625
0.0007271766662597656
0.000647425651550293
0.00045037269592285156
0.0006604194641113281
0.0003821849822998047
0.0003829002380371094
0.00040459632873535156
0.0002949237823486328
0.00044727325439453125
0.0006773471832275391
0.0004076957702636719
0.00037026405334472656
0.0004093647003173828
0.0005872249603271484
0.00027561187744140625
0.0004227161407470703
0.0005652904510498047
0.001207590103149414
0.00015473365783691406
0.0003676414489746094
0.00023484230041503906
0.0003540515899658203
0.0002709627151489258
0.0006353855133056641
0.0003643035888671875
0.0005617141723632812
0.00035500526428222656
0.0002334117889404297
0.00026297569274902344
0.0002989768981933594
0.0004062652587890625
0.00022733211517333984
0.00029277801513671875
0.00028896331787109375
0.0002810955047607422
0.00047588348388671875
0.0003743171691894531
0.0006082057952880859
0.00043642520904541016
0.0003941059112548828
0.00026869773864746094
0.0005095005035400391
0.00044417381286621094
0.00042247772216796875
0.0003643035888671875
0.0006051063537597656
0.0002009868621826172
0.00020122528076171875
0.0004963874816894531
0.00042188167572021484
0.00038123130798339844
0.00043511390686035156
0.00034928321838378906
0.00016570091247558594
0.0003573894500732422
0.0003516674041748047
0.0003466606140136719
0.0001838207244873047
0.0002770423889160156
0.0001819133758544922
0.0003142356872558594
0.00040471553802490234
0.00013875961303710938
0.0007734298706054688
0.0002830028533935547
0.0003802776336669922
0.0004057884216308594
0.0001862049102783203
0.0004127025604248047
0.00021958351135253906
0.0003612041473388672
0.00018644332885742188
0.0006585121154785156
0.0004017353057861328
0.000293731689453125
0.0002949237823486328
0.0006157159805297852
0.00027251243591308594
0.00029277801513671875
0.0001575946807861328
9.441375732421875e-05
0.0003504753112792969
0.00026726722717285156
0.00012183189392089844
0.0001442432403564453
0.0006617307662963867
0.0001728534698486328
0.00031566619873046875
0.0002148151397705078
0.00021409988403320312
0.0002837181091308594
0.00043392181396484375
0.00029659271240234375
0.0004029273986816406
0.0002117156982421875
0.0005660057067871094
0.0003402233123779297
0.00037550926208496094
0.0002307891845703125
0.00016617774963378906
0.0001857280731201172
0.00021791458129882812
0.00016450881958007812
0.00048232078552246094
0.0002605915069580078
0.0004305839538574219
0.00012826919555664062
0.0001304149627685547
0.0001761913299560547
0.000335693359375
0.00015926361083984375
0.0002148151397705078
0.0005664825439453125
0.00015354156494140625
0.00021791458129882812
0.00032329559326171875
0.00028228759765625
0.0002161264419555664
0.000263214111328125
0.0006380081176757812
0.0003631114959716797
0.00017786026000976562
0.0001990795135498047
0.0005173683166503906
0.00021696090698242188
0.00028514862060546875
0.0004134178161621094
0.00021541118621826172
0.00014448165893554688
0.0002989768981933594
0.00026154518127441406
0.0003063678741455078
0.0002536773681640625
0.0002460479736328125
0.0002911090850830078
0.00032520294189453125
0.00016188621520996094
0.00032782554626464844
0.00035178661346435547
0.0003046989440917969
0.0003783702850341797
0.0003464221954345703
0.0004220008850097656
0.00019562244415283203
0.00010371208190917969
0.00015401840209960938
0.000240325927734375
0.00014162063598632812
0.00019288063049316406
0.000164031982421875
0.00019741058349609375
0.00013184547424316406
0.0001964569091796875
0.0001468658447265625
0.0001938343048095703
0.00023031234741210938
0.0004780292510986328
0.00018906593322753906
0.0002760887145996094
0.0004858970642089844
0.00019669532775878906
0.0002498626708984375
0.0002491474151611328
0.00027370452880859375
0.00016498565673828125
0.00024199485778808594
0.00019741058349609375
0.0003681182861328125
0.00022363662719726562
0.00015664100646972656
0.0005009174346923828
0.000164031982421875
0.0001900196075439453
0.00020122528076171875
0.00020313262939453125
0.0001876354217529297
0.0003211498260498047
0.0002703666687011719
0.00020647048950195312
0.0001926422119140625
0.00015163421630859375
0.00020194053649902344
0.0002720355987548828
0.0001838207244873047
0.0002448558807373047
0.0001614093780517578
0.00017833709716796875
0.00045561790466308594
0.0002772808074951172
0.0002923011779785156
0.00033020973205566406
0.0001633167266845703
0.0002224445343017578
0.00032067298889160156
0.00027108192443847656
0.0002224445343017578
0.00022554397583007812
0.00021505355834960938
0.00016880035400390625
0.00022017955780029297
0.00013637542724609375
0.00018310546875
0.00015497207641601562
9.250640869140625e-05
0.000255584716796875
0.0002465248107910156
0.00019049644470214844
0.00019025802612304688
0.00021409988403320312
0.0001811981201171875
0.00010895729064941406
0.0002338886260986328
0.0004467964172363281
0.00022363662719726562
0.00010418891906738281
0.00027179718017578125
0.0001239776611328125
0.0001556873321533203
0.00016927719116210938
0.00016641616821289062
0.0002663135528564453
0.0004315376281738281
9.822845458984375e-05
0.0002040863037109375
0.00017714500427246094
0.00019097328186035156
0.00012445449829101562
0.0003020763397216797
0.0003600120544433594
0.00020766258239746094
0.00030732154846191406
0.00025582313537597656
0.00027370452880859375
0.0003559589385986328
0.00014019012451171875
0.0001506805419921875
0.00032711029052734375
0.00012421607971191406
0.0003495216369628906
0.0001430511474609375
0.0004513263702392578
0.0001614093780517578
0.0002512931823730469
0.00013446807861328125
0.00032138824462890625
0.00014472007751464844
0.000232696533203125
0.00021004676818847656
0.0001480579376220703
7.891654968261719e-05
0.0002665519714355469
0.00018334388732910156
9.226799011230469e-05
0.00010752677917480469
0.00024580955505371094
0.00013637542724609375
0.0001404285430908203
0.0002415180206298828
0.0001552104949951172
0.00023818016052246094
0.00024700164794921875
0.000179290771484375
0.0001728534698486328
0.00036585330963134766
0.00028324127197265625
0.00015735626220703125
0.0001633167266845703
0.00028586387634277344
0.00011301040649414062
0.00014066696166992188
0.00012135505676269531
0.00023555755615234375
0.00017642974853515625
0.0001537799835205078
0.00016355514526367188
0.0002956390380859375
0.00018906593322753906
0.00015294551849365234
0.00013113021850585938
0.0001499652862548828
0.00021338462829589844
0.0001552104949951172
0.00021839141845703125
0.00012183189392089844
0.00011920928955078125
0.00017571449279785156
0.00033545494079589844
0.00018978118896484375
0.0002906322479248047
0.0002067089080810547
0.00022745132446289062
0.00013828277587890625
0.0002224445343017578
0.00022411346435546875
0.0002918243408203125
0.0002040863037109375
0.00015854835510253906
0.0001552104949951172
0.0001971721649169922
0.00016379356384277344
0.0001347064971923828
0.0001266002655029297
0.0002830028533935547
0.0003552436828613281
0.00024247169494628906
0.0001456737518310547
0.00030922889709472656
8.58306884765625e-05
6.961822509765625e-05
0.00010585784912109375
7.2479248046875e-05
0.00036334991455078125
0.00023508071899414062
0.00014662742614746094
0.00020384788513183594
0.00017976760864257812
0.00019860267639160156
0.0002598762512207031
0.0001266002655029297
0.00017690658569335938
0.0001704692840576172
0.0003287792205810547
8.249282836914062e-05
9.775161743164062e-05
0.0001785755157470703
0.00025343894958496094
0.00017952919006347656
0.00020170211791992188
0.00025081634521484375
0.00010585784912109375
0.00015234947204589844
0.00034618377685546875
0.0003120899200439453
0.0001347064971923828
0.00011801719665527344
0.00011515617370605469
0.00028014183044433594
0.00016427040100097656
0.00012922286987304688
0.00018358230590820312
0.000202178955078125
0.00038051605224609375
0.000164031982421875
0.0001697540283203125
0.00015687942504882812
0.00023627281188964844
0.00011467933654785156
0.00013494491577148438
0.0001735687255859375
0.0002353191375732422
0.00011587142944335938
0.00018668174743652344
0.0001895427703857422
9.512901306152344e-05
0.00024819374084472656
0.0001220703125
0.00025200843811035156
0.000171661376953125
0.00041174888610839844
0.00017309188842773438
0.00020313262939453125
8.058547973632812e-05
0.00018262863159179688
0.0001506805419921875
0.0002422332763671875
0.00019478797912597656
0.00011324882507324219
0.0001583099365234375
0.00010561943054199219
0.00016236305236816406
0.0001595020294189453
0.00021028518676757812
0.0003895759582519531
0.00014209747314453125
0.00014662742614746094
0.00019252300262451172
4.100799560546875e-05
0.0001220703125
7.700920104980469e-05
0.000244140625
0.00015807151794433594
0.00011873245239257812
0.0001742839813232422
0.0002865791320800781
9.512901306152344e-05
0.00011277198791503906
0.00013065338134765625
0.00015807151794433594
0.00022792816162109375
0.00023651123046875
0.0002014636993408203
0.00013828277587890625
0.0001049041748046875
0.0002276897430419922
0.00014591217041015625
0.0001442432403564453
0.00023674964904785156
0.00018143653869628906
0.0001876354217529297
0.00024318695068359375
0.0001251697540283203
0.0002579689025878906
0.00024127960205078125
0.00022339820861816406
0.00014901161193847656
0.00011730194091796875
0.0001609325408935547
0.0001876354217529297
0.0001270771026611328
9.34600830078125e-05
0.00033354759216308594
0.0001437664031982422
0.0001423358917236328
0.00014352798461914062
0.00013589859008789062
0.00013637542724609375
0.0001385211944580078
0.00016069412231445312
8.559226989746094e-05
0.00020265579223632812
0.00035691261291503906
0.00014853477478027344
0.00014019012451171875
0.00016379356384277344
0.00013494491577148438
0.00012254714965820312
0.0002722740173339844
0.0002090930938720703
0.0003139972686767578
0.00025916099548339844
0.0001728534698486328
0.00024247169494628906
0.00024247169494628906
0.00010418891906738281
0.00010323524475097656
0.00011563301086425781
0.0001227855682373047
0.0001556873321533203
9.059906005859375e-05
0.0001838207244873047
0.0002002716064453125
0.00021147727966308594
0.00013446807861328125
0.0002646446228027344
0.0001442432403564453
0.00023794174194335938
0.0002579689025878906
8.726119995117188e-05
8.749961853027344e-05
0.00016188621520996094
0.00015234947204589844
0.00030112266540527344
0.00014638900756835938
0.00021910667419433594
8.368492126464844e-05
0.00032830238342285156
0.00021004676818847656
6.365776062011719e-05
0.00014352798461914062
0.0001246929168701172
0.00034332275390625
0.00021457672119140625
8.106231689453125e-05
0.00013566017150878906
6.103515625e-05
0.00017070770263671875
0.00022292137145996094
0.00018787384033203125
7.2479248046875e-05
0.000148773193359375
0.0001785755157470703
0.0001308917999267578
0.00011050701141357422
9.202957153320312e-05
0.0003178119659423828
5.793571472167969e-05
0.00024271011352539062
0.00015664100646972656
8.821487426757812e-05
0.00022554397583007812
0.00017452239990234375
0.00020551681518554688
0.00014638900756835938
9.775161743164062e-05
0.00010895729064941406
0.0002048015594482422
0.00036597251892089844
0.00020194053649902344
0.00011181831359863281
0.000217437744140625
0.0001246929168701172
0.00016117095947265625
0.0002048015594482422
0.00015878677368164062
0.00014066696166992188
0.00010371208190917969
0.00015354156494140625
0.00023031234741210938
0.00011038780212402344
6.175041198730469e-05
0.0002579689025878906
0.0002841949462890625
6.914138793945312e-05
0.0001685619354248047
0.00014543533325195312
0.0001571178436279297
9.584426879882812e-05
0.00010728836059570312
0.00011086463928222656
0.00015234947204589844
0.00020074844360351562
0.00013327598571777344
0.00012636184692382812
0.00017118453979492188
0.00029730796813964844
0.00015819072723388672
0.0003113746643066406
0.00016188621520996094
0.0001437664031982422
0.00010442733764648438
0.00028252601623535156
0.0001327991485595703
0.00015473365783691406
0.0003120899200439453
0.00013256072998046875
0.00010395050048828125
0.00016880035400390625
0.00015354156494140625
0.00012063980102539062
0.00018024444580078125
9.036064147949219e-05
0.0001239776611328125
7.653236389160156e-05
0.0002200603485107422
0.0002493858337402344
0.0001766681671142578
7.534027099609375e-05
0.0001399517059326172
0.00012040138244628906
0.00020456314086914062
0.00014853477478027344
0.00013947486877441406
0.00018310546875
0.00015592575073242188
0.00025653839111328125
0.0001201629638671875
0.00013065338134765625
0.0002396106719970703
0.00012063980102539062
0.00014638900756835938
0.0001361370086669922
0.00013756752014160156
7.987022399902344e-05
0.0001728534698486328
0.00020051002502441406
0.000194549560546875
0.00017213821411132812
0.0001900196075439453
8.7738037109375e-05
0.00013017654418945312
0.0001983642578125
0.00011420249938964844
0.00015974044799804688
0.0002033710479736328
0.00024700164794921875
8.559226989746094e-05
0.0002033710479736328
9.918212890625e-05
0.0001423358917236328
9.036064147949219e-05
0.0003325939178466797
6.246566772460938e-05
0.00023555755615234375
0.00013065338134765625
0.00016736984252929688
0.0001690387725830078
0.0001666545867919922
7.796287536621094e-05
0.0002079010009765625
0.0002410411834716797
0.00018358230590820312
8.320808410644531e-05
6.413459777832031e-05
0.00022721290588378906
0.00014448165893554688
0.00013136863708496094
0.00013875961303710938
0.0002319812774658203
9.894371032714844e-05
9.989738464355469e-05
0.00010538101196289062
0.00020933151245117188
0.00016927719116210938
0.00012803077697753906
0.00016760826110839844
0.00020170211791992188
0.00015926361083984375
0.0001361370086669922
9.870529174804688e-05
0.00016951560974121094
0.00021457672119140625
0.0003032684326171875
7.474422454833984e-05
0.00026679039001464844
0.00011610984802246094
0.00029468536376953125
0.0001742839813232422
0.00010609626770019531
8.225440979003906e-05
0.00013184547424316406
0.00012159347534179688
0.00015175342559814453
0.00024271011352539062
0.00020194053649902344
0.00022459030151367188
0.00011348724365234375
8.749961853027344e-05
0.00011348724365234375
0.0001308917999267578
0.0001678466796875
0.00011157989501953125
0.00022459030151367188
9.393692016601562e-05
0.0001590251922607422
0.00014829635620117188
0.00028443336486816406
7.200241088867188e-05
0.00015997886657714844
0.0001575946807861328
4.673004150390625e-05
6.556510925292969e-05
0.0001571178436279297
0.00019288063049316406
9.703636169433594e-05
0.0002384185791015625
0.00012350082397460938
9.703636169433594e-05
0.00019979476928710938
0.00018453598022460938
0.0002751350402832031
0.00016999244689941406
0.00013494491577148438
0.0002696514129638672
0.00011730194091796875
0.0001232624053955078
0.00011515617370605469
0.00018334388732910156
0.00012826919555664062
9.942054748535156e-05
0.00019431114196777344
0.00011610984802246094
8.0108642578125e-05
0.00012969970703125
0.0001590251922607422
0.00011730194091796875
0.0001552104949951172
0.00013971328735351562
0.0001628398895263672
0.0002529621124267578
0.0001900196075439453
0.00022792816162109375
8.296966552734375e-05
0.00010967254638671875
0.00011396408081054688
0.0002117156982421875
0.0001544952392578125
0.00010228157043457031
0.00016164779663085938
0.00017762184143066406
0.0001671314239501953
0.00021314620971679688
9.703636169433594e-05
0.00011563301086425781
0.00012755393981933594
0.00031685829162597656
0.0004050731658935547
8.702278137207031e-05
8.726119995117188e-05
0.0001399517059326172
9.5367431640625e-05
0.00011706352233886719
8.153915405273438e-05
0.00020551681518554688
0.0001480579376220703
0.00015425682067871094
0.000255584716796875
0.00017881393432617188
0.0001964569091796875
0.00014257431030273438
0.00022649765014648438
9.870529174804688e-05
0.0001690387725830078
8.082389831542969e-05
0.0001697540283203125
9.083747863769531e-05
0.00019407272338867188
0.00011539459228515625
0.00012826919555664062
0.0001571178436279297
0.00033164024353027344
0.0001773834228515625
0.00011324882507324219
0.0001537799835205078
3.695487976074219e-05
0.00016307830810546875
5.269050598144531e-05
0.0001742839813232422
0.00013184547424316406
0.00014638900756835938
0.00020933151245117188
0.000141143798828125
0.0003159046173095703
0.00012969970703125
0.00024199485778808594
0.0001983642578125
0.00020885467529296875
0.00016570091247558594
8.58306884765625e-05
0.0001239776611328125
0.0001804828643798828
0.00010561943054199219
0.00013113021850585938
0.00017213821411132812
0.00017714500427246094
8.988380432128906e-05
0.0001201629638671875
8.58306884765625e-05
0.0001385211944580078
0.0001404285430908203
0.00014066696166992188
0.00014710426330566406
0.00012922286987304688
0.00011992454528808594
0.00013899803161621094
0.00017023086547851562
0.00011038780212402344
0.0003294944763183594
0.00013494491577148438
0.00015401840209960938
0.0003123283386230469
0.0001354217529296875
0.0001354217529296875
0.00011038780212402344
0.0001633167266845703
0.0002321004867553711
8.893013000488281e-05
0.0001468658447265625
0.0001461505889892578
0.00019598007202148438
0.00011515617370605469
0.0001971721649169922
0.0001735687255859375
0.000110626220703125
0.0001163482666015625
0.0001685619354248047
0.00029850006103515625
9.918212890625e-05
0.0001308917999267578
8.0108642578125e-05
0.0001678466796875
0.00012421607971191406
0.0001125335693359375
0.0002562999725341797
0.00031375885009765625
0.00010585784912109375
6.103515625e-05
7.271766662597656e-05
0.00018775463104248047
0.00013566017150878906
0.00021219253540039062
7.987022399902344e-05
0.00018453598022460938
0.00011968612670898438
0.00019073486328125
0.00018095970153808594
0.00018334388732910156
0.0001354217529296875
0.00017404556274414062
8.988380432128906e-05
0.00011420249938964844
0.00011229515075683594
0.0002741813659667969
7.700920104980469e-05
0.00014495849609375
0.00017380714416503906
0.0001373291015625
9.512901306152344e-05
7.176399230957031e-05
0.00017189979553222656
0.00015115737915039062
0.00011920928955078125
0.00012421607971191406
0.00014019012451171875
0.000118255615234375
8.845329284667969e-05
0.0001341104507446289
0.0002620220184326172
0.00011849403381347656
0.00022602081298828125
0.00019550323486328125
0.00013685226440429688
0.00012993812561035156
0.0002262592315673828
0.00023412704467773438
0.00012135505676269531
0.0001926422119140625
0.00017547607421875
0.00019812583923339844
0.00010943412780761719
9.751319885253906e-05
0.00012683868408203125
0.0001266002655029297
0.0002613067626953125
0.00012421607971191406
0.00012493133544921875
0.00022459030151367188
0.00013256072998046875
0.00012087821960449219
0.00013709068298339844
0.00014925003051757812
0.00013113021850585938
0.00019812583923339844
8.797645568847656e-05
0.00020623207092285156
0.00010180473327636719
0.00022673606872558594
9.369850158691406e-05
0.00013184547424316406
0.0001494884490966797
9.584426879882812e-05
0.0001461505889892578
0.0001436471939086914
0.0001811981201171875
0.0001728534698486328
0.00017762184143066406
0.0002593994140625
0.00012111663818359375
0.00013518333435058594
0.00018024444580078125
0.00015020370483398438
0.00013589859008789062
0.00016760826110839844
0.0001380443572998047
0.0002808570861816406
0.00011229515075683594
0.000148773193359375
9.942054748535156e-05
0.00010943412780761719
0.00015616416931152344
0.0001049041748046875
0.0002675056457519531
0.00018596649169921875
0.00013756752014160156
0.00017523765563964844
0.00024700164794921875
0.00012350082397460938
0.00017404556274414062
0.0001735687255859375
0.00012755393981933594
0.0001773834228515625
0.00011754035949707031
6.818771362304688e-05
0.0001595020294189453
0.00012874603271484375
0.00019741058349609375
0.00019812583923339844
0.0001609325408935547
0.00014543533325195312
0.00010323524475097656
6.532669067382812e-05
0.00022125244140625
9.679794311523438e-05
0.00011610984802246094
0.00020503997802734375
0.00020623207092285156
7.915496826171875e-05
9.5367431640625e-05
0.00011396408081054688
0.000102996826171875
0.00012159347534179688
0.00018286705017089844
0.00021600723266601562
0.00017404556274414062
0.00010514259338378906
0.0001652240753173828
0.00010395050048828125
9.1552734375e-05
6.818771362304688e-05
9.512901306152344e-05
0.0003647804260253906
0.00023746490478515625
0.00021505355834960938
5.888938903808594e-05
9.131431579589844e-05
9.417533874511719e-05
0.00014352798461914062
0.00010156631469726562
0.00016736984252929688
0.00012540817260742188
0.00022792816162109375
0.0002923011779785156
0.00019121170043945312
0.0001614093780517578
9.036064147949219e-05
0.00021719932556152344
0.00023293495178222656
0.00012540817260742188
0.0002613067626953125
7.176399230957031e-05
0.00010991096496582031
9.417533874511719e-05
7.534027099609375e-05
0.0001380443572998047
0.00013375282287597656
7.581710815429688e-05
0.0002396106719970703
8.559226989746094e-05
0.00021839141845703125
0.00013256072998046875
7.987022399902344e-05
0.0002033710479736328
8.606910705566406e-05
9.751319885253906e-05
7.510185241699219e-05
0.00017499923706054688
0.00023102760314941406
8.487701416015625e-05
0.0001552104949951172
0.00014400482177734375
0.000286102294921875
0.0001842975616455078
0.00014090538024902344
8.916854858398438e-05
0.00016045570373535156
0.0001800060272216797
0.00010895729064941406
0.0002048015594482422
0.00020956993103027344
0.00024080276489257812
0.00014591217041015625
0.00015878677368164062
0.00029277801513671875
0.0001583099365234375
9.870529174804688e-05
0.0001227855682373047
0.00010371208190917969
0.0001742839813232422
8.106231689453125e-05
9.679794311523438e-05
0.00012540817260742188
0.00010704994201660156
0.00018334388732910156
9.489059448242188e-05
0.00017333030700683594
0.0002143383026123047
0.00016736984252929688
0.00023484230041503906
0.0001728534698486328
0.000186920166015625
0.00018453598022460938
8.440017700195312e-05
0.00014591217041015625
0.00023674964904785156
0.00011014938354492188
0.00010776519775390625
8.368492126464844e-05
0.00014972686767578125
0.00018930435180664062
0.00013303756713867188
0.000156402587890625
0.00022077560424804688
6.937980651855469e-05
9.965896606445312e-05
0.00012040138244628906
0.000217437744140625
0.00011467933654785156
0.00021004676818847656
0.0001456737518310547
0.0001392364501953125
7.891654968261719e-05
0.00014829635620117188
7.176399230957031e-05
0.00013780593872070312
0.00013637542724609375
0.00011348724365234375
0.00019073486328125
0.00012969970703125
0.0001621246337890625
8.511543273925781e-05
0.00012087821960449219
0.0001735687255859375
0.0001068115234375
0.0003650188446044922
0.0002143383026123047
0.0001468658447265625
0.00014853477478027344
0.00011682510375976562
0.00022292137145996094
0.0001518726348876953
0.0001125335693359375
0.0001049041748046875
0.0001552104949951172
0.00017786026000976562
0.0001087188720703125
0.0001366138458251953
5.817413330078125e-05
0.0001556873321533203
0.00013113021850585938
0.0002205371856689453
0.00015091896057128906
0.00014257431030273438
9.226799011230469e-05
0.00019478797912597656
0.0001704692840576172
7.486343383789062e-05
0.00012540817260742188
0.00016617774963378906
0.00015735626220703125
0.0002875328063964844
0.0001518726348876953
8.869171142578125e-05
0.00012731552124023438
9.393692016601562e-05
0.00012946128845214844
0.00021529197692871094
0.00012373924255371094
7.152557373046875e-05
0.0001747608184814453
0.00013327598571777344
0.0002048015594482422
0.00020170211791992188
0.00021457672119140625
0.00019550323486328125
0.00018644332885742188
0.00012040138244628906
7.510185241699219e-05
0.00017952919006347656
0.00023603439331054688
0.00017070770263671875
0.00015735626220703125
0.00015020370483398438
0.00015234947204589844
0.00027942657470703125
8.511543273925781e-05
0.0001461505889892578
0.00011372566223144531
0.0001087188720703125
0.00012731552124023438
9.012222290039062e-05
0.00013875961303710938
0.0001010894775390625
9.322166442871094e-05
8.797645568847656e-05
0.00015807151794433594
0.00013685226440429688
0.00011038780212402344
0.0002512931823730469
0.00013494491577148438
0.0003046989440917969
0.00016307830810546875
0.000244140625
0.0001659393310546875
0.00011181831359863281
7.43865966796875e-05
0.00015354156494140625
0.00017404556274414062
8.869171142578125e-05
0.00010275840759277344
9.703636169433594e-05
0.00010967254638671875
0.00020456314086914062
0.00011157989501953125
6.628036499023438e-05
0.00012803077697753906
0.0002124309539794922
0.0001709461212158203
0.0001513957977294922
5.936622619628906e-05
0.00015234947204589844
0.00015497207641601562
0.00014472007751464844
0.0001590251922607422
0.00011301040649414062
0.00021696090698242188
0.00014591217041015625
0.00024080276489257812
0.00030159950256347656
0.00011277198791503906
0.00017333030700683594
0.00024366378784179688
0.00020813941955566406
0.00018215179443359375
0.00011134147644042969
0.00018739700317382812
0.0001468658447265625
0.00011491775512695312
9.799003601074219e-05
9.107589721679688e-05
0.0001354217529296875
0.0001819133758544922
0.0002608299255371094
0.00019097328186035156
0.0001049041748046875
9.846687316894531e-05
0.00026106834411621094
0.00012421607971191406
0.00011444091796875
8.726119995117188e-05
0.0002791881561279297
8.559226989746094e-05
0.0002186298370361328
7.82012939453125e-05
7.43865966796875e-05
0.0001556873321533203
0.0001685619354248047
3.886222839355469e-05
5.650520324707031e-05
0.0002243518829345703
0.00010657310485839844
6.604194641113281e-05
0.00022840499877929688
0.0002751350402832031
8.96453857421875e-05
0.00013256072998046875
0.00012564659118652344
0.0002644062042236328
0.00017690658569335938
0.00015783309936523438
0.00010633468627929688
0.0001461505889892578
0.00014972686767578125
9.465217590332031e-05
0.00010919570922851562
0.00012969970703125
0.00011873245239257812
7.724761962890625e-05
0.00019073486328125
0.00013637542724609375
0.0001571178436279297
0.00011277198791503906
0.00011920928955078125
0.00020766258239746094
0.00020384788513183594
0.00013875961303710938
7.891654968261719e-05
0.0001697540283203125
8.392333984375e-05
0.00010800361633300781
0.000202178955078125
0.00014662742614746094
0.00013065338134765625
0.00017976760864257812
0.0001266002655029297
0.00022172927856445312
8.58306884765625e-05
0.00016021728515625
0.00012731552124023438
0.00014162063598632812
0.00014066696166992188
0.00012540817260742188
0.0001533031463623047
0.00021457672119140625
0.00014257431030273438
0.0002243518829345703
9.369850158691406e-05
0.0001671314239501953
6.890296936035156e-05
0.00011992454528808594
0.000194549560546875
0.0001232624053955078
0.00023436546325683594
0.00018906593322753906
0.00016069412231445312
0.00020051002502441406
0.0001800060272216797
0.00018405914306640625
0.00010132789611816406
0.00010609626770019531
0.00010657310485839844
8.702278137207031e-05
0.00019860267639160156
0.00014472007751464844
0.0001499652862548828
0.00016307830810546875
9.202957153320312e-05
0.00012421607971191406
0.0001697540283203125
0.0002090930938720703
7.605552673339844e-05
0.00012636184692382812
0.00012803077697753906
0.0001087188720703125
0.00018143653869628906
0.00011110305786132812
0.00011682510375976562
0.0002353191375732422
0.0002033710479736328
0.00012183189392089844
0.00019121170043945312
0.00014138221740722656
0.0001819133758544922
0.0001354217529296875
9.703636169433594e-05
0.00015044212341308594
0.00015354156494140625
0.00014138221740722656
8.821487426757812e-05
0.00012063980102539062
0.00021982192993164062
7.295608520507812e-05
0.000148773193359375
0.000244140625
0.00011420249938964844
0.0001342296600341797
0.000400543212890625
0.00011324882507324219
0.00010347366333007812
0.00022172927856445312
0.00017690658569335938
8.940696716308594e-05
8.940696716308594e-05
0.00013875961303710938
0.0001659393310546875
7.534027099609375e-05
0.00011682510375976562
0.0002474784851074219
9.179115295410156e-05
0.00016546249389648438
0.00014472007751464844
0.00017833709716796875
7.510185241699219e-05
0.0001347064971923828
0.00016069412231445312
9.560585021972656e-05
6.818771362304688e-05
0.0002467632293701172
0.00012612342834472656
0.00010561943054199219
0.00017642974853515625
0.00022530555725097656
8.130073547363281e-05
9.846687316894531e-05
0.00020313262939453125
9.608268737792969e-05
5.793571472167969e-05
0.0001742839813232422
0.00035572052001953125
7.915496826171875e-05
0.0001480579376220703
8.106231689453125e-05
0.00016069412231445312
0.0001671314239501953
0.0001385211944580078
0.0003609657287597656
0.0001385211944580078
0.0001609325408935547
0.0001347064971923828
0.00042557716369628906
7.224082946777344e-05
0.00014019012451171875
0.0002677440643310547
0.00011157989501953125
0.00014138221740722656
8.916854858398438e-05
0.0001583099365234375
8.249282836914062e-05
0.0002014636993408203
9.846687316894531e-05
0.00015783309936523438
0.00013208389282226562
0.00017070770263671875
0.0002987384796142578
7.605552673339844e-05
0.0001499652862548828
0.0001270771026611328
0.00023484230041503906
0.00017333030700683594
0.00015282630920410156
0.00010657310485839844
7.176399230957031e-05
0.00030684471130371094
0.00010848045349121094
0.00014162063598632812
9.703636169433594e-05
8.7738037109375e-05
8.106231689453125e-05
9.274482727050781e-05
0.00014829635620117188
9.632110595703125e-05
0.000125885009765625
0.00013399124145507812
0.0001652240753173828
6.29425048828125e-05
0.00022029876708984375
0.00017642974853515625
0.00017118453979492188
0.00032210350036621094
0.00021338462829589844
0.0001633167266845703
0.00013256072998046875
7.581710815429688e-05
0.0001323223114013672
0.000148773193359375
9.489059448242188e-05
0.0002524852752685547
0.00020575523376464844
9.655952453613281e-05
0.00013327598571777344
0.00012683868408203125
0.00010657310485839844
0.0001971721649169922
7.390975952148438e-05
0.00020003318786621094
0.0001361370086669922
0.00021767616271972656
0.00013709068298339844
0.0001761913299560547
0.00010776519775390625
0.00010204315185546875
0.0001304149627685547
7.939338684082031e-05
0.00012946128845214844
0.0001125335693359375
0.00013518333435058594
0.00023245811462402344
0.00018596649169921875
7.081031799316406e-05
0.00019311904907226562
6.771087646484375e-05
0.0002460479736328125
0.00014448165893554688
8.153915405273438e-05
0.00015997886657714844
0.0001747608184814453
0.0001480579376220703
0.00017261505126953125
0.00020575523376464844
0.0001289844512939453
0.0001773834228515625
0.00010323524475097656
0.00023889541625976562
0.00014400482177734375
0.0001480579376220703
0.0002460479736328125
0.0001468658447265625
0.0001499652862548828
0.00017642974853515625
0.0001990795135498047
0.0001246929168701172
0.0001220703125
7.867813110351562e-05
7.390975952148438e-05
0.00012159347534179688
9.560585021972656e-05
0.0001895427703857422
0.00014448165893554688
0.0001316070556640625
5.841255187988281e-05
0.00010180473327636719
0.00015401840209960938
0.00016307830810546875
6.723403930664062e-05
0.00012230873107910156
0.00016832351684570312
0.00010251998901367188
6.890296936035156e-05
0.0002655982971191406
0.00010991096496582031
0.00017213821411132812
0.00022602081298828125
8.7738037109375e-05
0.00013518333435058594
0.00018835067749023438
0.0001285076141357422
0.00012564659118652344
0.0001232624053955078
0.00011897087097167969
0.00022649765014648438
9.965896606445312e-05
0.00015020370483398438
0.00031256675720214844
0.00019288063049316406
0.00010204315185546875
0.00016260147094726562
0.00021338462829589844
8.153915405273438e-05
0.00014281272888183594
0.00014925003051757812
0.00015616416931152344
7.653236389160156e-05
0.0001990795135498047
0.0001506805419921875
0.0001087188720703125
0.00013971328735351562
0.0001506805419921875
0.00014066696166992188
9.1552734375e-05
0.00023889541625976562
0.00011610984802246094
0.00017833709716796875
0.00023317337036132812
0.00012111663818359375
0.00011610984802246094
0.0001537799835205078
0.00021958351135253906
9.441375732421875e-05
0.00024247169494628906
9.489059448242188e-05
0.00016760826110839844
0.00020956993103027344
0.00010919570922851562
0.0002040863037109375
0.00016164779663085938
0.0001461505889892578
0.00015473365783691406
0.00016808509826660156
7.176399230957031e-05
0.0001652240753173828
6.103515625e-05
0.0002300739288330078
0.00015306472778320312
0.0001468658447265625
9.679794311523438e-05
0.00011539459228515625
7.796287536621094e-05
0.00014019012451171875
0.0001285076141357422
6.771087646484375e-05
0.00015616416931152344
0.0001811981201171875
0.00012993812561035156
0.0001780986785888672
0.0001914501190185547
0.00012755393981933594
0.00010013580322265625
7.796287536621094e-05
8.273124694824219e-05
0.00017309188842773438
6.699562072753906e-05
3.62396240234375e-05
0.00019097328186035156
0.0002925395965576172
0.00013947486877441406
0.00015807151794433594
7.82012939453125e-05
9.226799011230469e-05
0.00013780593872070312
0.0001804828643798828
0.000362396240234375
0.00011777877807617188
0.00022268295288085938
7.462501525878906e-05
0.00014257431030273438
0.00012540817260742188
0.0002551078796386719
0.0001919269561767578
0.00019812583923339844
0.00016307830810546875
0.00015497207641601562
8.225440979003906e-05
0.0001995563507080078
0.00011205673217773438
9.5367431640625e-05
0.0001270771026611328
0.000148773193359375
0.000194549560546875
0.0003540515899658203
0.000110626220703125
0.00011086463928222656
0.00012254714965820312
0.00016760826110839844
0.00018358230590820312
0.0002658367156982422
9.202957153320312e-05
0.0001628398895263672
0.000110626220703125
0.00011610984802246094
0.00014829635620117188
8.726119995117188e-05
0.0001392364501953125
0.00010228157043457031
0.00015974044799804688
9.179115295410156e-05
0.00024580955505371094
8.940696716308594e-05
9.393692016601562e-05
0.00012540817260742188
0.0001633167266845703
0.0001361370086669922
0.00019073486328125
0.00012922286987304688
9.560585021972656e-05
0.00014591217041015625
0.00022745132446289062
0.00010156631469726562
0.0001537799835205078
0.000186920166015625
6.008148193359375e-05
5.173683166503906e-05
9.083747863769531e-05
0.00011420249938964844
0.00017023086547851562
0.00014019012451171875
8.416175842285156e-05
8.320808410644531e-05
0.0001010894775390625
0.00020194053649902344
0.00022125244140625
0.0001423358917236328
0.00014472007751464844
0.00011777877807617188
0.0001361370086669922
0.00012540817260742188
0.00020503997802734375
0.0001277923583984375
0.00013113021850585938
0.0001633167266845703
0.00014448165893554688
0.00021719932556152344
0.0002727508544921875
0.0001881122589111328
6.723403930664062e-05
9.34600830078125e-05
0.00013303756713867188
0.00031113624572753906
0.00026869773864746094
0.0001430511474609375
0.00018143653869628906
