325.06519532203674
324.2342517375946
322.84561824798584
321.9605031013489
320.99983286857605
321.436048746109
320.7531509399414
319.91445231437683
319.66896772384644
319.1410038471222
320.36413621902466
318.9249589443207
318.3840968608856
318.3355793952942
318.3517551422119
318.34312081336975
316.366760969162
304.8060402870178
274.888139128685
247.43011689186096
214.02222895622253
190.382450401783
177.59770894050598
149.06660598516464
125.41895234584808
112.98079863190651
96.97526222467422
74.71814352273941
71.35687214136124
59.19273614883423
50.289304703474045
49.7192907333374
49.12071678042412
34.492768973112106
20.208670437335968
20.39550718665123
22.610311210155487
17.27240091562271
18.86677348613739
18.06805729866028
6.530754625797272
10.611002624034882
10.188086032867432
15.827411532402039
9.976484894752502
3.3587910532951355
5.570739924907684
22.425398886203766
7.851656079292297
6.765791356563568
3.712464213371277
1.4486420154571533
0.19332385063171387
0.19863080978393555
11.602125883102417
3.3769816756248474
7.215008556842804
2.70717990398407
3.5547701716423035
3.4889206886291504
2.1737629175186157
1.0687549114227295
4.7961021065711975
2.7548032999038696
7.708744704723358
4.396737813949585
1.4241209030151367
4.281772255897522
3.565321922302246
1.0161513090133667
1.0317426919937134
2.9618221521377563
3.662701189517975
0.1519848108291626
0.10549354553222656
0.07252180576324463
0.04052114486694336
0.05388498306274414
0.02864372730255127
0.07918334007263184
0.02911055088043213
0.02629685401916504
0.013243675231933594
0.02342963218688965
0.012427449226379395
0.01987326145172119
0.013959765434265137
0.011493086814880371
0.8510481119155884
12.097614288330078
6.238711893558502
1.5452250242233276
0.3567943572998047
1.1129757165908813
0.24664926528930664
0.6891704797744751
0.06527149677276611
0.04865741729736328
4.585122227668762
0.3558386564254761
0.06534159183502197
0.033612847328186035
0.02119576930999756
0.018645167350769043
0.026634812355041504
0.01330864429473877
0.01938784122467041
0.011685013771057129
0.01699686050415039
0.012077689170837402
0.01592433452606201
0.014186739921569824
0.012865304946899414
0.012587547302246094
0.06460535526275635
0.016553044319152832
0.023313403129577637
0.010742545127868652
0.02114713191986084
0.009845376014709473
0.009876370429992676
0.01125800609588623
0.008882522583007812
0.00898754596710205
0.009385824203491211
0.007886528968811035
0.007684588432312012
0.013508319854736328
0.009032487869262695
0.006813645362854004
0.006426215171813965
0.007781982421875
0.006905317306518555
0.00663602352142334
0.0054111480712890625
0.005001187324523926
0.005141496658325195
0.0041446685791015625
0.004062056541442871
0.0030405521392822266
0.004501938819885254
0.00429987907409668
0.007489800453186035
0.005335807800292969
0.005990743637084961
0.003778696060180664
0.003846883773803711
0.002497553825378418
0.004767417907714844
0.004778027534484863
0.004378914833068848
0.0032693147659301758
0.004034757614135742
0.003278493881225586
0.002785801887512207
0.0036814212799072266
0.003367185592651367
0.004877805709838867
0.0037224292755126953
0.00265657901763916
0.003052234649658203
0.003461480140686035
0.0024940967559814453
0.00397038459777832
0.0033431053161621094
0.0027409791946411133
0.002323627471923828
0.004175424575805664
0.003056645393371582
0.0031867027282714844
0.0031893253326416016
0.0025680065155029297
0.002795577049255371
0.0029202699661254883
0.0031467676162719727
0.001833200454711914
0.003352642059326172
0.0031522512435913086
0.003476381301879883
0.0022215843200683594
0.0022319555282592773
0.001924753189086914
0.0021562576293945312
0.0018770694732666016
0.0033605098724365234
0.002435922622680664
0.003406047821044922
0.001865386962890625
0.001989126205444336
0.0025205612182617188
0.002548694610595703
0.003393411636352539
0.0020341873168945312
0.0019648075103759766
0.0022701025009155273
0.0022934675216674805
0.002404928207397461
0.0017169713973999023
0.0022121667861938477
0.00174713134765625
0.002234220504760742
0.002492666244506836
0.0036579370498657227
0.001256704330444336
0.0021522045135498047
0.00153350830078125
0.0011527538299560547
0.0024619102478027344
0.0018627643585205078
0.0018966197967529297
0.0013728141784667969
0.001700758934020996
0.002675175666809082
0.002228975296020508
0.0016357898712158203
0.0023921728134155273
0.0018994808197021484
0.002523183822631836
0.0018541812896728516
0.0018581151962280273
0.0016338825225830078
0.0017702579498291016
0.0014357566833496094
0.0024204254150390625
0.0017309188842773438
0.0015187263488769531
0.003569960594177246
0.0015227794647216797
0.0014362335205078125
0.001795053482055664
0.0014271736145019531
0.0011113882064819336
0.0026123523712158203
0.001911163330078125
0.0018192529678344727
0.0019457340240478516
0.0014584064483642578
0.0017561912536621094
0.002366185188293457
0.0016179084777832031
0.0012922286987304688
0.001386880874633789
0.001404404640197754
0.0014996528625488281
0.0013782978057861328
0.0019402503967285156
0.001714468002319336
0.0018317699432373047
0.0017799139022827148
0.0016760826110839844
0.001065969467163086
0.00255584716796875
0.0011134147644042969
0.0015518665313720703
0.0011043548583984375
0.0013506412506103516
0.0015316009521484375
0.0019404888153076172
0.0015592575073242188
0.001749277114868164
0.0013489723205566406
0.001005411148071289
0.0014755725860595703
0.0014443397521972656
0.0014028549194335938
0.001232147216796875
0.0012669563293457031
0.0015537738800048828
0.0016536712646484375
0.0021653175354003906
0.001207113265991211
0.0017156600952148438
0.000998377799987793
0.0019344091415405273
0.0019202232360839844
0.0012524127960205078
0.001130819320678711
0.0011615753173828125
0.0013158321380615234
0.0010950565338134766
0.001367330551147461
0.0011219978332519531
0.0020797252655029297
0.001452803611755371
0.0012116432189941406
0.0013580322265625
0.0010859966278076172
0.0017648935317993164
0.0017464160919189453
0.0012531280517578125
0.001413106918334961
0.0012111663818359375
0.001096963882446289
0.0007989406585693359
0.0012094974517822266
0.0014307498931884766
0.0017375946044921875
0.0013051033020019531
0.0012769699096679688
0.0008306503295898438
0.0008707046508789062
0.001644134521484375
0.0011920928955078125
0.0012278556823730469
0.001810312271118164
0.0013287067413330078
0.0014727115631103516
0.0018923282623291016
0.0008833408355712891
0.000997304916381836
0.0009489059448242188
0.0014584064483642578
0.001028895378112793
0.0008590221405029297
0.0009081363677978516
0.0011754035949707031
0.0015668869018554688
0.0014371871948242188
0.0014448165893554688
0.0009223222732543945
0.0007956027984619141
0.0013797283172607422
0.0009827613830566406
0.0014553070068359375
0.0012636184692382812
0.0011919736862182617
0.0011019706726074219
0.0010956525802612305
0.001322627067565918
0.0007691383361816406
0.0014019012451171875
0.0007491111755371094
0.0010571479797363281
0.0011870861053466797
0.0014774799346923828
0.0014400482177734375
0.0010824203491210938
0.0012793540954589844
0.0008397102355957031
0.0013866424560546875
0.0011739730834960938
0.0012478828430175781
0.001294851303100586
0.0008709430694580078
0.001131296157836914
0.0009975433349609375
0.0008785724639892578
0.0010449886322021484
0.0015788078308105469
0.0010077953338623047
0.001005411148071289
0.0010030269622802734
0.0012451410293579102
0.0011780261993408203
0.00125885009765625
0.0009944438934326172
0.0008671283721923828
0.0007407665252685547
0.0006985664367675781
0.0008647441864013672
0.0010546445846557617
0.0011570453643798828
0.001355886459350586
0.0008599758148193359
0.001222848892211914
0.0012259483337402344
0.0006260871887207031
0.000705718994140625
0.0008442401885986328
0.001035451889038086
0.0014160871505737305
0.0010492801666259766
0.0017757415771484375
0.0015380382537841797
0.0009865760803222656
0.0010423660278320312
0.0007085800170898438
0.0007927417755126953
0.00104522705078125
0.0010831356048583984
0.0008218288421630859
0.00115203857421875
0.0012819766998291016
0.0009517669677734375
0.0010442733764648438
0.0007717609405517578
0.0008149147033691406
0.0010035037994384766
0.0008018016815185547
0.0011751651763916016
0.0012183189392089844
0.0013614892959594727
0.0009357929229736328
0.0011508464813232422
0.0009667873382568359
0.0013217926025390625
0.0019026994705200195
0.0006573200225830078
0.001012563705444336
0.0007812976837158203
0.0009741783142089844
0.0011463165283203125
0.0008237361907958984
0.0008916854858398438
0.001003861427307129
0.0007548332214355469
0.0007605552673339844
0.0008168220520019531
0.001112222671508789
0.0007039308547973633
0.0010612010955810547
0.0015647411346435547
0.0007727146148681641
0.0012054443359375
0.001556396484375
0.0009299516677856445
0.001207590103149414
0.0009481906890869141
0.000937342643737793
0.0010759830474853516
0.0006287097930908203
0.0006496906280517578
0.0009424686431884766
0.00081634521484375
0.0006711483001708984
0.0008718967437744141
0.0009551048278808594
0.0006957054138183594
0.0010216236114501953
0.0007975101470947266
0.0008745193481445312
0.0007052421569824219
0.0010230541229248047
0.0008053779602050781
0.0008053779602050781
0.0009388923645019531
0.0013892650604248047
0.0006692409515380859
0.0011773109436035156
0.0007524490356445312
0.0007908344268798828
0.0007996559143066406
0.0006949901580810547
0.0008428096771240234
0.0008213520050048828
0.0012830495834350586
0.001454472541809082
0.0009016990661621094
0.0008890628814697266
0.0008475780487060547
0.0005714893341064453
0.0008771419525146484
0.0007650852203369141
0.0007212162017822266
0.0009274482727050781
0.0006017684936523438
0.0006852149963378906
0.0009050369262695312
0.0009677410125732422
0.0010499954223632812
0.0010685920715332031
0.0005829334259033203
0.0007565021514892578
0.0005865097045898438
0.0009586811065673828
0.001461029052734375
0.0008561611175537109
0.000988006591796875
0.0012106895446777344
0.0007030963897705078
0.0008842945098876953
0.0010221004486083984
0.0010383129119873047
0.0006744861602783203
0.0005630254745483398
0.0007814168930053711
0.0006177425384521484
0.0007150173187255859
0.0007758140563964844
0.0007781982421875
0.00074005126953125
0.0007390975952148438
0.0010504722595214844
0.0008099079132080078
0.0010607242584228516
0.0013861656188964844
0.0009028911590576172
0.0013363361358642578
0.0014314651489257812
0.0008203983306884766
0.0007658004760742188
0.0007165670394897461
0.0008378028869628906
0.0006716251373291016
0.0009328126907348633
0.0008418560028076172
0.0009839534759521484
0.0009024143218994141
0.0005931854248046875
0.00106048583984375
0.0008828639984130859
0.0006101131439208984
0.0008006095886230469
0.0006237030029296875
0.0006623268127441406
0.0006284713745117188
0.00047278404235839844
0.0007991790771484375
0.0008649826049804688
0.0007748603820800781
0.0007405281066894531
0.0006711483001708984
0.0008633136749267578
0.0007228851318359375
0.00106048583984375
0.0009665489196777344
0.0008015632629394531
0.0010409355163574219
0.0006711483001708984
0.0008175373077392578
0.0007035732269287109
0.0007300376892089844
0.0008492469787597656
0.0005674362182617188
0.0007276535034179688
0.0010485649108886719
0.0007030963897705078
0.0006716251373291016
0.0010809898376464844
0.0007710456848144531
0.0010499954223632812
0.00079345703125
0.0008680820465087891
0.0007653236389160156
0.0009591579437255859
0.0006868839263916016
0.0005595684051513672
0.0007963180541992188
0.0007295608520507812
0.0008757114410400391
0.0010542869567871094
0.0006794929504394531
0.0005624294281005859
0.0008165836334228516
0.0007340908050537109
0.0008187294006347656
0.0009071826934814453
0.0010309219360351562
0.0006191730499267578
0.0007416009902954102
0.0009696483612060547
0.0009756088256835938
0.0007467269897460938
0.0007085800170898438
0.0010366439819335938
0.0010111331939697266
0.0008366107940673828
0.0007793903350830078
0.0006837844848632812
0.0006337165832519531
0.0007469654083251953
0.0006515979766845703
0.0005509853363037109
0.0005822181701660156
0.0007278919219970703
0.001027226448059082
0.0009124279022216797
0.0010080337524414062
0.0007176399230957031
0.0011425018310546875
0.0007822513580322266
0.0006206035614013672
0.0005657672882080078
0.00045561790466308594
0.0008280277252197266
0.0006492137908935547
0.0006735324859619141
0.0005161762237548828
0.0009589195251464844
0.00075531005859375
0.0006608963012695312
0.0005714893341064453
0.0007688999176025391
0.0008907318115234375
0.0006966590881347656
0.0007619857788085938
0.0006096363067626953
0.0007416009902954102
0.0007421970367431641
0.0007376670837402344
0.0007424354553222656
0.0009341239929199219
0.0009701251983642578
0.0008361339569091797
0.0010755062103271484
0.0005979537963867188
0.0007061958312988281
0.001058340072631836
0.0007379055023193359
0.0007367134094238281
0.0004711151123046875
0.0005261898040771484
0.0006701946258544922
0.0010373592376708984
0.0006833076477050781
0.0008332729339599609
0.0006549358367919922
0.0008683204650878906
0.0007226467132568359
0.0007257461547851562
0.0005559921264648438
0.0006252527236938477
0.0004839897155761719
0.0009438991546630859
0.0007419586181640625
0.0010684728622436523
0.0009481906890869141
0.0009372234344482422
0.0009477138519287109
0.0005910396575927734
0.0007817745208740234
0.0008094310760498047
0.000978708267211914
0.0004775524139404297
0.0005769729614257812
0.0007023811340332031
0.00086212158203125
0.0007187128067016602
0.000579833984375
0.00041961669921875
0.0005154609680175781
0.0007070302963256836
0.000827789306640625
0.0004558563232421875
0.0005757808685302734
0.0006754398345947266
0.0006182193756103516
0.000621795654296875
0.0006103515625
0.0007436275482177734
0.0010211467742919922
0.0006034374237060547
0.0006449222564697266
0.000728607177734375
0.00045800209045410156
0.0014884471893310547
0.0005147457122802734
0.0010213851928710938
0.0004367828369140625
0.0006573200225830078
0.000683903694152832
0.0005089044570922852
0.0007619857788085938
0.001016378402709961
0.0005426406860351562
0.0006582736968994141
0.0006997585296630859
0.0008440017700195312
0.0008890628814697266
0.0007536411285400391
0.0005619525909423828
0.0007865428924560547
0.0006947517395019531
0.0006384849548339844
0.0007190704345703125
0.0006399154663085938
0.0008246898651123047
0.000736236572265625
0.0006527900695800781
0.0006160736083984375
0.0006895065307617188
0.0008213520050048828
0.0007114410400390625
0.0009708404541015625
0.0010025501251220703
0.0009326934814453125
0.0008671283721923828
0.0005466938018798828
0.0004582405090332031
0.0005898475646972656
0.0005224943161010742
0.0008146762847900391
0.0008466243743896484
0.0006189346313476562
0.0008943080902099609
0.0004343986511230469
0.0008225440979003906
0.0006382465362548828
0.0006163120269775391
0.0006020069122314453
0.0006349086761474609
0.0004899501800537109
0.0005121231079101562
0.0006537437438964844
0.0006036758422851562
0.0008132457733154297
0.0006988048553466797
0.0005991458892822266
0.0006164312362670898
0.0008006095886230469
0.0009989738464355469
0.001077890396118164
0.000667572021484375
0.0010979175567626953
0.0006313323974609375
0.0006737709045410156
0.0007238388061523438
0.0010950565338134766
0.0007076263427734375
0.000606536865234375
0.0005511045455932617
0.0005500316619873047
0.0007073879241943359
0.0005779266357421875
0.0007388591766357422
0.0004987716674804688
0.0005035400390625
0.0011851787567138672
0.0005741119384765625
0.000850677490234375
0.0006427764892578125
0.0007832050323486328
0.0004544258117675781
0.0005352497100830078
0.000629425048828125
0.0007486343383789062
0.0005371570587158203
0.0006082057952880859
0.0007584095001220703
0.0007584095001220703
0.0011332035064697266
0.0003821849822998047
0.0007305145263671875
0.0004878044128417969
0.0008749961853027344
0.0006215572357177734
0.0007004737854003906
0.0005431175231933594
0.0005598068237304688
0.0006933212280273438
0.0005435943603515625
0.001132965087890625
0.0005421638488769531
0.0007221698760986328
0.0008292198181152344
0.0006327629089355469
0.0007376670837402344
0.0007882118225097656
0.0005609989166259766
0.0006451606750488281
0.0006401538848876953
0.0007586479187011719
0.0007009506225585938
0.0011496543884277344
0.00045418739318847656
0.0007996559143066406
0.0004451274871826172
0.0005984306335449219
0.0006525516510009766
0.0008637905120849609
0.0004742145538330078
0.0006587505340576172
0.0008566379547119141
0.0007632970809936523
0.0008821487426757812
0.0006113052368164062
0.0007193088531494141
0.0004934072494506836
0.0006816387176513672
0.0006773471832275391
0.0008258819580078125
0.0005071163177490234
0.0005691051483154297
0.0007233619689941406
0.0006678104400634766
0.0006260871887207031
0.0005248785018920898
0.0009543895721435547
0.0006906986236572266
0.0005972385406494141
0.0006339550018310547
0.0007507801055908203
0.0005742311477661133
0.0005741119384765625
0.0008490085601806641
0.00083160400390625
0.0004353523254394531
0.0005652904510498047
0.0005288124084472656
0.0007722377777099609
0.0009362697601318359
0.0006631612777709961
0.00072479248046875
0.0007028579711914062
0.0005880594253540039
0.0010433197021484375
0.000598907470703125
0.0007078647613525391
0.0005176067352294922
0.0004973411560058594
0.0006167888641357422
0.0006279945373535156
0.0007039308547973633
0.0009131431579589844
0.00039267539978027344
0.0006699562072753906
0.00047016143798828125
0.00040912628173828125
0.0008518695831298828
0.0007090568542480469
0.0007483959197998047
0.0005826950073242188
0.0006427764892578125
0.0006124973297119141
0.0009233951568603516
0.0008511543273925781
0.000583648681640625
0.0006947517395019531
0.0008380413055419922
0.00048422813415527344
0.0006865262985229492
0.0004968643188476562
0.0006979703903198242
0.0006263256072998047
0.0011780261993408203
0.0006906986236572266
0.0003986358642578125
0.00081634521484375
0.0006256103515625
0.0004589557647705078
0.0006198883056640625
0.0005950927734375
0.0006291866302490234
0.00052642822265625
0.0005009174346923828
0.0006430149078369141
0.0006771087646484375
0.0010640621185302734
0.0005650520324707031
0.0007498264312744141
0.0006749629974365234
0.0006322860717773438
0.0005903244018554688
0.0009067058563232422
0.0009052753448486328
0.000621795654296875
0.0005064010620117188
0.0005130767822265625
0.0007102489471435547
0.0006432533264160156
0.0008449554443359375
0.0007200241088867188
0.0006014108657836914
0.0007562637329101562
0.0005564689636230469
0.0003521442413330078
0.0006084442138671875
0.0007584095001220703
0.0006499290466308594
0.0006318092346191406
0.0006601810455322266
0.0006711483001708984
0.0005369186401367188
0.0005950927734375
0.0006501674652099609
0.0008113384246826172
0.0005707740783691406
0.0005435943603515625
0.0006494522094726562
0.0008029937744140625
0.0005939006805419922
0.0006175041198730469
0.00043201446533203125
0.0007052421569824219
0.0005879402160644531
0.0004382133483886719
0.0006184577941894531
0.000675201416015625
0.0007541179656982422
0.0005075931549072266
0.0005700588226318359
0.0012538433074951172
0.0007092952728271484
0.0007581710815429688
0.0009438991546630859
0.0003571510314941406
0.0006551742553710938
0.0006954669952392578
0.0006927251815795898
0.0005273818969726562
0.0006816387176513672
0.0006821155548095703
0.0008311271667480469
0.0005506277084350586
0.0006413459777832031
0.0007126331329345703
0.0006895065307617188
0.00049591064453125
0.0008161067962646484
0.0007320642471313477
0.0006220340728759766
0.0006928443908691406
0.0007464885711669922
0.0008182525634765625
0.00044536590576171875
0.0004985332489013672
0.000748753547668457
0.0006210803985595703
0.0006026029586791992
0.0004918575286865234
0.0005486011505126953
0.0005846023559570312
0.0007271766662597656
0.0009012222290039062
0.0006797313690185547
0.0003681182861328125
0.0007359981536865234
0.0005743503570556641
0.0005404949188232422
0.0007538795471191406
0.0004756450653076172
0.0008132457733154297
0.0007224082946777344
0.0007677078247070312
0.0007224082946777344
0.0008299350738525391
0.0005364418029785156
0.0012183189392089844
0.00044226646423339844
0.0007843971252441406
0.0005915164947509766
0.0005376338958740234
0.0005412101745605469
0.0005273818969726562
0.0005464553833007812
0.0006709098815917969
0.000484466552734375
0.0005700588226318359
0.0006706714630126953
0.0005121231079101562
0.0007274150848388672
0.0005977153778076172
0.0008752346038818359
0.0006734132766723633
0.00039124488830566406
0.0006604194641113281
0.0005536079406738281
0.0005757808685302734
0.0006356239318847656
0.0006592273712158203
0.0006927251815795898
0.0005788803100585938
0.0007526874542236328
0.0005891323089599609
0.0006139278411865234
0.0006209611892700195
0.0007930994033813477
0.0007089376449584961
0.0005449056625366211
0.0007619857788085938
0.0005085468292236328
0.0004150867462158203
0.0009386539459228516
0.000362396240234375
0.0008395910263061523
0.0006692409515380859
0.0006651878356933594
0.00039458274841308594
0.0005729198455810547
0.0006101131439208984
0.0005922317504882812
0.0008356571197509766
0.0006530284881591797
0.0007121562957763672
0.0005886554718017578
0.0005013942718505859
0.0006351470947265625
0.0007348060607910156
0.0008649826049804688
0.0007796287536621094
0.0002799034118652344
0.0006031990051269531
0.0005958080291748047
0.0005772113800048828
0.0010328292846679688
0.0004603862762451172
0.0005955696105957031
0.0006732940673828125
0.0008397102355957031
0.0009942054748535156
0.0007231235504150391
0.0004782676696777344
0.0005218982696533203
0.0004742145538330078
0.0006990432739257812
0.0005905628204345703
0.0009529590606689453
0.0006885528564453125
0.0005586147308349609
0.0005040168762207031
0.0006318092346191406
0.0005831718444824219
0.0005059242248535156
0.0008404254913330078
0.0006189346313476562
0.0005381107330322266
0.00039649009704589844
0.00047397613525390625
0.0004730224609375
0.0008974075317382812
0.0005674362182617188
0.0009207725524902344
0.0005314350128173828
0.0005152225494384766
0.0005639791488647461
0.0006860494613647461
0.0005440711975097656
0.0004925727844238281
0.0007175207138061523
0.0008997917175292969
0.00040435791015625
0.0007157325744628906
0.0006349086761474609
0.0009000301361083984
0.0007240772247314453
0.0005710124969482422
0.0005311965942382812
0.0006625652313232422
0.0005619525909423828
0.0006606578826904297
0.000499725341796875
0.0006678104400634766
0.00046372413635253906
0.00041222572326660156
0.0007710456848144531
0.0007157325744628906
0.0009369850158691406
0.0007266998291015625
0.00048744678497314453
0.0005383491516113281
0.0008050203323364258
0.0008034706115722656
0.0009055137634277344
0.0008459091186523438
0.0008585453033447266
0.0006177425384521484
0.00038552284240722656
0.0006289482116699219
0.0006413459777832031
0.0004677772521972656
0.0004951953887939453
0.0004730224609375
0.0006155967712402344
0.0004699230194091797
0.0005810260772705078
0.0005412101745605469
0.0004012584686279297
0.0006492137908935547
0.0007584095001220703
0.0005009174346923828
0.0004699230194091797
0.0006351470947265625
0.0006873607635498047
0.0007061958312988281
0.00045609474182128906
0.0008034706115722656
0.00074005126953125
0.0005097389221191406
0.0009081363677978516
0.0009105205535888672
0.0005717277526855469
0.0004968643188476562
0.0006048679351806641
0.0006678104400634766
0.0005049705505371094
0.0006852149963378906
0.0006282329559326172
0.0006728172302246094
0.0008647441864013672
0.0006015300750732422
0.0006794929504394531
0.0006830692291259766
0.0006117820739746094
0.0006437301635742188
0.0006198883056640625
0.0005023479461669922
0.0006051063537597656
0.0004830360412597656
0.0005018711090087891
0.0009833574295043945
0.0007002353668212891
0.0006824731826782227
0.0007431507110595703
0.0005519390106201172
0.0007200241088867188
0.0005216598510742188
0.0007088184356689453
0.0009315013885498047
0.0007512569427490234
0.0009849071502685547
0.0006482601165771484
0.0007174015045166016
0.0009794235229492188
0.0005850791931152344
0.0004913806915283203
0.0005736351013183594
0.0005726814270019531
0.00040912628173828125
0.0005729198455810547
0.0004639625549316406
0.00043010711669921875
0.0004878044128417969
0.0005221366882324219
0.0005261898040771484
0.0004684925079345703
0.0006566047668457031
0.0007126331329345703
0.0005249977111816406
0.0004448890686035156
0.0006077289581298828
0.0006573200225830078
0.0006023645401000977
0.0003952980041503906
0.0006711483001708984
0.0004830360412597656
0.0008819103240966797
0.0005853176116943359
0.0005103349685668945
0.0005958080291748047
0.0007061958312988281
0.0008649826049804688
0.0006792545318603516
0.0006999969482421875
0.0008046627044677734
0.0006690025329589844
0.0006144046783447266
0.0006318092346191406
0.0005819797515869141
0.0005869865417480469
0.0007646083831787109
0.0006709098815917969
0.0006732940673828125
0.0007041692733764648
0.0007567405700683594
0.0004024505615234375
0.0005509853363037109
0.0004763603210449219
0.0005183219909667969
0.0007481575012207031
0.0005142688751220703
0.0005712509155273438
0.0005629062652587891
0.0005240440368652344
0.0007808208465576172
0.00045180320739746094
0.0005071163177490234
0.0006282329559326172
0.0006921291351318359
0.0006146430969238281
0.0004622936248779297
0.0007047653198242188
0.0006794929504394531
0.0005228519439697266
0.0005846023559570312
0.0005288124084472656
0.0008945465087890625
0.0005865097045898438
0.0007822513580322266
0.0007083415985107422
0.0005099773406982422
0.0005629062652587891
0.0007092952728271484
0.0008554458618164062
0.0006366968154907227
0.0006182193756103516
0.0005049705505371094
0.0005574226379394531
0.00044083595275878906
0.0006873607635498047
0.0005159378051757812
0.00037860870361328125
0.0005451440811157227
0.0007071495056152344
0.0006456375122070312
0.0006530284881591797
0.0007212162017822266
0.0009794235229492188
0.0007753372192382812
0.0005285739898681641
0.00038123130798339844
0.0007901191711425781
0.0007021427154541016
0.0004177093505859375
0.0006225109100341797
0.0005326271057128906
0.0005679130554199219
0.0006544589996337891
0.00042557716369628906
0.0005886554718017578
0.0005533695220947266
0.0005388259887695312
0.0006740093231201172
0.0007071495056152344
0.0007426738739013672
0.00061798095703125
0.0005445480346679688
0.0007240772247314453
0.0007989406585693359
0.0006196498870849609
0.0007045269012451172
0.0004980564117431641
0.0004744529724121094
0.0006201267242431641
0.0008673667907714844
0.0005960464477539062
0.0008697509765625
0.00044345855712890625
0.0005042552947998047
0.0007460117340087891
0.0005320310592651367
0.0007166862487792969
0.0004398822784423828
0.0005826950073242188
0.0007631778717041016
0.0006303787231445312
0.0004718303680419922
0.0006051063537597656
0.0007114410400390625
0.0004620552062988281
0.0007193088531494141
0.0005125999450683594
0.0008852481842041016
0.0007431507110595703
0.0008221864700317383
0.0005426406860351562
0.0008478164672851562
0.0006034374237060547
0.0004897117614746094
0.0008132457733154297
0.00041985511779785156
0.0005832910537719727
0.00047206878662109375
0.000476837158203125
0.0008890628814697266
0.0004584789276123047
0.00030350685119628906
0.0006248950958251953
0.0007233619689941406
0.0005700588226318359
0.0007634162902832031
0.0008211135864257812
0.0006420612335205078
0.0004923343658447266
0.0004553794860839844
0.0005648136138916016
0.0006804466247558594
0.0006899833679199219
0.0007207393646240234
0.0005953311920166016
0.0005321502685546875
0.0006372928619384766
0.0007214546203613281
0.0006337165832519531
0.00046324729919433594
0.0006127357482910156
0.0005178451538085938
0.0006322860717773438
0.0008194446563720703
0.0006289482116699219
0.0005042552947998047
0.0007750988006591797
0.0006005764007568359
0.0007593631744384766
0.0004742145538330078
0.0005300045013427734
0.00064849853515625
0.0004794597625732422
0.0006823539733886719
0.0005714893341064453
0.0008275508880615234
0.0006730556488037109
0.0005676746368408203
0.0005953311920166016
0.0005433559417724609
0.0005693435668945312
0.0006840229034423828
0.0005297660827636719
0.000461578369140625
0.0008792877197265625
0.0004467964172363281
0.0009510517120361328
0.00054931640625
0.0003674030303955078
0.0005280971527099609
0.0006601810455322266
0.0004456043243408203
0.0006003379821777344
0.00048828125
0.0006630420684814453
0.0006604194641113281
0.0005118846893310547
0.0004971027374267578
0.0006010532379150391
0.0006606578826904297
0.0009946823120117188
0.0005090236663818359
0.0007915496826171875
0.0006754398345947266
0.0006349086761474609
0.0008883476257324219
0.0008447170257568359
0.0007479190826416016
0.0007054805755615234
0.0005646944046020508
0.0005083084106445312
0.0008375644683837891
0.0006015300750732422
0.00048160552978515625
0.0006256103515625
0.0005061626434326172
0.0005791187286376953
0.0007040500640869141
0.0004442930221557617
0.00045299530029296875
0.0007333755493164062
0.0005388259887695312
0.0005092620849609375
0.0005857944488525391
0.0006442070007324219
0.0004420280456542969
0.0006589889526367188
0.0008757114410400391
0.0006203651428222656
0.0004830360412597656
0.0003960132598876953
0.0006196498870849609
0.0006513595581054688
0.0006864070892333984
0.0005648136138916016
0.0003871917724609375
0.0005707740783691406
0.00040149688720703125
0.0008461475372314453
0.00048089027404785156
0.0005400180816650391
0.0005896091461181641
0.0008218288421630859
0.0004456043243408203
0.0006282329559326172
0.0007903575897216797
0.0007753372192382812
0.0006182193756103516
0.0006978511810302734
0.0004892349243164062
0.0005223751068115234
0.0008442401885986328
0.0006365776062011719
0.0009703636169433594
0.0005033016204833984
0.0008037090301513672
0.0005147457122802734
0.0005249977111816406
0.0006949901580810547
0.00044274330139160156
0.0006811618804931641
0.0005583763122558594
0.0006186962127685547
0.0006513595581054688
0.0006468296051025391
0.0006465911865234375
0.0003571510314941406
0.0005934238433837891
0.0005033016204833984
0.0004565715789794922
0.0007851123809814453
0.0007834434509277344
0.0006556510925292969
0.0005209445953369141
0.0006985664367675781
0.0006191730499267578
0.0008070468902587891
0.0006191730499267578
0.0005064010620117188
0.0004868507385253906
0.0006537437438964844
0.0009262561798095703
0.00041484832763671875
0.00044798851013183594
0.0007607936859130859
0.0006449222564697266
0.0008351802825927734
0.0007658004760742188
0.0004086494445800781
0.0007486343383789062
0.0006937980651855469
0.0005123615264892578
0.0006678104400634766
0.0006046295166015625
0.0005562305450439453
0.0006034374237060547
0.0006091594696044922
0.0005397796630859375
0.0005147457122802734
0.00061798095703125
0.0006067752838134766
0.0007016658782958984
0.00048065185546875
0.0006334781646728516
0.0005908012390136719
0.0004734992980957031
0.0005846023559570312
0.0005077123641967773
0.0006148815155029297
0.0008683204650878906
0.0005769729614257812
0.0005559921264648438
0.0005648136138916016
0.0005586147308349609
0.0009760856628417969
0.0004916191101074219
0.0004649162292480469
0.0006725788116455078
0.0010957717895507812
0.0005953311920166016
0.0006439685821533203
0.0007431507110595703
0.0004856586456298828
0.0006821155548095703
0.0005593299865722656
0.00045609474182128906
0.0009295940399169922
0.0006546974182128906
0.00035500526428222656
0.0005543231964111328
0.0003654956817626953
0.0006084442138671875
0.0004565715789794922
0.0007374286651611328
0.0007395744323730469
0.0005083084106445312
0.0006699562072753906
0.0005397796630859375
0.0005438327789306641
0.0004830360412597656
0.0005235671997070312
0.0005786418914794922
0.0008795261383056641
0.0008690357208251953
0.0006973743438720703
0.0005614757537841797
0.0005249977111816406
0.0007555484771728516
0.0005106925964355469
0.0007047653198242188
0.0006427764892578125
0.0006473064422607422
0.0007803440093994141
0.00041747093200683594
0.0005602836608886719
0.000606536865234375
0.0008767843246459961
0.0006537437438964844
0.0004513263702392578
0.0006222724914550781
0.0007841587066650391
0.0005435943603515625
0.0006389617919921875
0.0005838871002197266
0.0009179115295410156
0.0009466409683227539
0.0006725788116455078
0.0006124973297119141
0.00048470497131347656
0.0006177425384521484
0.0004703998565673828
0.00040411949157714844
0.0007138252258300781
0.0007125139236450195
0.0006277561187744141
0.0004792213439941406
0.0008649826049804688
0.0007882118225097656
0.0005738735198974609
0.0005118846893310547
0.0004698038101196289
0.0004868507385253906
0.0007681846618652344
0.00041937828063964844
0.0005254745483398438
0.0005905628204345703
0.0004322528839111328
0.0005323886871337891
0.0005810260772705078
0.0007469654083251953
0.0005214214324951172
0.00060272216796875
0.0006165504455566406
0.00046563148498535156
0.0006134510040283203
0.0006222724914550781
0.0007159709930419922
0.0007190704345703125
0.0005090236663818359
0.0005881786346435547
0.0005548000335693359
0.0005033016204833984
0.000820159912109375
0.0006163120269775391
0.0006127357482910156
0.0006120204925537109
0.0005090236663818359
0.0005497932434082031
0.0006310939788818359
0.0006663799285888672
0.0005358457565307617
0.0005497932434082031
0.0006327629089355469
0.0007138252258300781
0.0006194114685058594
0.0009546279907226562
0.0007669925689697266
0.0010268688201904297
0.00046539306640625
0.00048422813415527344
0.0006210803985595703
0.0005702972412109375
0.0005657672882080078
0.000576019287109375
0.00045478343963623047
0.0006110668182373047
0.0006427764892578125
0.0006549358367919922
0.0009279251098632812
0.0008363723754882812
0.0005428791046142578
0.0008268356323242188
0.0006656646728515625
0.0005266666412353516
0.000400543212890625
0.00048160552978515625
0.000507354736328125
0.0007357597351074219
0.0006301403045654297
0.0006198883056640625
0.0005315542221069336
0.0007107257843017578
0.0005118846893310547
0.0007939338684082031
0.0005965232849121094
0.0007984638214111328
0.0004515647888183594
0.0006053447723388672
0.0005507469177246094
0.0006756782531738281
0.0006010532379150391
0.000453948974609375
0.0005021095275878906
0.0005183219909667969
0.0005662441253662109
0.0004591941833496094
0.0006201267242431641
0.0005228519439697266
0.0005850791931152344
0.0009822845458984375
0.0008134841918945312
0.0010364055633544922
0.0008084774017333984
0.0004973411560058594
0.0005295276641845703
0.00034737586975097656
0.000576019287109375
0.0005178451538085938
0.0007426738739013672
0.00038886070251464844
0.0006020069122314453
0.0006694793701171875
0.0006293058395385742
0.0004417896270751953
0.0005261898040771484
0.0008504390716552734
0.0004131793975830078
0.0009486675262451172
0.0005207061767578125
0.0006496906280517578
0.0006806850433349609
0.0005176067352294922
0.0004401206970214844
0.0004088878631591797
0.0006108283996582031
0.000827789306640625
0.0007290840148925781
0.0003292560577392578
0.0004639625549316406
0.0004940032958984375
0.0007195472717285156
0.0007038116455078125
0.0008180141448974609
0.0005741119384765625
0.0004596710205078125
0.0005159378051757812
0.0005838871002197266
0.0009877681732177734
0.0006926059722900391
0.0006375312805175781
0.0007152557373046875
0.0006816387176513672
0.00047969818115234375
0.0004661083221435547
0.0005511045455932617
0.0009250640869140625
0.00104522705078125
0.0006356239318847656
0.0005705356597900391
0.0008127689361572266
0.0006101131439208984
0.0004928112030029297
0.0003943443298339844
0.0005061626434326172
0.0008096694946289062
0.00037860870361328125
0.0004622936248779297
0.0006368160247802734
0.0006287097930908203
0.0003783702850341797
0.0007429122924804688
0.0004107952117919922
0.0006499290466308594
0.0005843639373779297
0.0006701946258544922
0.0006568431854248047
0.0006172657012939453
0.0006766319274902344
0.0007688999176025391
0.0007069110870361328
0.0007417201995849609
0.0006051063537597656
0.0004477500915527344
0.0005636215209960938
0.0005633831024169922
0.0007348060607910156
0.0008718967437744141
0.00044918060302734375
0.0006105899810791016
0.0005540847778320312
0.0005481243133544922
0.0004553794860839844
0.0005605220794677734
0.0006976127624511719
0.0005984306335449219
0.0005810260772705078
0.0004545450210571289
0.0006136894226074219
0.0007381439208984375
0.0006580352783203125
0.0007164478302001953
0.0005476474761962891
0.0004601478576660156
0.0005998611450195312
0.0008838176727294922
0.0006721019744873047
0.0004863739013671875
0.0006279945373535156
0.000499725341796875
0.0005991458892822266
0.0005755424499511719
0.0007567405700683594
0.0004286766052246094
0.0006301403045654297
0.0005855560302734375
0.0009443759918212891
0.0005402565002441406
0.0006892681121826172
0.0004734992980957031
0.0005006790161132812
0.0005776882171630859
0.0008553266525268555
0.00057220458984375
0.00067901611328125
0.0006730556488037109
0.0004773139953613281
0.0005242824554443359
0.0005548000335693359
0.0005981922149658203
0.0007576942443847656
0.0008566379547119141
0.000637054443359375
0.000568389892578125
0.0007910728454589844
0.0007882118225097656
0.0005431175231933594
0.0004985332489013672
0.0006005764007568359
0.0005850791931152344
0.00042319297790527344
0.0006723403930664062
0.0004885196685791016
0.0008283853530883789
0.0006535053253173828
0.0005242824554443359
0.0004875659942626953
