324.1217477321625
321.8555405139923
320.6403787136078
320.0172002315521
319.3820104598999
315.1417021751404
287.45417404174805
238.56037282943726
204.97916877269745
181.09386801719666
159.50782442092896
166.09343630075455
154.89907974004745
126.2355495095253
165.76799112558365
178.52898585796356
166.13404017686844
196.4417896270752
186.43751919269562
154.08194720745087
162.21436029672623
159.68619841337204
166.86396422982216
191.5809122622013
321.2751214504242
320.53064465522766
319.37564063072205
319.025931596756
319.45519375801086
318.68121886253357
317.8916537761688
319.29036927223206
318.2528123855591
318.2661232948303
318.0553455352783
319.1746733188629
318.7180633544922
319.96010065078735
318.04798197746277
318.2080702781677
318.83258152008057
319.13456892967224
318.45445823669434
319.2127261161804
317.9277563095093
318.760778427124
318.2003638744354
318.48738503456116
318.93733191490173
318.2675585746765
317.9575617313385
318.850857257843
318.5132155418396
318.2479684352875
318.5709352493286
317.9882228374481
318.4105067253113
318.43520951271057
318.5001585483551
318.17350816726685
318.3398230075836
317.9983067512512
318.59829354286194
318.58445858955383
318.3879609107971
318.2390751838684
318.5582911968231
317.63460516929626
318.9498600959778
318.15909600257874
318.5043363571167
317.6351070404053
318.12062335014343
317.9651210308075
318.3106460571289
318.54815125465393
318.13779187202454
318.3080508708954
318.79561734199524
318.46851229667664
317.79568219184875
318.237544298172
318.18066930770874
318.0109372138977
318.04764699935913
318.2265384197235
317.85983061790466
318.6304063796997
318.07346630096436
318.63513588905334
317.88759875297546
317.91503500938416
317.85930848121643
318.69239616394043
318.1241297721863
318.34407091140747
317.41101121902466
317.74654817581177
318.9524953365326
318.1089985370636
318.5706470012665
318.1280024051666
318.3506209850311
317.4893205165863
318.1254246234894
317.94698429107666
317.8188087940216
318.9385042190552
318.2346751689911
318.0308783054352
317.85151195526123
318.6073160171509
318.03843665122986
318.2858090400696
318.4154243469238
318.0412504673004
318.19099259376526
317.7655644416809
318.48636746406555
317.72205877304077
317.71392035484314
318.02452850341797
317.96855211257935
317.80959129333496
317.9642291069031
318.50572538375854
318.30772519111633
318.6538779735565
318.48895025253296
318.3292887210846
318.05305075645447
317.89718985557556
317.8027386665344
317.72905111312866
317.23008012771606
318.23120069503784
317.4890134334564
318.0330591201782
317.9515357017517
317.63326597213745
318.02878069877625
318.23103880882263
317.9127399921417
318.07752656936646
317.98931097984314
318.1669828891754
318.2625002861023
317.52868008613586
318.88549637794495
317.8939185142517
317.82909059524536
317.60056948661804
318.6819233894348
317.75598216056824
318.37818241119385
317.9808943271637
318.24881887435913
318.3393542766571
317.90439343452454
318.3996362686157
318.2814531326294
318.0770220756531
318.16764640808105
317.8869671821594
318.1595973968506
317.99807357788086
317.8965756893158
317.2461414337158
318.0790240764618
317.7889521121979
317.7834212779999
318.2703833580017
318.1824269294739
317.34799242019653
318.75293254852295
317.89356422424316
318.1106059551239
318.28875708580017
317.7038588523865
317.87797141075134
318.0771746635437
317.9872040748596
317.9470615386963
317.87387776374817
317.8240716457367
318.19936442375183
318.2605860233307
318.13717794418335
317.8465344905853
318.4099259376526
317.7889847755432
318.08906650543213
317.5180971622467
318.18088722229004
318.1293771266937
318.52431774139404
318.1359190940857
317.78293442726135
317.6987376213074
318.0469150543213
317.7325391769409
317.652729511261
318.2982277870178
317.1127471923828
317.2468111515045
318.19256496429443
318.665958404541
317.7929742336273
318.01139736175537
317.89142513275146
317.75046372413635
317.8185727596283
317.64504742622375
318.3186614513397
317.9255440235138
317.9100329875946
317.5446970462799
318.33177947998047
317.952755689621
318.13275146484375
318.0795588493347
318.62633657455444
318.2350654602051
317.425790309906
318.4512162208557
318.0706584453583
317.9782099723816
317.86805534362793
317.4725811481476
317.6669795513153
318.3559205532074
318.0297727584839
317.58037662506104
318.12179017066956
317.6553177833557
317.8008921146393
318.00063133239746
317.7621021270752
318.47697734832764
318.06100058555603
317.43536829948425
317.44892168045044
318.38578057289124
317.8507487773895
318.3590564727783
317.9454433917999
318.09055829048157
318.0518960952759
318.2488272190094
317.62083292007446
317.95433044433594
317.8328664302826
317.44713521003723
318.2248947620392
317.8386652469635
318.09205508232117
317.61100363731384
317.52203011512756
317.8362855911255
317.80152702331543
318.3339104652405
317.41452503204346
317.7071738243103
317.2830696105957
317.779096364975
317.9117648601532
317.13539481163025
318.291277885437
318.3452627658844
318.3952832221985
317.800044298172
318.21199321746826
317.99172472953796
317.6109127998352
317.7761492729187
317.9274628162384
318.20091128349304
317.8227639198303
317.81449460983276
318.18642497062683
318.1374406814575
317.5850212574005
317.91620993614197
317.9032700061798
317.92031955718994
317.7020797729492
317.7912142276764
318.0633568763733
317.9478735923767
317.9109535217285
318.2818524837494
318.191876411438
317.7435200214386
317.38217067718506
318.1922197341919
317.42004203796387
317.7335228919983
317.7969641685486
317.67104601860046
317.74841260910034
317.8524293899536
317.94394993782043
318.59309482574463
317.887229681015
317.6771595478058
317.30722856521606
317.89897656440735
317.35151624679565
317.0096468925476
318.33736991882324
317.8946259021759
317.8927114009857
317.2504098415375
317.8037040233612
317.7307541370392
317.91790080070496
318.70117259025574
317.7508602142334
317.6875727176666
317.8275249004364
317.76314067840576
318.00069212913513
318.37317514419556
317.99928092956543
317.96823239326477
317.6764876842499
317.6104247570038
318.1949965953827
317.8337254524231
317.646368265152
318.1344747543335
317.7749409675598
317.4872028827667
317.7781283855438
317.66477632522583
317.97133469581604
317.9306004047394
317.89081263542175
317.66708731651306
317.82015204429626
317.36135745048523
317.561603307724
318.0514850616455
317.9962797164917
317.1284565925598
317.8103950023651
317.8802056312561
318.29290866851807
317.8976731300354
318.0427391529083
317.88799381256104
318.07817697525024
318.0805141925812
317.7687485218048
317.6384744644165
317.8224868774414
318.1004807949066
317.8544578552246
317.57429599761963
318.28732109069824
318.014595746994
317.97679901123047
317.75357818603516
317.94140362739563
317.6024568080902
318.10312962532043
317.6534378528595
317.6132698059082
317.93732500076294
317.30196046829224
317.7157847881317
318.2687692642212
317.538978099823
317.8982825279236
316.99082922935486
317.00858521461487
317.4671587944031
318.3614311218262
317.54412937164307
317.36626076698303
318.07336473464966
318.12424063682556
317.9798495769501
317.48989605903625
318.24432945251465
317.57433795928955
318.0214705467224
317.784859418869
318.01593923568726
318.231561422348
317.5421586036682
317.89244532585144
317.5948750972748
317.8977084159851
317.56278014183044
317.76507902145386
317.6849148273468
318.1911656856537
317.7035095691681
317.43353247642517
318.2667980194092
317.56786274909973
318.21666717529297
317.81966066360474
318.3252902030945
317.7515914440155
317.9079587459564
317.5480844974518
317.47918033599854
317.9046015739441
317.33914732933044
317.5634961128235
317.2842471599579
317.56519770622253
318.464567899704
317.98443722724915
317.56835651397705
317.3413407802582
317.68118381500244
317.4273657798767
317.94903016090393
318.14764857292175
317.6980822086334
317.47198271751404
318.17928409576416
318.1008629798889
317.8643844127655
317.47806096076965
317.70132637023926
317.81966495513916
318.26430797576904
318.1925938129425
317.64010787010193
317.47865438461304
317.88955569267273
317.5797121524811
317.6029574871063
318.38749742507935
317.47752571105957
318.2617509365082
317.919278383255
317.865478515625
317.57971811294556
317.6122715473175
317.9023320674896
317.88814425468445
317.70560789108276
317.3707273006439
317.76544523239136
318.01920080184937
317.4234952926636
318.1579055786133
317.7001712322235
317.86505484580994
318.18457770347595
317.61914920806885
317.9728283882141
318.19874906539917
317.3290014266968
317.5546464920044
318.3600149154663
317.36563324928284
317.6522705554962
317.52163887023926
317.83702325820923
317.73264145851135
317.6915500164032
317.9339544773102
317.6961817741394
317.4279155731201
317.8984270095825
317.7107083797455
318.3728358745575
317.73001170158386
317.70240926742554
317.4802165031433
317.8419897556305
317.2904706001282
317.4831774234772
317.0070610046387
317.86504077911377
317.86741733551025
317.3489615917206
318.04692244529724
317.8658962249756
317.1604573726654
318.5105631351471
317.70725083351135
318.04936718940735
317.3243656158447
317.7287452220917
317.93092679977417
317.8281490802765
318.2869634628296
317.80139660835266
317.9005596637726
318.00419211387634
317.76771664619446
317.7832052707672
317.4029366970062
318.13024497032166
317.7784888744354
317.93663454055786
317.59879541397095
317.98942613601685
317.53024792671204
317.54987263679504
317.1423921585083
317.8267545700073
318.0402343273163
317.9809772968292
317.38117837905884
317.2243609428406
317.52511835098267
317.95881700515747
318.01283502578735
317.862589597702
318.12552404403687
317.5769212245941
317.56309938430786
318.047194480896
317.7659034729004
317.8137249946594
317.5170843601227
317.6365180015564
317.59062671661377
317.7403292655945
317.15828919410706
318.3365354537964
318.04793190956116
317.87734031677246
317.98645997047424
317.70650362968445
317.98618841171265
317.52270221710205
317.57092475891113
317.4574065208435
317.87501287460327
317.5362129211426
317.7051513195038
317.8581109046936
317.50152468681335
317.5079848766327
317.8284103870392
317.59421277046204
317.0954577922821
317.7112374305725
317.8982090950012
318.015837430954
317.4761097431183
317.74912786483765
317.1893141269684
317.6044487953186
317.4050602912903
318.1906690597534
317.7634587287903
317.8227643966675
318.53833198547363
317.7832467556
317.75445771217346
317.74973034858704
317.5726821422577
317.81147837638855
317.411226272583
317.59811997413635
318.0076985359192
318.07485795021057
317.8947169780731
317.6198236942291
317.3673086166382
317.5881929397583
317.3245973587036
317.42345333099365
317.450076341629
317.7424898147583
317.8253514766693
317.8176579475403
317.68223667144775
317.7611155509949
317.2004315853119
317.7629647254944
317.67784547805786
318.08301424980164
317.5009150505066
317.5945243835449
317.29822397232056
318.0378432273865
317.6299903392792
317.03246235847473
317.64693450927734
317.32636618614197
317.79288697242737
317.48086047172546
317.94823145866394
318.01791310310364
317.8288879394531
317.63433480262756
318.0436534881592
317.80687737464905
317.7562532424927
317.91347575187683
317.6407594680786
317.87349033355713
317.58452010154724
317.81100130081177
317.32574701309204
317.678542137146
317.61382961273193
318.03402185440063
317.59163427352905
317.8556966781616
318.15806794166565
317.96532678604126
317.55688095092773
317.79242300987244
317.6937749385834
317.4702410697937
317.91561460494995
317.72552514076233
317.57078099250793
317.6198263168335
317.53464365005493
317.82902240753174
317.24116230010986
317.82372283935547
317.5190660953522
317.83626222610474
318.07079434394836
317.8749170303345
317.6530797481537
317.9505805969238
317.42014360427856
317.90908312797546
318.16906094551086
317.6491801738739
317.37900614738464
317.7776126861572
317.540785074234
317.8136885166168
317.641649723053
317.3890588283539
317.1807234287262
317.9174795150757
317.630526304245
317.49720430374146
317.9853210449219
317.5725185871124
317.74429535865784
317.6066026687622
317.07271790504456
317.9548578262329
317.41544699668884
317.564489364624
317.53936672210693
317.3327856063843
317.77078795433044
317.6097824573517
317.91743993759155
318.44974994659424
317.9272983074188
317.3501811027527
317.7390031814575
317.6712477207184
317.3790810108185
317.877432346344
317.3231701850891
317.66321992874146
317.5220274925232
317.8735020160675
318.00869250297546
317.5843605995178
317.98636651039124
317.9896831512451
317.7369022369385
318.0113022327423
317.672691822052
317.30052852630615
317.512090921402
317.8298280239105
317.8747682571411
317.5400550365448
317.22206830978394
317.6295247077942
317.7766864299774
317.54718017578125
317.75151896476746
317.9686698913574
317.7604284286499
317.61348819732666
317.3720760345459
318.35333919525146
317.48447918891907
317.9236786365509
317.3702793121338
317.82645297050476
317.73482060432434
317.4902274608612
317.78941559791565
317.7112362384796
317.6730661392212
317.66411423683167
317.49054408073425
318.13180327415466
318.0959303379059
317.4158275127411
317.21229219436646
317.6605885028839
317.9302542209625
317.8975019454956
317.4685592651367
317.61822843551636
317.0919885635376
317.68144130706787
317.5351309776306
317.8021318912506
317.29118728637695
317.9633376598358
317.94613885879517
317.3302264213562
317.3553879261017
317.31041407585144
317.5104157924652
317.4209008216858
317.5669541358948
317.9355330467224
318.1444432735443
317.55850195884705
317.5303695201874
318.10014390945435
317.76910972595215
317.6093051433563
317.31738114356995
318.0415954589844
317.9650716781616
317.74648690223694
317.6920075416565
317.6935269832611
317.6262114048004
317.76067090034485
317.7344455718994
317.43337416648865
317.9251618385315
317.66396379470825
317.40892601013184
317.6281340122223
317.51068687438965
317.7433111667633
317.30364060401917
317.65537095069885
317.480397939682
317.7004418373108
317.65961623191833
317.8521089553833
317.5585174560547
317.42104053497314
317.72533917427063
317.3141038417816
318.05341053009033
317.6499261856079
317.79754185676575
317.77878618240356
317.78601121902466
317.7216203212738
317.5851616859436
317.8898894786835
317.6953101158142
317.4502351284027
317.3402316570282
317.8538477420807
317.9120030403137
317.7311329841614
317.4408073425293
317.6184718608856
317.53695273399353
317.5225179195404
317.50251364707947
317.6425430774689
318.1379289627075
317.95487117767334
316.9518721103668
317.78875255584717
317.5995469093323
317.92311358451843
318.12783646583557
317.72541546821594
317.5596261024475
317.6590452194214
317.2627990245819
317.7426393032074
317.5521910190582
318.02806067466736
317.6158821582794
317.1346342563629
317.86821389198303
317.5052740573883
317.2375838756561
317.4700882434845
318.3415207862854
317.98400926589966
317.9941146373749
317.941118478775
317.53156185150146
317.5108551979065
317.5819396972656
317.7540807723999
317.4739797115326
317.38565945625305
317.62064385414124
317.9947998523712
316.89598298072815
318.0519576072693
317.4886407852173
317.55110692977905
317.7089810371399
317.8764021396637
317.6310238838196
317.59689497947693
318.22059202194214
316.7423894405365
317.21355533599854
317.83345675468445
317.8142337799072
317.4794771671295
317.99330949783325
317.5759046077728
317.7386450767517
318.11292004585266
317.9720606803894
317.72489285469055
317.5771369934082
317.4133553504944
317.66040205955505
318.03273129463196
317.84378719329834
317.8229777812958
317.7587447166443
317.8110384941101
317.5854346752167
317.4122200012207
317.22119092941284
317.49627470970154
317.5308289527893
317.7246539592743
317.35969638824463
317.8220851421356
317.7023272514343
317.73211193084717
317.52744460105896
317.2583603858948
317.6076738834381
317.72246170043945
318.0824875831604
317.6898889541626
317.5057780742645
317.43578839302063
317.86618995666504
317.39482021331787
317.61385917663574
317.74664187431335
317.39976811408997
317.22767663002014
317.49368023872375
317.31116461753845
317.6762092113495
317.8543109893799
317.39641284942627
317.67404651641846
317.5998113155365
317.9455986022949
317.7459008693695
317.81099033355713
317.7255561351776
317.76039028167725
317.3696687221527
317.7681074142456
317.2975687980652
317.4191110134125
318.0668411254883
317.57367873191833
317.716792345047
317.83077239990234
317.7880365848541
318.0057179927826
317.33765983581543
317.71564507484436
317.79375672340393
318.08345317840576
317.6257619857788
317.851291179657
317.82754731178284
317.7283058166504
317.8660216331482
317.3553512096405
317.7083284854889
317.67796206474304
317.45435214042664
317.9021816253662
317.6595585346222
317.4787883758545
317.4476988315582
317.5149631500244
317.6110405921936
317.6435513496399
317.84002208709717
317.3578450679779
317.8196315765381
317.70682883262634
317.8732042312622
317.6078414916992
317.23537731170654
317.35672640800476
317.5157344341278
317.5412437915802
317.39554595947266
317.62192583084106
317.745751619339
317.7129511833191
317.25643491744995
317.4108018875122
317.64626574516296
317.5467457771301
317.9421682357788
317.5601806640625
317.7554199695587
317.5833430290222
317.6676232814789
317.5123028755188
317.3780167102814
317.66608905792236
317.42341470718384
317.8374128341675
317.77386832237244
318.40395045280457
317.3400733470917
317.6900191307068
317.7468628883362
317.7673544883728
316.9435727596283
317.6378092765808
317.69682812690735
317.49034881591797
317.59183144569397
317.5033473968506
317.52934312820435
317.938844203949
317.7821831703186
317.6950237751007
317.72000455856323
317.65832901000977
317.31615924835205
317.87088418006897
317.5795340538025
317.43206548690796
317.6527650356293
317.73335790634155
317.57772493362427
317.42675161361694
317.43106031417847
317.6039915084839
317.78114199638367
317.5173852443695
317.7196865081787
317.9754710197449
317.48475313186646
317.8635194301605
317.92642068862915
317.9000322818756
317.1231412887573
317.28122210502625
317.7713055610657
317.2458653450012
317.53403520584106
317.82001280784607
317.9759998321533
317.7624680995941
317.80709290504456
317.779661655426
317.41788935661316
317.554167509079
317.76367926597595
317.5134427547455
317.5717692375183
317.6364281177521
317.8597803115845
317.8962242603302
317.18341040611267
317.61544370651245
317.3078520298004
317.6866464614868
317.3829221725464
317.78835558891296
317.45827531814575
317.97739696502686
317.6301715373993
317.60350155830383
317.2866928577423
317.43563866615295
317.8620367050171
317.86293363571167
317.56350898742676
317.5432057380676
317.55654430389404
317.8196976184845
318.03637170791626
318.03514647483826
317.69670248031616
317.75859665870667
317.707524061203
317.2208094596863
317.8028302192688
317.5394546985626
317.07690691947937
317.44539046287537
317.56312227249146
317.99076652526855
317.9488880634308
317.0427043437958
317.8806869983673
317.18776082992554
317.79707646369934
317.6945984363556
317.8932292461395
317.30384516716003
317.6080229282379
317.3867435455322
317.45361590385437
317.2200689315796
317.6815264225006
318.3487071990967
317.22653460502625
317.8742997646332
317.5570271015167
317.3120102882385
317.80637669563293
317.84705996513367
317.48657846450806
317.4561026096344
317.3183901309967
317.22555565834045
317.7912669181824
317.75745034217834
317.4356007575989
317.61904287338257
317.7680425643921
317.54430651664734
317.5079188346863
317.8178186416626
317.6433026790619
317.6020758152008
317.6493299007416
317.97467136383057
317.8506689071655
317.4481701850891
317.8342492580414
317.4116475582123
317.6109206676483
317.5052299499512
317.630339384079
317.27373576164246
317.1035385131836
318.0007083415985
317.6762478351593
317.1796612739563
317.6116855144501
317.2121510505676
318.2711269855499
317.5963065624237
317.3765318393707
317.5138623714447
317.36921191215515
317.81640672683716
317.8577346801758
317.8496980667114
317.74429655075073
317.58199429512024
317.5068938732147
317.4492847919464
317.0706236362457
317.3875210285187
318.2017819881439
317.523344039917
317.50505566596985
317.7749378681183
317.23302960395813
317.801815032959
317.82118225097656
317.88293719291687
318.33638739585876
317.158723115921
317.90136766433716
317.601868391037
317.7045295238495
317.7372968196869
318.13365411758423
317.41277408599854
317.66263127326965
317.5177798271179
317.6174759864807
317.9615788459778
317.8598129749298
316.990838766098
317.6959195137024
317.7168345451355
317.5759129524231
317.3495600223541
317.429372549057
318.05533385276794
317.54697012901306
317.75880575180054
317.42020416259766
317.84029817581177
317.9706356525421
317.43776679039
317.37655878067017
317.55625581741333
317.24001264572144
317.92770528793335
317.4471426010132
317.6413450241089
317.6527237892151
317.45921516418457
317.5383324623108
317.6356794834137
317.8672070503235
317.76614236831665
317.73415184020996
317.5477526187897
317.64291048049927
317.7663769721985
317.4785544872284
317.1992983818054
317.2784390449524
317.5554234981537
317.29999470710754
318.03881072998047
318.0616476535797
317.77834391593933
317.44974637031555
317.8544342517853
317.66210317611694
317.60056805610657
317.4551947116852
317.6380920410156
317.647935628891
317.71312379837036
317.6643168926239
317.8141140937805
317.4294149875641
317.1966049671173
317.3954966068268
317.4941837787628
317.4985582828522
317.80917406082153
317.2970669269562
317.2562074661255
318.20648217201233
317.46081590652466
318.23221945762634
317.43980264663696
317.60619497299194
317.5248794555664
317.47654604911804
317.3948838710785
317.5721411705017
317.1417679786682
317.4225044250488
317.5104787349701
317.7523584365845
317.78880310058594
317.5533962249756
317.37823843955994
317.8772256374359
317.3040244579315
317.8416578769684
317.55614137649536
317.2990753650665
317.78269624710083
317.93208408355713
317.70219016075134
317.71166348457336
317.3639385700226
317.282098531723
317.89400839805603
317.5591769218445
317.9022936820984
317.64755845069885
317.6320731639862
317.7572844028473
317.6642928123474
317.4971263408661
317.99066376686096
317.6860692501068
317.4153516292572
317.83687686920166
317.40457010269165
317.62362599372864
317.6999726295471
317.5840673446655
317.83531951904297
317.59433007240295
317.66217708587646
317.2034697532654
317.7065176963806
317.7300853729248
317.74391531944275
317.6542525291443
316.94382786750793
317.8087782859802
317.90597009658813
317.48411774635315
317.4780855178833
317.6731140613556
317.8565812110901
317.2973515987396
317.22661328315735
317.13144540786743
317.81067419052124
317.72163701057434
317.78457736968994
317.61717104911804
317.75188851356506
317.56403517723083
317.6824734210968
317.2385730743408
317.4771113395691
317.3272066116333
317.66209602355957
316.93489146232605
317.5537042617798
317.7753531932831
317.5251245498657
317.51385712623596
318.1601197719574
317.7299792766571
317.05309653282166
317.8285765647888
318.1900997161865
317.5280816555023
317.76162600517273
317.32942152023315
317.6472053527832
316.90914607048035
317.815322637558
317.4206314086914
317.51092886924744
318.08369874954224
317.6405167579651
317.298761844635
317.707976102829
317.488641500473
317.6692898273468
317.32639265060425
317.7585337162018
317.7710566520691
317.59926199913025
317.7842803001404
317.4707612991333
317.73114466667175
317.6871840953827
317.68176770210266
317.66395449638367
317.5629999637604
317.32561898231506
317.7677516937256
317.3617925643921
318.04991817474365
317.7365012168884
317.5126791000366
317.69282603263855
317.57608914375305
317.46516156196594
317.5274291038513
317.54447412490845
317.50924277305603
317.7901430130005
317.4853765964508
317.9270603656769
317.5208418369293
317.7516553401947
317.78910779953003
317.5840730667114
317.5153315067291
317.320139169693
317.60013031959534
317.0736253261566
318.10238122940063
317.930780172348
317.52656531333923
317.5088300704956
317.4088354110718
317.51803064346313
317.5064606666565
317.29892206192017
317.5614719390869
317.57269835472107
317.4052906036377
317.6468107700348
317.5480761528015
317.9898965358734
317.812566280365
317.5505859851837
317.56705379486084
317.5791199207306
317.51762676239014
317.7154276371002
317.86458826065063
317.27525186538696
318.26498556137085
318.0635406970978
317.5152497291565
317.05556416511536
317.7465443611145
317.02376103401184
317.7648572921753
317.52045583724976
317.75617599487305
317.8804678916931
317.301278591156
317.7588632106781
317.16745710372925
317.7582166194916
317.6551375389099
317.4900987148285
317.3840913772583
318.00265550613403
317.342098236084
317.74322414398193
317.5140953063965
317.6284019947052
317.4195833206177
317.59025740623474
317.2154891490936
317.5210771560669
318.17801213264465
317.82600116729736
318.0472300052643
317.57627749443054
317.71498465538025
317.45087480545044
317.41299271583557
317.48086047172546
317.4096004962921
317.82487177848816
317.75616121292114
317.8494625091553
317.6251871585846
317.2248480319977
317.00556230545044
317.57607769966125
318.0805413722992
317.77290773391724
317.8983430862427
317.66704082489014
317.33415603637695
317.0836019515991
317.5199580192566
317.54428935050964
317.575585603714
317.1921818256378
317.9808189868927
317.8721487522125
317.6038107872009
317.8148512840271
317.63784432411194
317.3127501010895
317.1103255748749
317.8332965373993
317.74081802368164
317.7250213623047
317.47906279563904
317.51264119148254
317.40192770957947
317.3873076438904
317.4400882720947
316.94581365585327
317.46441411972046
317.80099749565125
317.6339843273163
317.29116559028625
317.67185735702515
317.50891065597534
317.3086974620819
317.1966052055359
318.03970074653625
317.5535011291504
317.718225479126
318.0943834781647
317.6038405895233
317.70039987564087
317.6600749492645
317.5556490421295
317.8846697807312
317.59444856643677
317.97988748550415
317.25433254241943
317.72074913978577
317.9198784828186
317.5682075023651
317.80542159080505
317.64319038391113
317.4409143924713
317.46117901802063
317.6466689109802
317.8879551887512
317.4378411769867
317.49753737449646
317.6489233970642
317.5930874347687
317.6780369281769
317.6811134815216
317.28806829452515
317.72951912879944
317.78829169273376
317.03994035720825
317.27636671066284
318.0031294822693
317.54741311073303
318.02470326423645
317.52969908714294
317.8334529399872
317.7353675365448
317.43721175193787
317.39458751678467
316.8652174472809
317.84901762008667
317.62867617607117
317.64961981773376
317.60149002075195
317.76227498054504
317.688019990921
317.59876537323
317.69444966316223
317.8129503726959
317.82778549194336
317.5595614910126
317.4280860424042
317.3859775066376
317.43599557876587
317.2627682685852
317.6064205169678
317.36373496055603
317.60422015190125
317.6823306083679
317.72816824913025
317.77042150497437
317.8985776901245
317.7055678367615
317.06209897994995
317.57663774490356
317.6910479068756
317.4955036640167
317.46138048171997
317.8324508666992
317.82308864593506
317.5628843307495
317.7535138130188
317.24854373931885
317.8418638706207
317.48124980926514
317.3623170852661
317.6943938732147
317.4111466407776
317.42228960990906
317.5685420036316
318.2322323322296
317.5463185310364
317.2634427547455
317.6427056789398
317.4200212955475
317.7498528957367
317.36737298965454
317.85088419914246
317.91301822662354
317.3768289089203
317.86749386787415
317.59587240219116
317.2216765880585
318.16536021232605
317.46329283714294
317.192631483078
318.2037355899811
317.3614604473114
317.62644624710083
318.222042798996
317.37136459350586
317.3520567417145
317.7097079753876
317.5055146217346
317.43663358688354
317.7793502807617
317.27878618240356
317.369101524353
317.1157078742981
317.3776025772095
317.65560126304626
317.77478408813477
317.6121220588684
317.43387937545776
317.92945766448975
317.53706407546997
317.6345889568329
316.8789529800415
317.4833800792694
317.1311500072479
317.40753746032715
317.4627730846405
318.20348715782166
317.57192945480347
318.04995489120483
317.9254512786865
317.6079533100128
317.8544125556946
317.5369920730591
317.79763770103455
317.7009768486023
317.32324504852295
317.6160538196564
317.64819622039795
317.27092242240906
317.42448592185974
317.2553322315216
317.4654583930969
317.6250762939453
317.41757321357727
317.7076003551483
317.66529417037964
317.2752642631531
318.04167437553406
317.7828848361969
317.7453806400299
318.15242648124695
317.30780577659607
317.3100130558014
317.8461353778839
317.4619357585907
317.86338090896606
317.53678584098816
317.13177371025085
317.91939425468445
317.7474572658539
317.2828347682953
317.5999608039856
317.7874958515167
317.6568651199341
317.7391588687897
317.6107864379883
317.1884059906006
316.95461654663086
317.4250748157501
317.6105194091797
317.29953932762146
317.8551731109619
317.61878657341003
317.8067934513092
317.40242624282837
317.7425813674927
317.4417004585266
316.9978656768799
317.57413816452026
317.8395507335663
317.73458671569824
317.51159596443176
317.933171749115
318.13964796066284
317.6248302459717
317.9472002983093
317.4469313621521
317.7438426017761
317.2547149658203
317.5369699001312
317.41782093048096
317.7832474708557
317.3605909347534
317.18265438079834
317.66760325431824
317.42110228538513
317.8617401123047
317.1878900527954
317.67273330688477
317.67353105545044
317.5443458557129
317.5788722038269
317.440664768219
317.41134238243103
317.54872584342957
317.85512924194336
317.64308738708496
317.8527045249939
318.2114405632019
317.4085512161255
317.62275791168213
317.5724267959595
317.75228571891785
317.7015519142151
317.54143953323364
317.1402599811554
317.818861246109
317.41817355155945
317.8602662086487
317.86588644981384
317.62570571899414
317.77337527275085
317.5788369178772
316.90056824684143
317.75654673576355
317.57273840904236
317.513454914093
317.8043591976166
317.1303572654724
317.8278560638428
317.8733968734741
317.88326144218445
317.32655143737793
317.5022554397583
318.0390660762787
317.58000588417053
317.54631304740906
317.4913260936737
317.54155564308167
317.51635932922363
317.31754636764526
317.7592523097992
317.62837409973145
317.5035951137543
317.58738231658936
317.3303470611572
317.52133679389954
317.57877945899963
317.7089955806732
317.7449312210083
317.10163140296936
317.5231740474701
317.30030369758606
317.434366941452
317.9749004840851
317.14027762413025
317.48616433143616
317.86609649658203
317.3739912509918
317.7351903915405
317.4990162849426
317.55447602272034
316.95680928230286
317.9432122707367
317.63150811195374
317.71846556663513
317.07998156547546
318.1722218990326
318.0733652114868
317.8273694515228
317.33257818222046
317.8130056858063
317.25170731544495
317.565064907074
317.5847764015198
317.9660801887512
317.4306631088257
317.70891094207764
317.1861765384674
317.5006194114685
317.78709387779236
317.4824342727661
317.00072407722473
317.5725612640381
317.97537064552307
318.0462930202484
317.4122107028961
317.57449674606323
317.8466148376465
317.3539526462555
317.53727889060974
317.75077533721924
317.21125292778015
317.5537910461426
317.4332025051117
317.5497348308563
317.87759828567505
317.4994239807129
317.3056926727295
317.519225358963
317.472464799881
317.97698068618774
317.4515664577484
317.6783845424652
317.93696427345276
317.5648262500763
317.66789865493774
317.5750844478607
318.1897554397583
317.9118299484253
317.44939041137695
317.5160777568817
317.5819618701935
317.73856115341187
317.3878047466278
317.5851876735687
317.4471273422241
317.2590665817261
317.67476511001587
317.2960915565491
