324.90377044677734
323.61018776893616
323.3308846950531
322.695086479187
321.88665795326233
321.2826166152954
321.0365266799927
319.9556064605713
319.3543584346771
319.37748670578003
318.50597882270813
319.92580246925354
318.98664951324463
318.86591625213623
318.8482916355133
318.89732575416565
318.2143199443817
317.8893668651581
318.0175848007202
318.1376521587372
316.2920503616333
312.53274059295654
293.99307775497437
278.62272119522095
255.75362503528595
237.8045699596405
215.70215332508087
200.2678183913231
182.50875771045685
170.48228251934052
152.7059161067009
140.97035366296768
116.1090969145298
105.92593061923981
86.99335846304893
69.0809175670147
61.58418834209442
58.60029348731041
51.55439728498459
34.58262050151825
33.68588650226593
40.60295796394348
31.77145117521286
25.10614138841629
19.96915477514267
22.4634467959404
18.846902191638947
15.098076581954956
14.319408535957336
14.540009200572968
7.044002890586853
5.950591325759888
8.389947891235352
11.896280109882355
10.663789212703705
2.856511354446411
2.82097589969635
0.46687161922454834
2.0334051847457886
0.37828588485717773
0.12971270084381104
0.13418161869049072
0.1357957124710083
0.10629546642303467
0.0691835880279541
9.976323366165161
3.00594699382782
4.153043627738953
0.6439453363418579
0.1812344789505005
0.1232978105545044
0.10628724098205566
0.26931309700012207
1.7360039949417114
1.4675846099853516
1.307357907295227
0.6814205646514893
2.5529890060424805
0.47434544563293457
0.1573113203048706
0.07991933822631836
0.05143260955810547
0.24762475490570068
0.416579008102417
3.5092947483062744
4.058834791183472
8.007978081703186
0.4215751886367798
0.16352128982543945
0.11686301231384277
0.09377837181091309
0.0794365406036377
0.06665182113647461
0.03044712543487549
0.04276072978973389
0.0345463752746582
0.039881229400634766
0.04153573513031006
0.03165924549102783
0.04727804660797119
0.027019143104553223
0.02646636962890625
0.02306962013244629
0.018067002296447754
0.019298672676086426
0.012003183364868164
0.013600587844848633
0.015459656715393066
0.016529321670532227
0.012073159217834473
0.010746598243713379
0.015479087829589844
0.01736295223236084
0.01734745502471924
0.012422323226928711
0.012632131576538086
0.01066136360168457
0.012284994125366211
0.01812160015106201
0.04219412803649902
0.012037277221679688
0.012214183807373047
0.04885280132293701
0.022005200386047363
0.009171247482299805
0.009482383728027344
0.016607284545898438
0.0063629150390625
0.00538945198059082
0.009560346603393555
0.008989095687866211
0.016791939735412598
0.009674549102783203
0.006575226783752441
0.008735418319702148
0.008216619491577148
0.006943941116333008
0.007718086242675781
0.007028102874755859
0.008062601089477539
0.006113290786743164
0.009377717971801758
0.006365060806274414
0.006267070770263672
0.006159782409667969
0.005736351013183594
0.004121541976928711
0.007631778717041016
0.004625558853149414
0.0055468082427978516
0.006199836730957031
0.00630497932434082
0.005329132080078125
0.005183219909667969
0.0054302215576171875
0.006234884262084961
0.004301786422729492
0.004222750663757324
0.005619168281555176
0.0058155059814453125
0.004332542419433594
0.00659942626953125
0.00365447998046875
0.0038597583770751953
0.004339694976806641
0.004643917083740234
0.0063114166259765625
0.004892110824584961
0.005906105041503906
0.003789186477661133
0.0050466060638427734
0.003795146942138672
0.005953788757324219
0.00515294075012207
0.0038504600524902344
0.004716396331787109
0.00569462776184082
0.0042073726654052734
0.0034273862838745117
0.0027008056640625
0.003345489501953125
0.0029331445693969727
0.004891157150268555
0.003563404083251953
0.00458526611328125
0.004420280456542969
0.0032660961151123047
0.0034830570220947266
0.003709077835083008
0.0029680728912353516
0.005033731460571289
0.003598451614379883
0.0031502246856689453
0.003537774085998535
0.002611875534057617
0.0030870437622070312
0.003439188003540039
0.004327535629272461
0.0023641586303710938
0.004186034202575684
0.002867460250854492
0.0033462047576904297
0.004488945007324219
0.0022542476654052734
0.002043008804321289
0.003725767135620117
0.0034961700439453125
0.002557039260864258
0.0035429000854492188
0.0032422542572021484
0.0031163692474365234
0.0033576488494873047
0.004042148590087891
0.0033037662506103516
0.002752065658569336
0.0027811527252197266
0.0015532970428466797
0.0027322769165039062
0.0034770965576171875
0.0031762123107910156
0.0027098655700683594
0.0026137828826904297
0.003899812698364258
0.0028336048126220703
0.0031435489654541016
0.003833770751953125
0.0017049312591552734
0.003081083297729492
0.003698587417602539
0.0024771690368652344
0.003514528274536133
0.002269744873046875
0.001996755599975586
0.0033707618713378906
0.003038644790649414
0.0024344921112060547
0.0023326873779296875
0.0026578903198242188
0.0025141239166259766
0.0024919509887695312
0.00220489501953125
0.0024726390838623047
0.0028617382049560547
0.0038373470306396484
0.003078460693359375
0.0022144317626953125
0.002111673355102539
0.0019059181213378906
0.0021212100982666016
0.0019326210021972656
0.0018377304077148438
0.0023088455200195312
0.001965761184692383
0.002559661865234375
0.0013163089752197266
0.0024509429931640625
0.002247333526611328
0.0028662681579589844
0.0021622180938720703
0.0026259422302246094
0.0032732486724853516
0.003095388412475586
0.0034966468811035156
0.0022742748260498047
0.0022187232971191406
0.003481626510620117
0.002630949020385742
0.001916646957397461
0.0014972686767578125
0.002715587615966797
0.003072500228881836
0.0023696422576904297
0.0024042129516601562
0.0025565624237060547
0.002378225326538086
0.0026781558990478516
0.0029823780059814453
0.0013811588287353516
0.0023233890533447266
0.002192258834838867
0.001966714859008789
0.002068042755126953
0.0019192695617675781
0.002244234085083008
0.0022225379943847656
0.001991748809814453
0.0018167495727539062
0.0017273426055908203
0.0016965866088867188
0.002229928970336914
0.0023887157440185547
0.0019381046295166016
0.002300262451171875
0.0020346641540527344
0.002721548080444336
0.002089977264404297
0.002027750015258789
0.0017528533935546875
0.002599954605102539
0.001950979232788086
0.002022266387939453
0.001238107681274414
0.0025718212127685547
0.002552509307861328
0.0018966197967529297
0.0013854503631591797
0.002746105194091797
0.003457307815551758
0.002065896987915039
0.0016489028930664062
0.001768350601196289
0.001970052719116211
0.0016481876373291016
0.002916097640991211
0.002058267593383789
0.002114534378051758
0.0017719268798828125
0.0013794898986816406
0.0018970966339111328
0.0020685195922851562
0.0017151832580566406
0.001739501953125
0.0017938613891601562
0.0016927719116210938
0.0020689964294433594
0.0010364055633544922
0.002741575241088867
0.002005338668823242
0.001468658447265625
0.002216815948486328
0.0014638900756835938
0.0018978118896484375
0.0017004013061523438
0.0015141963958740234
0.001601099967956543
0.002029895782470703
0.0016169548034667969
0.0020079612731933594
0.0015189647674560547
0.0014297962188720703
0.0022313594818115234
0.001664876937866211
0.0016431808471679688
0.0020041465759277344
0.0017275810241699219
0.001665353775024414
0.0022385120391845703
0.0014233589172363281
0.0023233890533447266
0.0018420219421386719
0.0019617080688476562
0.001874685287475586
0.0017697811126708984
0.0016634464263916016
0.0018966197967529297
0.0017671585083007812
0.0012102127075195312
0.0018787384033203125
0.0018296241760253906
0.0016717910766601562
0.0016248226165771484
0.0010573863983154297
0.0017895698547363281
0.0015647411346435547
0.0012044906616210938
0.0017406940460205078
0.0016334056854248047
0.0015022754669189453
0.002015352249145508
0.002271890640258789
0.0015931129455566406
0.0017094612121582031
0.0017459392547607422
0.0018935203552246094
0.0017001628875732422
0.001504659652709961
0.001302957534790039
0.0011749267578125
0.0020896196365356445
0.0018045902252197266
0.0012574195861816406
0.0012035369873046875
0.0018694400787353516
0.002024412155151367
0.001295328140258789
0.0011191368103027344
0.0011522769927978516
0.0013582706451416016
0.0018076896667480469
0.0018706321716308594
0.002145528793334961
0.001865386962890625
0.0014700889587402344
0.002164125442504883
0.0015735626220703125
0.0017101764678955078
0.0012049674987792969
0.001787424087524414
0.0015497207641601562
0.0012350082397460938
0.0017902851104736328
0.0014600753784179688
0.0018126964569091797
0.0020782947540283203
0.0019109249114990234
0.0011229515075683594
0.0020711421966552734
0.001562356948852539
0.0017113685607910156
0.0011816024780273438
0.0018546581268310547
0.000997304916381836
0.0010378360748291016
0.0015096664428710938
0.0014803409576416016
0.0013668537139892578
0.0014576911926269531
0.0015218257904052734
0.0015702247619628906
0.0011489391326904297
0.0009565353393554688
0.0013360977172851562
0.0012013912200927734
0.001718759536743164
0.0012161731719970703
0.0012102127075195312
0.0016963481903076172
0.002051115036010742
0.0021359920501708984
0.0016834735870361328
0.0013036727905273438
0.001529693603515625
0.0014421939849853516
0.0023560523986816406
0.0019538402557373047
0.0016262531280517578
0.0013158321380615234
0.001855611801147461
0.0016312599182128906
0.0012996196746826172
0.0018384456634521484
0.0014901161193847656
0.0013494491577148438
0.0015292167663574219
0.0016376972198486328
0.001310110092163086
0.0013217926025390625
0.0015399456024169922
0.0015339851379394531
0.001567840576171875
0.0013730525970458984
0.0011448860168457031
0.0015368461608886719
0.0014352798461914062
0.0018870830535888672
0.001745462417602539
0.0011451244354248047
0.0015978813171386719
0.0017435550689697266
0.0011241436004638672
0.0012335777282714844
0.0010001659393310547
0.0011255741119384766
0.000988006591796875
0.0014731884002685547
0.0013320446014404297
0.0014274120330810547
0.0010645389556884766
0.0014190673828125
0.0018494129180908203
0.0012764930725097656
0.0009965896606445312
0.0019295215606689453
0.0018742084503173828
0.0014224052429199219
0.001684427261352539
0.0011932849884033203
0.0016965866088867188
0.0013077259063720703
0.0018918514251708984
0.0012454986572265625
0.001420736312866211
0.0012006759643554688
0.0011169910430908203
0.0015790462493896484
0.0013339519500732422
0.0013380050659179688
0.0015606880187988281
0.0013997554779052734
0.0012927055358886719
0.0017399787902832031
0.0015833377838134766
0.00092315673828125
0.0011687278747558594
0.0010499954223632812
0.0013031959533691406
0.0012619495391845703
0.001117706298828125
0.0012357234954833984
0.0014655590057373047
0.00194549560546875
0.001354217529296875
0.0013000965118408203
0.0011801719665527344
0.0013759136199951172
0.0019185543060302734
0.0014197826385498047
0.0012085437774658203
0.0012700557708740234
0.0014507770538330078
0.002248048782348633
0.0009453296661376953
0.0012519359588623047
0.0018372535705566406
0.0010251998901367188
0.0013668537139892578
0.0013103485107421875
0.0014846324920654297
0.0012602806091308594
0.0014774799346923828
0.0011632442474365234
0.0013179779052734375
0.0011444091796875
0.0012371540069580078
0.0011515617370605469
0.0011377334594726562
0.0013234615325927734
0.001285552978515625
0.0011553764343261719
0.0011444091796875
0.0013523101806640625
0.0014524459838867188
0.0010960102081298828
0.001314401626586914
0.001308441162109375
0.0012617111206054688
0.0014452934265136719
0.0013124942779541016
0.0012402534484863281
0.0010204315185546875
0.0015537738800048828
0.0015783309936523438
0.0013833045959472656
0.0013077259063720703
0.0016851425170898438
0.0008378028869628906
0.0012688636779785156
0.001371145248413086
0.0008440017700195312
0.001348257064819336
0.0009772777557373047
0.0012640953063964844
0.0014510154724121094
0.001733541488647461
0.0011510848999023438
0.0010066032409667969
0.0015642642974853516
0.0015599727630615234
0.0010063648223876953
0.0012378692626953125
0.0011310577392578125
0.0012862682342529297
0.0013887882232666016
0.0012364387512207031
0.0015118122100830078
0.0017549991607666016
0.0009608268737792969
0.0011947154998779297
0.0011589527130126953
0.0009691715240478516
0.0010287761688232422
0.001466989517211914
0.0012145042419433594
0.00109100341796875
0.0015261173248291016
0.0011496543884277344
0.0015981197357177734
0.0011792182922363281
0.0014069080352783203
0.0014493465423583984
0.0013742446899414062
0.001847982406616211
0.0011281967163085938
0.0010404586791992188
0.0010814666748046875
0.001088857650756836
0.0009586811065673828
0.001300811767578125
0.0013360977172851562
0.0009400844573974609
0.0013804435729980469
0.0011229515075683594
0.0010991096496582031
0.0012857913970947266
0.0017025470733642578
0.0012974739074707031
0.0010914802551269531
0.0009140968322753906
0.00128173828125
0.0008318424224853516
0.0011382102966308594
0.0007605552673339844
0.0014605522155761719
0.0011188983917236328
0.0008630752563476562
0.0009381771087646484
0.0013401508331298828
0.0019659996032714844
0.0010652542114257812
0.0015854835510253906
0.0018801689147949219
0.0009553432464599609
0.0009229183197021484
0.0010957717895507812
0.0012154579162597656
0.0010669231414794922
0.0009591579437255859
0.001291036605834961
0.0010662078857421875
0.001081705093383789
0.0011718273162841797
0.0013659000396728516
0.001308441162109375
0.0010631084442138672
0.0016601085662841797
0.0010857582092285156
0.0011620521545410156
0.0011255741119384766
0.001447916030883789
0.001178741455078125
0.0011687278747558594
0.0012888908386230469
0.0012853145599365234
0.001264333724975586
0.001081228256225586
0.0009262561798095703
0.001463174819946289
0.0011875629425048828
0.0011115074157714844
0.0012950897216796875
0.001394033432006836
0.0010483264923095703
0.0011775493621826172
0.0010693073272705078
0.0014753341674804688
0.0012505054473876953
0.0008821487426757812
0.0011339187622070312
0.0012121200561523438
0.0010247230529785156
0.0010192394256591797
0.001455545425415039
0.0016276836395263672
0.0012433528900146484
0.001651763916015625
0.0010960102081298828
0.0010631084442138672
0.0010454654693603516
0.0012354850769042969
0.0008857250213623047
0.0012052059173583984
0.0014317035675048828
0.0013895034790039062
0.0013875961303710938
0.0009553432464599609
0.0007328987121582031
0.0008618831634521484
0.0014829635620117188
0.0012280941009521484
0.0014023780822753906
0.0008511543273925781
0.0007822513580322266
0.0010402202606201172
0.0009620189666748047
0.0009646415710449219
0.0010781288146972656
0.0013949871063232422
0.0012218952178955078
0.0013022422790527344
0.0014195442199707031
0.0011150836944580078
0.0015039443969726562
0.0010023117065429688
0.0009925365447998047
0.0013852119445800781
0.0015101432800292969
0.0008046627044677734
0.0011246204376220703
0.0010044574737548828
0.0011026859283447266
0.001131296157836914
0.001672983169555664
0.001154184341430664
0.0016565322875976562
0.0009305477142333984
0.0008158683776855469
0.0007369518280029297
0.0014214515686035156
0.0013606548309326172
0.0007734298706054688
0.0009989738464355469
0.0011301040649414062
0.0008349418640136719
0.0009236335754394531
0.001516103744506836
0.0008728504180908203
0.0010790824890136719
0.001177072525024414
0.0008943080902099609
0.0015299320220947266
0.0010180473327636719
0.0016245841979980469
0.001455545425415039
0.0009469985961914062
0.001682281494140625
0.0014126300811767578
0.0011813640594482422
0.0008642673492431641
0.0011038780212402344
0.0015077590942382812
0.0007412433624267578
0.0009505748748779297
0.001047372817993164
0.0009481906890869141
0.0010859966278076172
0.0011997222900390625
0.0009057521820068359
0.0011723041534423828
0.0012705326080322266
0.0011515617370605469
0.0011310577392578125
0.001134634017944336
0.0016641616821289062
0.0012021064758300781
0.0014688968658447266
0.0013890266418457031
0.0009067058563232422
0.0012717247009277344
0.000698089599609375
0.0008256435394287109
0.0012264251708984375
0.001138925552368164
0.0008738040924072266
0.0007557868957519531
0.0013599395751953125
0.0011930465698242188
0.0010762214660644531
0.0011126995086669922
0.0009806156158447266
0.00103759765625
0.0009984970092773438
0.001132965087890625
0.0011017322540283203
0.0010645389556884766
0.0009315013885498047
0.0007939338684082031
0.0015227794647216797
0.0009388923645019531
0.0016083717346191406
0.0012197494506835938
0.0010521411895751953
0.0012412071228027344
0.0008730888366699219
0.0012600421905517578
0.0015926361083984375
0.001262664794921875
0.0010154247283935547
0.0008082389831542969
0.0006697177886962891
0.0007975101470947266
0.0011031627655029297
0.0014569759368896484
0.0009603500366210938
0.001100778579711914
0.0010302066802978516
0.0010573863983154297
0.0009903907775878906
0.0008363723754882812
0.0009057521820068359
0.0015404224395751953
0.0013577938079833984
0.0013279914855957031
0.0011844635009765625
0.0009548664093017578
0.0014138221740722656
0.0010421276092529297
0.0008449554443359375
0.0014824867248535156
0.0008997917175292969
0.001115560531616211
0.0010666847229003906
0.0008215904235839844
0.0010457038879394531
0.0011827945709228516
0.0008490085601806641
0.0008444786071777344
0.0009553432464599609
0.0012555122375488281
0.0010263919830322266
0.0010304450988769531
0.0008845329284667969
0.0016276836395263672
0.0009644031524658203
0.0008807182312011719
0.0007998943328857422
0.0020608901977539062
0.001058816909790039
0.001348257064819336
0.0014650821685791016
0.0007681846618652344
0.001215219497680664
0.0012786388397216797
0.0011317729949951172
0.0011775493621826172
0.0007522106170654297
0.0011129379272460938
0.0009095668792724609
0.001542806625366211
0.0008523464202880859
0.0011112689971923828
0.0009708404541015625
0.0009930133819580078
0.0010607242584228516
0.001058816909790039
0.0012094974517822266
0.0012836456298828125
0.0008907318115234375
0.0008082389831542969
0.0016238689422607422
0.0011510848999023438
0.0010564327239990234
0.0012352466583251953
0.0013093948364257812
0.0009360313415527344
0.001447439193725586
0.0006651878356933594
0.0010113716125488281
0.001392364501953125
0.001211404800415039
0.0010285377502441406
0.0010247230529785156
0.0008769035339355469
0.001207113265991211
0.0010492801666259766
0.000993490219116211
0.0010647773742675781
0.0012180805206298828
0.0008952617645263672
0.0010516643524169922
0.0007874965667724609
0.0011599063873291016
0.0008738040924072266
0.0008099079132080078
0.0008971691131591797
0.0011811256408691406
0.0012271404266357422
0.0011472702026367188
0.0008597373962402344
0.0019059181213378906
0.0008192062377929688
0.0011415481567382812
0.0009810924530029297
0.0009095668792724609
0.0011839866638183594
0.0010116100311279297
0.0010268688201904297
0.0014371871948242188
0.001287221908569336
0.0012674331665039062
0.0009410381317138672
0.0010960102081298828
0.0011374950408935547
0.0007598400115966797
0.0007808208465576172
0.0009446144104003906
0.0008671283721923828
0.0010786056518554688
0.0010745525360107422
0.001237630844116211
0.0008249282836914062
0.001058816909790039
0.0015954971313476562
0.0009119510650634766
0.0010721683502197266
0.0011019706726074219
0.0009253025054931641
0.0009481906890869141
0.0008759498596191406
0.0009241104125976562
0.0010013580322265625
0.001184225082397461
0.001355886459350586
0.001739501953125
0.0009720325469970703
0.0009660720825195312
0.001039743423461914
0.0011827945709228516
0.0010483264923095703
0.0010006427764892578
0.0008759498596191406
0.0009186267852783203
0.0011899471282958984
0.0008456707000732422
0.0010142326354980469
0.0009503364562988281
0.0009615421295166016
0.0007669925689697266
0.0009031295776367188
0.0013659000396728516
0.0012998580932617188
0.0010192394256591797
0.000812530517578125
0.0015833377838134766
0.001316070556640625
0.00110626220703125
0.0011739730834960938
0.0010693073272705078
0.0009770393371582031
0.0008294582366943359
0.0014133453369140625
0.0006496906280517578
0.0010223388671875
0.0008206367492675781
0.0013031959533691406
0.001317739486694336
0.0013570785522460938
0.0011148452758789062
0.0008304119110107422
0.0011026859283447266
0.0012526512145996094
0.0010120868682861328
0.0009622573852539062
0.0011477470397949219
0.001218557357788086
0.0010564327239990234
0.0009891986846923828
0.0011625289916992188
0.0008149147033691406
0.001439809799194336
0.0010819435119628906
0.0005433559417724609
0.0008549690246582031
0.0009708404541015625
0.000995635986328125
0.0008413791656494141
0.0014529228210449219
0.0009243488311767578
0.001077890396118164
0.0009872913360595703
0.0012350082397460938
0.0008440017700195312
0.0011415481567382812
0.0008718967437744141
0.0008141994476318359
0.0009486675262451172
0.0012104511260986328
0.0005710124969482422
0.0012691020965576172
0.0010979175567626953
0.0011966228485107422
0.0010251998901367188
0.0014760494232177734
0.0013589859008789062
0.0014941692352294922
0.0011298656463623047
0.0008952617645263672
0.0012421607971191406
0.0008699893951416016
0.0009698867797851562
0.0011532306671142578
0.0007724761962890625
0.0007104873657226562
0.000993490219116211
0.001111745834350586
0.001117706298828125
0.0007033348083496094
0.0010237693786621094
0.0012652873992919922
0.0013570785522460938
0.0009644031524658203
0.0010676383972167969
0.0011970996856689453
0.0012662410736083984
0.0009639263153076172
0.0007214546203613281
0.0007402896881103516
0.0011723041534423828
0.0013141632080078125
0.0010008811950683594
0.0008032321929931641
0.0010972023010253906
0.001064300537109375
0.0013096332550048828
0.0009541511535644531
0.0010857582092285156
0.0008339881896972656
0.0009446144104003906
0.0011594295501708984
0.0010104179382324219
0.0010998249053955078
0.0012831687927246094
0.0009737014770507812
0.0013325214385986328
0.0008859634399414062
0.0008542537689208984
0.0010137557983398438
0.0010673999786376953
0.0009410381317138672
0.0013535022735595703
0.0009770393371582031
0.0012199878692626953
0.0010585784912109375
0.0009093284606933594
0.0008251667022705078
0.0009665489196777344
0.0012180805206298828
0.0010018348693847656
0.0008890628814697266
0.0009260177612304688
0.0008904933929443359
0.0014667510986328125
0.0007030963897705078
0.0011904239654541016
0.0011222362518310547
0.0009660720825195312
0.0009441375732421875
0.0008537769317626953
0.0011641979217529297
0.0015416145324707031
0.0008625984191894531
0.001384735107421875
0.0007965564727783203
0.0012390613555908203
0.0008571147918701172
0.0012173652648925781
0.0010290145874023438
0.00112152099609375
0.0006992816925048828
0.0006623268127441406
0.0010378360748291016
0.0009434223175048828
0.0013384819030761719
0.0010077953338623047
0.0006115436553955078
0.0011491775512695312
0.0007712841033935547
0.0013289451599121094
0.0010824203491210938
0.001177072525024414
0.0007975101470947266
0.0008971691131591797
0.0013096332550048828
0.0009765625
0.0010976791381835938
0.0009059906005859375
0.0009732246398925781
0.0009667873382568359
0.0011897087097167969
0.001241922378540039
0.0009415149688720703
0.0008666515350341797
0.0011432170867919922
0.001356363296508789
0.0010824203491210938
0.0009248256683349609
0.0009310245513916016
0.001161336898803711
0.0008118152618408203
0.0013537406921386719
0.001211404800415039
0.0011823177337646484
0.001665353775024414
0.0007395744323730469
0.001123666763305664
0.0006666183471679688
0.0010552406311035156
0.0008573532104492188
0.0008819103240966797
0.0010704994201660156
0.001173257827758789
0.0009703636169433594
0.0009512901306152344
0.0009119510650634766
0.0007100105285644531
0.0010662078857421875
0.0008304119110107422
0.0011653900146484375
0.0011281967163085938
0.0009839534759521484
0.0009491443634033203
0.0008709430694580078
0.0008950233459472656
0.0009007453918457031
0.0012178421020507812
0.0014204978942871094
0.0006945133209228516
0.0012469291687011719
0.0012218952178955078
0.0012204647064208984
0.0012061595916748047
0.001245737075805664
0.0007691383361816406
0.0007853507995605469
0.0007181167602539062
0.0010063648223876953
0.001135110855102539
0.0006835460662841797
0.0008885860443115234
0.0012123584747314453
0.0009019374847412109
0.0014328956604003906
0.0007998943328857422
0.0009584426879882812
0.0008552074432373047
0.0010898113250732422
0.0010204315185546875
0.0009405612945556641
0.0008752346038818359
0.0014967918395996094
0.0011000633239746094
0.0013730525970458984
0.0008711814880371094
0.0010876655578613281
0.0012848377227783203
0.0008223056793212891
0.0008955001831054688
0.001270294189453125
0.0012052059173583984
0.0009608268737792969
0.0007636547088623047
0.0008335113525390625
0.0014498233795166016
0.0008935928344726562
0.0010192394256591797
0.0007135868072509766
0.0010998249053955078
0.0008933544158935547
0.0006730556488037109
0.0008738040924072266
0.0009334087371826172
0.0007054805755615234
0.0009579658508300781
0.0013523101806640625
0.00116729736328125
0.0008783340454101562
0.001512765884399414
0.0009360313415527344
0.0011188983917236328
0.0013530254364013672
0.001010894775390625
0.0010802745819091797
0.0013666152954101562
0.0010266304016113281
0.0009829998016357422
0.0007922649383544922
0.0008385181427001953
0.0010585784912109375
0.000820159912109375
0.0010585784912109375
0.0010905265808105469
0.001615285873413086
0.0008840560913085938
0.0011739730834960938
0.0007786750793457031
0.0008680820465087891
0.0013308525085449219
0.0008912086486816406
0.0010924339294433594
0.0010597705841064453
0.0009491443634033203
0.0010094642639160156
0.0009968280792236328
0.0008852481842041016
0.0009126663208007812
0.0008671283721923828
0.0009450912475585938
0.0009989738464355469
0.0009431838989257812
0.001302480697631836
0.001184701919555664
0.0008971691131591797
0.0009081363677978516
0.0009777545928955078
0.0008349418640136719
0.0009703636169433594
0.0010395050048828125
0.0010521411895751953
0.0011911392211914062
0.0011754035949707031
0.0011532306671142578
0.0009059906005859375
0.0009386539459228516
0.0009696483612060547
0.0013384819030761719
0.0007867813110351562
0.0010440349578857422
0.0006639957427978516
0.0007412433624267578
0.0011098384857177734
0.0011703968048095703
0.0009357929229736328
0.0009140968322753906
0.0014216899871826172
0.0009891986846923828
0.0009367465972900391
0.0005564689636230469
0.0010216236114501953
0.0011470317840576172
0.0009636878967285156
0.0012023448944091797
0.0006618499755859375
0.0009579658508300781
0.001271963119506836
0.0011615753173828125
0.0012359619140625
0.0008451938629150391
0.0014922618865966797
0.0009455680847167969
0.001157999038696289
0.0011963844299316406
0.0010876655578613281
0.001132965087890625
0.0007812976837158203
0.0009763240814208984
0.0008716583251953125
0.0008947849273681641
0.0010933876037597656
0.0008685588836669922
0.0010111331939697266
0.0007107257843017578
0.0009238719940185547
0.0010721683502197266
0.0011267662048339844
0.0011289119720458984
0.0010361671447753906
0.001451253890991211
0.0012645721435546875
0.0013718605041503906
0.0007345676422119141
0.0010724067687988281
0.0012056827545166016
0.0009276866912841797
0.001111745834350586
0.0014808177947998047
0.0010080337524414062
0.0008919239044189453
0.0007054805755615234
0.0009429454803466797
0.0008351802825927734
0.0009307861328125
0.0011954307556152344
0.0013799667358398438
0.0008370876312255859
0.0007948875427246094
0.0013098716735839844
0.0006153583526611328
0.0006103515625
0.001135110855102539
0.0007467269897460938
0.0009324550628662109
0.0010712146759033203
0.0010716915130615234
0.0008466243743896484
0.0008265972137451172
0.0009140968322753906
0.001436471939086914
0.0011432170867919922
0.001428365707397461
0.0010395050048828125
0.0009930133819580078
0.0006201267242431641
0.0010447502136230469
0.0009112358093261719
0.0011434555053710938
0.00091552734375
0.0010142326354980469
0.0009233951568603516
0.000993490219116211
0.001071929931640625
0.0009701251983642578
0.0009758472442626953
0.0012593269348144531
0.0009844303131103516
0.0008647441864013672
0.0010528564453125
0.0009222030639648438
0.0013797283172607422
0.0009753704071044922
0.0008742809295654297
0.001111745834350586
0.0009486675262451172
0.001035451889038086
0.001161336898803711
0.0009410381317138672
0.0007457733154296875
0.0007407665252685547
0.0010361671447753906
0.0007562637329101562
0.0009138584136962891
0.0010020732879638672
0.0011594295501708984
0.0007843971252441406
0.0012328624725341797
0.001230001449584961
0.0008826255798339844
0.0009062290191650391
0.0007905960083007812
0.001220703125
0.0011048316955566406
0.0008785724639892578
0.0009932518005371094
0.001173257827758789
0.0011365413665771484
0.001194000244140625
0.0010559558868408203
0.0012378692626953125
0.0010654926300048828
0.0007970333099365234
0.0009837150573730469
0.001117706298828125
0.0009312629699707031
0.0013728141784667969
0.0007827281951904297
0.0007708072662353516
0.0014035701751708984
0.0010707378387451172
0.0009567737579345703
0.0012364387512207031
0.0006525516510009766
0.0007410049438476562
0.0012476444244384766
0.0010793209075927734
0.0009014606475830078
0.0011169910430908203
0.001130819320678711
0.0008268356323242188
0.0009870529174804688
0.0007624626159667969
0.001222848892211914
0.0010025501251220703
0.0007846355438232422
0.0013196468353271484
0.0011281967163085938
0.0011250972747802734
0.0009531974792480469
0.0007648468017578125
0.0014469623565673828
0.0009989738464355469
0.0012586116790771484
0.001495361328125
0.0006494522094726562
0.000997304916381836
0.0010564327239990234
0.0009136199951171875
0.0008347034454345703
0.0009586811065673828
0.0009419918060302734
0.0007271766662597656
0.0010027885437011719
0.001251220703125
0.0009224414825439453
0.0008914470672607422
0.0011446475982666016
0.0009369850158691406
0.0007255077362060547
0.0010502338409423828
0.0008666515350341797
0.0011584758758544922
0.0008640289306640625
0.0009016990661621094
0.0013415813446044922
0.0010955333709716797
0.0013151168823242188
0.00084686279296875
0.0009472370147705078
0.0009696483612060547
0.0014829635620117188
0.0010073184967041016
0.0011546611785888672
0.0010266304016113281
0.0008497238159179688
0.0008690357208251953
0.0012481212615966797
0.0015492439270019531
0.001004934310913086
0.0009098052978515625
0.0007259845733642578
0.0009059906005859375
0.0011715888977050781
0.0008730888366699219
0.0009021759033203125
0.0008609294891357422
0.0009911060333251953
0.0008537769317626953
0.0009531974792480469
0.001089334487915039
0.0010402202606201172
0.0007035732269287109
0.00106048583984375
0.0008115768432617188
0.0007734298706054688
0.001140594482421875
0.001004934310913086
0.0009031295776367188
0.0007817745208740234
0.0009489059448242188
0.0006844997406005859
0.00090789794921875
0.0011126995086669922
0.0010700225830078125
0.0009257793426513672
0.0008673667907714844
0.0014383792877197266
0.0011124610900878906
0.0007402896881103516
0.0009551048278808594
0.0010247230529785156
0.0007593631744384766
0.0009028911590576172
0.0011262893676757812
0.0015206336975097656
0.001338958740234375
0.0012786388397216797
0.0011162757873535156
0.0010952949523925781
0.0011980533599853516
0.0009093284606933594
0.0010271072387695312
0.0006716251373291016
0.001119375228881836
0.0009722709655761719
0.0006651878356933594
0.0007350444793701172
0.0009589195251464844
0.0009059906005859375
0.0007336139678955078
0.0008330345153808594
0.0009236335754394531
0.0010669231414794922
0.0015978813171386719
0.0012447834014892578
0.0010111331939697266
0.0006880760192871094
0.0007374286651611328
0.0012998580932617188
0.0006229877471923828
0.001220703125
0.0011949539184570312
0.0013058185577392578
0.0008182525634765625
0.001371145248413086
0.0014581680297851562
0.001119852066040039
0.0009462833404541016
0.0010187625885009766
0.0006916522979736328
0.0012178421020507812
0.0008447170257568359
0.0009698867797851562
0.0012240409851074219
0.0009129047393798828
0.0010194778442382812
0.0010075569152832031
0.0011777877807617188
0.0012409687042236328
0.0008502006530761719
0.0012156963348388672
0.0009942054748535156
0.0010726451873779297
0.00075531005859375
0.0006597042083740234
0.0013158321380615234
0.0008208751678466797
0.0007340908050537109
0.0008633136749267578
0.0010135173797607422
0.0007405281066894531
0.0010232925415039062
0.0010302066802978516
0.0013172626495361328
0.0006198883056640625
0.0007500648498535156
0.0013849735260009766
0.0012481212615966797
0.0011794567108154297
0.0011115074157714844
0.0012345314025878906
0.0008683204650878906
0.0008177757263183594
0.0010745525360107422
0.0011429786682128906
0.001007080078125
0.0009610652923583984
0.0011162757873535156
0.0010559558868408203
0.000904083251953125
0.0009860992431640625
0.0012407302856445312
0.0011241436004638672
0.0008788108825683594
0.0010466575622558594
0.0013692378997802734
0.0007059574127197266
0.0013277530670166016
0.0010461807250976562
0.0008447170257568359
0.0009152889251708984
0.0010187625885009766
0.001220703125
0.0012602806091308594
0.0012171268463134766
0.0014772415161132812
0.00104522705078125
0.0008292198181152344
0.0008273124694824219
0.0007126331329345703
0.0007402896881103516
0.0009410381317138672
0.0009758472442626953
0.0010836124420166016
0.0008685588836669922
0.0012049674987792969
0.0008828639984130859
0.0008575916290283203
0.0010023117065429688
0.0010280609130859375
0.0009829998016357422
0.0009522438049316406
0.0007388591766357422
0.0009374618530273438
0.0009050369262695312
0.0007731914520263672
0.0008487701416015625
0.0007741451263427734
0.0011088848114013672
0.0009295940399169922
0.0012476444244384766
0.0009641647338867188
0.0012764930725097656
0.0008280277252197266
0.0010921955108642578
0.0011348724365234375
0.0012249946594238281
0.0010671615600585938
0.0010952949523925781
0.0010721683502197266
0.0013167858123779297
0.0012395381927490234
0.0017619132995605469
0.0007183551788330078
0.0007913112640380859
0.00115203857421875
0.0009946823120117188
0.0006954669952392578
0.0006814002990722656
0.0009086132049560547
0.0009107589721679688
0.0009653568267822266
0.0007336139678955078
0.0013005733489990234
0.0008320808410644531
0.0007741451263427734
0.0013594627380371094
0.0008409023284912109
0.0008666515350341797
0.001004934310913086
0.0008523464202880859
0.0011916160583496094
0.0013055801391601562
0.0008516311645507812
0.0009441375732421875
0.0012145042419433594
0.0008802413940429688
0.001308441162109375
0.0009489059448242188
0.0009920597076416016
0.0008249282836914062
0.0007379055023193359
0.0012078285217285156
0.0009906291961669922
0.0012278556823730469
0.0010263919830322266
0.0014121532440185547
0.0011577606201171875
0.0010061264038085938
0.0010328292846679688
0.0006697177886962891
0.0008578300476074219
0.0012238025665283203
0.0010221004486083984
0.0010030269622802734
0.0009303092956542969
0.0011348724365234375
0.0006642341613769531
0.0010380744934082031
0.0008127689361572266
0.0005872249603271484
0.001346588134765625
0.0013918876647949219
0.0008451938629150391
0.0006251335144042969
0.0010561943054199219
0.0012209415435791016
0.0014903545379638672
0.0010304450988769531
0.0011162757873535156
0.0007722377777099609
0.0009164810180664062
0.0011279582977294922
0.0013053417205810547
0.0006165504455566406
0.001066446304321289
0.0009353160858154297
0.0008156299591064453
0.0008716583251953125
0.000888824462890625
0.0008604526519775391
0.00112152099609375
0.0011744499206542969
0.0010602474212646484
0.001004934310913086
0.0011570453643798828
0.0008461475372314453
0.0006754398345947266
0.0009889602661132812
0.0008652210235595703
0.0011014938354492188
0.001062154769897461
0.0006558895111083984
0.001300811767578125
0.0011708736419677734
0.0010623931884765625
0.0007731914520263672
0.0014793872833251953
0.0007128715515136719
0.0008046627044677734
0.0010883808135986328
0.0011792182922363281
0.0006721019744873047
0.0009679794311523438
0.0008947849273681641
0.000985860824584961
0.0010020732879638672
0.0009148120880126953
0.0013036727905273438
0.0009679794311523438
0.0011065006256103516
0.0006248950958251953
0.0008592605590820312
0.0010707378387451172
0.0010979175567626953
0.0013284683227539062
0.0006875991821289062
0.0010509490966796875
0.0011365413665771484
0.0011014938354492188
0.0016560554504394531
0.0009610652923583984
0.0013055801391601562
0.001089334487915039
0.0010104179382324219
0.0007481575012207031
0.0009407997131347656
0.0007789134979248047
0.001155853271484375
0.0005881786346435547
0.0006766319274902344
0.0009171962738037109
0.0010449886322021484
0.001032114028930664
0.0006403923034667969
0.0007989406585693359
0.0007221698760986328
0.0008208751678466797
0.0011796951293945312
0.0013380050659179688
0.0007529258728027344
0.0014503002166748047
0.0009682178497314453
0.0008544921875
0.0013527870178222656
0.0013108253479003906
0.0011529922485351562
0.0007305145263671875
0.00118255615234375
0.0007169246673583984
0.001253366470336914
0.0007872581481933594
0.001093149185180664
0.0009198188781738281
0.0011546611785888672
0.0010552406311035156
0.0012710094451904297
0.0013506412506103516
0.0011057853698730469
0.0007886886596679688
0.0008893013000488281
0.0012784004211425781
0.0005960464477539062
0.0008978843688964844
