324.6949026584625
323.0366864204407
322.0396637916565
320.7091438770294
319.93464398384094
319.9487795829773
320.48985052108765
319.3826413154602
318.56462025642395
319.0640871524811
318.93279480934143
319.2539162635803
318.1517987251282
318.6105682849884
318.5000503063202
317.688428401947
317.37056136131287
314.84496116638184
311.08045196533203
288.5700852870941
263.291140794754
228.84284365177155
198.1737220287323
183.29423415660858
164.9569564461708
144.81818437576294
122.40374702215195
115.81214112043381
98.95730525255203
91.13940942287445
76.15145486593246
65.56126356124878
56.40228256583214
48.7481272816658
42.863603830337524
33.36561706662178
30.486487567424774
31.45584425330162
25.62687361240387
18.15900880098343
28.609244018793106
17.03638157248497
11.8273566365242
9.96939206123352
12.570381700992584
11.0069300532341
6.216084778308868
7.893834233283997
11.9168920814991
9.869181632995605
5.531123399734497
5.808917164802551
0.6317522525787354
0.29785680770874023
0.42410504817962646
2.4683905839920044
0.5361942052841187
7.715314269065857
4.414628386497498
7.858991861343384
6.996825635433197
2.3390194177627563
4.081357538700104
8.718242287635803
1.4895545840263367
1.9175506234169006
2.0892993211746216
0.6265873908996582
0.3866459131240845
0.10298609733581543
0.12168025970458984
0.03346693515777588
0.023003458976745605
0.027613043785095215
0.016622424125671387
0.02216362953186035
0.019776344299316406
0.022288918495178223
0.021365880966186523
0.011031031608581543
0.01568758487701416
0.010218262672424316
0.0109788179397583
0.009885072708129883
0.008889555931091309
0.01188802719116211
0.00868523120880127
0.023066282272338867
0.009097576141357422
0.0225677490234375
0.05297040939331055
0.036252498626708984
0.018150687217712402
0.010664820671081543
0.012772202491760254
0.016429901123046875
0.011608242988586426
0.009401679039001465
0.006417512893676758
0.007816195487976074
0.006507515907287598
0.006160855293273926
0.006542682647705078
0.005225062370300293
0.006406307220458984
0.007195711135864258
0.006965041160583496
0.00354158878326416
0.006553053855895996
0.005822300910949707
0.00450897216796875
0.0036580562591552734
0.003107786178588867
0.00504910945892334
0.004546999931335449
0.005264759063720703
0.0034073591232299805
0.005260348320007324
0.003107786178588867
0.003936171531677246
0.005724906921386719
0.003825664520263672
0.003300786018371582
0.006852507591247559
0.003969550132751465
0.0039893388748168945
0.002603888511657715
0.0048160552978515625
0.00383758544921875
0.0029680728912353516
0.0031652450561523438
0.0042536258697509766
0.0038399696350097656
0.0029641389846801758
0.0036242008209228516
0.0023009777069091797
0.0026199817657470703
0.0022521018981933594
0.002957463264465332
0.0030556917190551758
0.002686023712158203
0.0029039382934570312
0.003321409225463867
0.002389669418334961
0.003540515899658203
0.002625703811645508
0.0023268461227416992
0.0028742551803588867
0.0025833845138549805
0.0022580623626708984
0.002838611602783203
0.0018422603607177734
0.001999378204345703
0.0029658079147338867
0.0021491050720214844
0.0033919811248779297
0.002355337142944336
0.002100706100463867
0.0024106502532958984
0.0020978450775146484
0.002457141876220703
0.0021581649780273438
0.0018644332885742188
0.002699136734008789
0.0023300647735595703
0.0030738115310668945
0.002205967903137207
0.002882719039916992
0.001397848129272461
0.0035140514373779297
0.0020592212677001953
0.002207517623901367
0.0020543336868286133
0.0016661882400512695
0.0023003816604614258
0.0019025802612304688
0.002918839454650879
0.0020319223403930664
0.0016345977783203125
0.0019469261169433594
0.0018798112869262695
0.0019137859344482422
0.0021615028381347656
0.0019059181213378906
0.0019447803497314453
0.0021821260452270508
0.001280069351196289
0.0018998384475708008
0.0019729137420654297
0.0014586448669433594
0.0021821260452270508
0.0022788047790527344
0.002214193344116211
0.0018520355224609375
0.0022745132446289062
0.0011315345764160156
0.0010569095611572266
0.001634836196899414
0.0018395185470581055
0.0016150474548339844
0.0011570453643798828
0.0017015933990478516
0.001867055892944336
0.0021555423736572266
0.0013778209686279297
0.0018129348754882812
0.001234292984008789
0.0013599395751953125
0.0014244318008422852
0.0015995502471923828
0.0013589859008789062
0.001369476318359375
0.0014576911926269531
0.0012612342834472656
0.002161264419555664
0.0018126964569091797
0.0023348331451416016
0.0014612674713134766
0.0021986961364746094
0.0013343095779418945
0.0019123554229736328
0.001233816146850586
0.001514434814453125
0.0009808540344238281
0.0018093585968017578
0.0017216205596923828
0.0009908676147460938
0.0008454322814941406
0.0015175342559814453
0.0021109580993652344
0.0014498233795166016
0.0013842582702636719
0.001357436180114746
0.0017201900482177734
0.0015015602111816406
0.0013556480407714844
0.0018646717071533203
0.0017718076705932617
0.0019109249114990234
0.0013965368270874023
0.0013000965118408203
0.0014863014221191406
0.002288818359375
0.001459360122680664
0.00118255615234375
0.0013928413391113281
0.0012123584747314453
0.0010881423950195312
0.0013785362243652344
0.0008699893951416016
0.001172780990600586
0.0011854171752929688
0.0019989013671875
0.0010004043579101562
0.0012416839599609375
0.0012024641036987305
0.0014884471893310547
0.0015337467193603516
0.0013756752014160156
0.001008749008178711
0.0007340908050537109
0.0011036396026611328
0.001697540283203125
0.001476287841796875
0.0009160041809082031
0.0013535022735595703
0.001583099365234375
0.001168370246887207
0.0007755756378173828
0.0013058185577392578
0.0016276836395263672
0.001119852066040039
0.0012936592102050781
0.0012140274047851562
0.0010755062103271484
0.0010248422622680664
0.0009756088256835938
0.0012392997741699219
0.0018333196640014648
0.0012907981872558594
0.0011072158813476562
0.001191258430480957
0.001313924789428711
0.001226663589477539
0.0007112026214599609
0.0011906623840332031
0.0011324882507324219
0.0012164115905761719
0.0009355545043945312
0.0013277530670166016
0.0011403560638427734
0.0010510683059692383
0.0011985301971435547
0.000983119010925293
0.0007331371307373047
0.0008406639099121094
0.0009379386901855469
0.0009081363677978516
0.0012302398681640625
0.0012694597244262695
0.001581430435180664
0.001469731330871582
0.0011441707611083984
0.0013824701309204102
0.0011785030364990234
0.0015819072723388672
0.0014765262603759766
0.0009522438049316406
0.0012431144714355469
0.0011320114135742188
0.0014481544494628906
0.0007944107055664062
0.0011715888977050781
0.0009851455688476562
0.0009570121765136719
0.0010514259338378906
0.0012335777282714844
0.0009667873382568359
0.0008699893951416016
0.0009982585906982422
0.0008025169372558594
0.0012171268463134766
0.001538991928100586
0.0010350942611694336
0.0010578632354736328
0.0008842945098876953
0.0009758472442626953
0.0010268688201904297
0.001169443130493164
0.0011761188507080078
0.001089334487915039
0.0014100074768066406
0.0008947849273681641
0.0008026361465454102
0.0008864402770996094
0.0010538101196289062
0.0006699562072753906
0.0007736682891845703
0.0012129545211791992
0.0011992454528808594
0.0007381439208984375
0.0009260177612304688
0.0007942914962768555
0.0009462833404541016
0.0015479326248168945
0.0009553432464599609
0.0009334087371826172
0.0012440681457519531
0.0008246898651123047
0.001027822494506836
0.0011963844299316406
0.0012547969818115234
0.0008032321929931641
0.0010406970977783203
0.001358628273010254
0.0007808208465576172
0.0009548664093017578
0.0012780427932739258
0.0008661746978759766
0.0008649826049804688
0.0011594295501708984
0.0009794235229492188
0.0008802413940429688
0.0008370876312255859
0.0009982585906982422
0.0006327629089355469
0.0011409521102905273
0.0009708404541015625
0.0012903213500976562
0.0009627342224121094
0.0005784034729003906
0.000797271728515625
0.0007660388946533203
0.000985860824584961
0.0010213851928710938
0.0007581710815429688
0.0011556148529052734
0.0008740425109863281
0.0011440515518188477
0.0006878376007080078
0.0009671449661254883
0.0011725425720214844
0.0011022090911865234
0.0010657310485839844
0.0009407997131347656
0.0009465217590332031
0.0007753372192382812
0.0009982585906982422
0.0010111331939697266
0.0006232261657714844
0.0010248422622680664
0.0008015632629394531
0.0008944272994995117
0.0007441043853759766
0.0012247562408447266
0.0008815526962280273
0.0008740425109863281
0.0006697177886962891
0.0009970664978027344
0.0010840892791748047
0.0010373592376708984
0.0008678436279296875
0.0008828639984130859
0.0010721683502197266
0.0006153583526611328
0.0007312297821044922
0.0009851455688476562
0.0006399154663085938
0.0010993480682373047
0.0011272430419921875
0.0007047653198242188
0.0009598731994628906
0.0008051395416259766
0.0009443759918212891
0.0011034011840820312
0.000659942626953125
0.0010738372802734375
0.0008471012115478516
0.0008077621459960938
0.0010485649108886719
0.0010347366333007812
0.0010356903076171875
0.0006313323974609375
0.0007418394088745117
0.001068115234375
0.0008647441864013672
0.0008151531219482422
0.001489877700805664
0.0008635520935058594
0.0009272098541259766
0.0006594657897949219
0.0006971359252929688
0.0008140802383422852
0.0008373260498046875
0.0005102157592773438
0.000873565673828125
0.0006959438323974609
0.0008308887481689453
0.0008779764175415039
0.0007500648498535156
0.0006797313690185547
0.0006253719329833984
0.001043558120727539
0.0007302761077880859
0.0007536411285400391
0.0009493827819824219
0.0009634494781494141
0.0007450580596923828
0.0010538101196289062
0.0005347728729248047
0.0009256601333618164
0.0010981559753417969
0.0009036064147949219
0.000804901123046875
0.0007448196411132812
0.0007669925689697266
0.0005486011505126953
0.0009521245956420898
0.0007612705230712891
0.001064896583557129
0.0010093450546264648
0.0007930994033813477
0.0008709430694580078
0.0008101463317871094
0.0006897449493408203
0.0007600784301757812
0.0007061958312988281
0.0006940364837646484
0.0007143020629882812
0.0011593103408813477
0.0007414817810058594
0.0007474422454833984
0.0006799697875976562
0.00119781494140625
0.0005764961242675781
0.0005936622619628906
0.0008289813995361328
0.0009219646453857422
0.0007512569427490234
0.00063323974609375
0.0008833408355712891
0.0006514787673950195
0.0008809566497802734
0.0008106231689453125
0.0008971691131591797
0.0009469985961914062
0.0009267330169677734
0.0008099079132080078
0.001203775405883789
0.0009448528289794922
0.0006041526794433594
0.0005502700805664062
0.000985860824584961
0.0008568763732910156
0.0007393360137939453
0.0007882118225097656
0.0008602142333984375
0.0008971691131591797
0.0004475116729736328
0.0006501674652099609
0.0006421804428100586
0.0009009838104248047
0.0007305145263671875
0.0009080171585083008
0.0007269382476806641
0.0006353855133056641
0.0005884170532226562
0.0007460117340087891
0.0008571147918701172
0.0007882118225097656
0.0007722377777099609
0.0008172988891601562
0.001032114028930664
0.0006716251373291016
0.0008428096771240234
0.00061798095703125
0.0010803937911987305
0.0008120536804199219
0.0012154579162597656
0.00079345703125
0.0004551410675048828
0.0007371902465820312
0.0004928112030029297
0.0004892349243164062
0.0006091594696044922
0.000743865966796875
0.0006680488586425781
0.0006854534149169922
0.0007982254028320312
0.0005614757537841797
0.0005705356597900391
0.0007860660552978516
0.0008955001831054688
0.0010802745819091797
0.0006392002105712891
0.0010228157043457031
0.0009315013885498047
0.0009241104125976562
0.0005867481231689453
0.0006241798400878906
0.0006010532379150391
0.0008976459503173828
0.0006153583526611328
0.0009171962738037109
0.0008008480072021484
0.0006432533264160156
0.0006892681121826172
0.0005824565887451172
0.001197218894958496
0.0008144378662109375
0.0006687641143798828
0.0007784366607666016
0.0008656978607177734
0.0005428791046142578
0.0006129741668701172
0.0007495880126953125
0.000790715217590332
0.0008208751678466797
0.0005884170532226562
0.0007936954498291016
0.0006873607635498047
0.0006403923034667969
0.0009753704071044922
0.0007371902465820312
0.0009261369705200195
0.0006163120269775391
0.0008027553558349609
0.0006797313690185547
0.0011017322540283203
0.0005977153778076172
0.0006554126739501953
0.0006479024887084961
0.0006949901580810547
0.0004792213439941406
0.0010178089141845703
0.0005682706832885742
0.0006856918334960938
0.0007631778717041016
0.0004634857177734375
0.0010178089141845703
0.0007472038269042969
0.0007145404815673828
0.0006933212280273438
0.0006163120269775391
0.0006818771362304688
0.0006606578826904297
0.0005042552947998047
0.0005712509155273438
0.0005137920379638672
0.0011525154113769531
0.000812530517578125
0.0004868507385253906
0.0006903409957885742
0.0008645057678222656
0.0007444620132446289
0.0008556842803955078
0.0007557868957519531
0.0004937648773193359
0.0005930662155151367
0.0007944107055664062
0.0006299018859863281
0.0006089210510253906
0.0009100437164306641
0.0005450248718261719
0.0009665489196777344
0.0008091926574707031
0.0007693767547607422
0.00070953369140625
0.0006821155548095703
0.0009257793426513672
0.0007058382034301758
0.0006566047668457031
0.0005433559417724609
0.0007212162017822266
0.0008599758148193359
0.0005962848663330078
0.0006849765777587891
0.0009076595306396484
0.000461578369140625
0.0005104541778564453
0.000782012939453125
0.0008099079132080078
0.000576019287109375
0.0006997585296630859
0.0006899833679199219
0.0006575584411621094
0.0006635189056396484
0.0007615089416503906
0.0010342597961425781
0.0007207393646240234
0.0005767345428466797
0.0008131265640258789
0.0009971857070922852
0.0009930133819580078
0.0005047321319580078
0.0006182193756103516
0.0008537769317626953
0.000496983528137207
0.0006263256072998047
0.0008041858673095703
0.0007627010345458984
0.0008456707000732422
0.0004973411560058594
0.0006182193756103516
0.0006375312805175781
0.0004961490631103516
0.0006756782531738281
0.0006308555603027344
0.0007991790771484375
0.0008281469345092773
0.0006725788116455078
0.0007648468017578125
0.0006613731384277344
0.0010703802108764648
0.0009541511535644531
0.0006146430969238281
0.0006318092346191406
0.0007410049438476562
0.0005087852478027344
0.0009453296661376953
0.00046443939208984375
0.0005695819854736328
0.0007219314575195312
0.0006251335144042969
0.0005834102630615234
0.0005587339401245117
0.0007395744323730469
0.0005161762237548828
0.0006383657455444336
0.0007231235504150391
0.0004839897155761719
0.0007503032684326172
0.0007545948028564453
0.0007832050323486328
0.0005991458892822266
0.0006396770477294922
0.0008111000061035156
0.00098419189453125
0.0005314350128173828
0.00048065185546875
0.0007607936859130859
0.0006711483001708984
0.0005471706390380859
0.0006306171417236328
0.0007383823394775391
0.0006647109985351562
0.0006859302520751953
0.0005898475646972656
0.0006475448608398438
0.0006341934204101562
0.0010058879852294922
0.0008156299591064453
0.0005633831024169922
0.0004481077194213867
0.0006768703460693359
0.0008512735366821289
0.0005154609680175781
0.00092315673828125
0.0009961128234863281
0.0006456375122070312
0.0006139278411865234
0.0006954669952392578
0.0005877017974853516
0.0008399486541748047
0.0007197856903076172
0.0008718967437744141
0.0006334781646728516
0.0007231235504150391
0.00046133995056152344
0.0006411075592041016
0.0005204677581787109
0.0005490779876708984
0.0005691051483154297
0.0005428791046142578
0.0007729530334472656
0.0006847381591796875
0.0009113550186157227
0.0009405612945556641
0.0006766319274902344
0.0005097389221191406
0.0008056163787841797
0.000827789306640625
0.0006959438323974609
0.0006284713745117188
0.0003216266632080078
0.0006978511810302734
0.0008375644683837891
0.00057220458984375
0.0006837844848632812
0.0007886886596679688
0.0007836818695068359
0.0004718303680419922
0.0004086494445800781
0.0006783008575439453
0.0009412765502929688
0.0006327629089355469
0.0004215240478515625
0.0008456707000732422
0.0004553794860839844
0.00047469139099121094
0.0006668567657470703
0.00063323974609375
0.0006468296051025391
0.0006802082061767578
0.0006573200225830078
0.0005233287811279297
0.0008116960525512695
0.0005704164505004883
0.0005772113800048828
0.0005303621292114258
0.0005221366882324219
0.0008997917175292969
0.0007331371307373047
0.0004863739013671875
0.000762939453125
0.0005135536193847656
0.0008331537246704102
0.0009286403656005859
0.0008459091186523438
0.0007239580154418945
0.0007348060607910156
0.00035762786865234375
0.0006878376007080078
0.0006935596466064453
0.0004856586456298828
0.000701904296875
0.0006506443023681641
0.0006242990493774414
0.0006034374237060547
0.0007638931274414062
0.0006225109100341797
0.0006587505340576172
0.0005624294281005859
0.0005075931549072266
0.0008356571197509766
0.0005295276641845703
0.0004551410675048828
0.0008037090301513672
0.0005748271942138672
0.0005979537963867188
0.0006731748580932617
0.0008996725082397461
0.0006127357482910156
0.0005080699920654297
0.0008249282836914062
0.0008355379104614258
0.0006499290466308594
0.0008912086486816406
0.000550389289855957
0.0005154609680175781
0.0004811286926269531
0.0010306835174560547
0.0004699230194091797
0.0005686283111572266
0.0004019737243652344
0.0006210803985595703
0.0005555152893066406
0.0006195306777954102
0.0006208419799804688
0.0005807876586914062
0.0005881786346435547
0.00036406517028808594
0.0008120536804199219
0.0005657672882080078
0.0005674362182617188
0.0006935596466064453
0.0008463859558105469
0.0008294582366943359
0.00057220458984375
0.0010480880737304688
0.0008070468902587891
0.0005047321319580078
0.0005083084106445312
0.0006880760192871094
0.0005829334259033203
0.00069427490234375
0.0008449554443359375
0.0008428096771240234
0.0008208751678466797
0.0007846355438232422
0.0008089542388916016
0.0007207393646240234
0.0006737709045410156
0.0005354881286621094
0.0006818771362304688
0.0005075931549072266
0.00067138671875
0.0006356239318847656
0.0006234645843505859
0.0006552934646606445
0.0003082752227783203
0.0005145072937011719
0.0006561279296875
0.0006494522094726562
0.0006327629089355469
0.0004591941833496094
0.0005345344543457031
0.0005774497985839844
0.0004830360412597656
0.0009340047836303711
0.0005811452865600586
0.0005233287811279297
0.000606536865234375
0.0007666349411010742
0.0007001161575317383
0.000820159912109375
0.0005772113800048828
0.0004990100860595703
0.0004150867462158203
0.0005788803100585938
0.0005114078521728516
0.0008323192596435547
0.0007905960083007812
0.0007650852203369141
0.0005528926849365234
0.0008535385131835938
0.0007648468017578125
0.0005147457122802734
0.0005350112915039062
0.0008134841918945312
0.0007854700088500977
0.00048100948333740234
0.0008478164672851562
0.0004246234893798828
0.000993490219116211
0.0004596710205078125
0.0006096363067626953
0.0007414817810058594
0.0007143020629882812
0.0005195140838623047
0.0006608963012695312
0.0006005764007568359
0.0007592439651489258
0.0007958412170410156
0.0005083084106445312
0.0007197856903076172
0.0005381107330322266
0.00039958953857421875
0.00040721893310546875
0.0006475448608398438
0.0005140304565429688
0.000560760498046875
0.0006878376007080078
0.0003402233123779297
0.0006744861602783203
0.0007278919219970703
0.0006406307220458984
0.0005030632019042969
0.0005707740783691406
0.0005974769592285156
0.0005848407745361328
0.0005171298980712891
0.0006258487701416016
0.0008194446563720703
0.0004742145538330078
0.0004127025604248047
0.0012340545654296875
0.0006787776947021484
0.0006504058837890625
0.0006157159805297852
0.0004410743713378906
0.0007796287536621094
0.0007169246673583984
0.0007765293121337891
0.0007441043853759766
0.0006592273712158203
0.00036525726318359375
0.0006465911865234375
0.0006282329559326172
0.0004820823669433594
0.0007052421569824219
0.0005631446838378906
0.0005502700805664062
0.0004227161407470703
0.0005795955657958984
0.0005626678466796875
0.00046062469482421875
0.0008215904235839844
0.000507354736328125
0.0006525516510009766
0.0006117820739746094
0.0005483627319335938
0.00045180320739746094
0.0007767677307128906
0.0007281303405761719
0.0006377696990966797
0.0006756782531738281
0.0006985664367675781
0.0004937648773193359
0.00045871734619140625
0.000746607780456543
0.00036907196044921875
0.0007631778717041016
0.0006840229034423828
0.0005176067352294922
0.0006108283996582031
0.0005433559417724609
0.0007026195526123047
0.0009191036224365234
0.0006351470947265625
0.0006325244903564453
0.0006260871887207031
0.0004825592041015625
0.0007627010345458984
0.0007486343383789062
0.0006644725799560547
0.0008206367492675781
0.0005817413330078125
0.0004818439483642578
0.0008099079132080078
0.00045990943908691406
0.0005364418029785156
0.0005941390991210938
0.0004622936248779297
0.0006144046783447266
0.0009400844573974609
0.0006215572357177734
0.00047850608825683594
0.0004723072052001953
0.0008893013000488281
0.0007083415985107422
0.00066375732421875
0.0006456375122070312
0.0008189678192138672
0.0006709098815917969
0.0008924007415771484
0.000535130500793457
0.0005629062652587891
0.0005939006805419922
0.0005780458450317383
0.0007269382476806641
0.0005390644073486328
0.00043320655822753906
0.0005538463592529297
0.0005850791931152344
0.0006264448165893555
0.0005848407745361328
0.0007228851318359375
0.00045418739318847656
0.00034427642822265625
0.0005359649658203125
0.0006933212280273438
0.0005176067352294922
0.0006155967712402344
0.0008504390716552734
0.0005450248718261719
0.0006346702575683594
0.0008399486541748047
0.0005376338958740234
0.0005762577056884766
0.0006430149078369141
0.0008404254913330078
0.0008616447448730469
0.0005118846893310547
0.0006508827209472656
0.0006287097930908203
0.00061798095703125
0.0005953311920166016
0.0005009174346923828
0.0009868144989013672
0.0004596710205078125
0.0004553794860839844
0.0006964206695556641
0.0006186962127685547
0.0006232261657714844
0.0005574226379394531
0.0006319284439086914
0.0008530616760253906
0.0005800724029541016
0.0006442070007324219
0.0005555152893066406
0.0005383491516113281
0.0005359649658203125
0.0005409717559814453
0.0006997585296630859
0.0004658699035644531
0.0004925727844238281
0.0005238056182861328
0.0005166530609130859
0.0006947517395019531
0.0004782676696777344
0.0004899501800537109
0.0009655952453613281
0.0005159378051757812
0.0006178617477416992
0.00041806697845458984
0.0008287429809570312
0.0005581378936767578
0.0006067752838134766
0.00047206878662109375
0.0005319118499755859
0.0005781650543212891
0.0007414817810058594
0.0005500316619873047
0.0007215738296508789
0.0004709959030151367
0.0007146596908569336
0.0006794929504394531
0.0006530284881591797
0.0006401538848876953
0.0008146762847900391
0.0004994869232177734
0.0006189346313476562
0.0006260871887207031
0.000690460205078125
0.000553131103515625
0.0007307529449462891
0.0003943443298339844
0.0008878707885742188
0.0007994174957275391
0.0004305839538574219
0.000720977783203125
0.0005078315734863281
0.0004906654357910156
0.0004525184631347656
0.0005719661712646484
0.0005440711975097656
0.0005865097045898438
0.0005271434783935547
0.0007510185241699219
0.0006639957427978516
0.0006554126739501953
0.0006043910980224609
0.0007650852203369141
0.0007061958312988281
0.0005052089691162109
0.0007441043853759766
0.0003349781036376953
0.0006314516067504883
0.0006573200225830078
0.0007033348083496094
0.0005080699920654297
0.0005025863647460938
0.000438690185546875
0.0008563995361328125
0.0004763603210449219
0.0005071163177490234
0.0006420612335205078
0.0007791519165039062
0.0007088184356689453
0.0007410049438476562
0.0004527568817138672
0.0004730224609375
0.0006167888641357422
0.0007239580154418945
0.000712275505065918
0.00048470497131347656
0.0008997917175292969
0.0005075931549072266
0.0005319118499755859
0.0004918575286865234
0.0005930662155151367
0.0005550384521484375
0.0005075931549072266
0.0005924701690673828
0.0007851123809814453
0.0006082057952880859
0.0007483959197998047
0.0005590915679931641
0.0007823705673217773
0.0004278421401977539
0.0006811618804931641
0.0006639957427978516
0.0006914138793945312
0.0005178451538085938
0.0006618499755859375
0.0006645917892456055
0.0007352828979492188
0.0004994869232177734
0.0006768703460693359
0.00034689903259277344
0.0006725788116455078
0.0004513263702392578
0.0005424022674560547
0.0007982254028320312
0.0005903244018554688
0.0009663105010986328
0.0003952980041503906
0.00067138671875
0.0005693435668945312
0.0007092952728271484
0.0006268024444580078
0.0005822181701660156
0.0005934238433837891
0.0007297992706298828
0.0005183219909667969
0.0005121231079101562
0.0006730556488037109
0.0007002353668212891
0.0005383491516113281
0.0006723403930664062
0.0005984306335449219
0.0004992485046386719
0.00067901611328125
0.0005249977111816406
0.00048422813415527344
0.0006613731384277344
0.00064849853515625
0.0007245540618896484
0.0005848407745361328
0.0007493495941162109
0.0006093978881835938
0.0005309581756591797
0.0006444454193115234
0.0010755062103271484
0.0006577968597412109
0.000537872314453125
0.0007412433624267578
0.0005000829696655273
0.0004886388778686523
0.0004322528839111328
0.0004992485046386719
0.0005216598510742188
0.0005176067352294922
0.0006465911865234375
0.0006206035614013672
0.0004343986511230469
0.00045228004455566406
0.0007274150848388672
0.0005564689636230469
0.0005965232849121094
0.0006239414215087891
0.000720977783203125
0.0005447864532470703
0.0006378889083862305
0.00055694580078125
0.0006887912750244141
0.0006399154663085938
0.0005865097045898438
0.0005261898040771484
0.0006117820739746094
0.0005238056182861328
0.0007159709930419922
0.0005943775177001953
0.0004985332489013672
0.0005025863647460938
0.0004949569702148438
0.0006017684936523438
0.0005586147308349609
0.0004730224609375
0.0007020235061645508
0.0007693767547607422
0.0004076957702636719
0.0006308555603027344
0.0009609460830688477
0.0006041526794433594
0.0008552074432373047
0.0007638931274414062
0.0006346702575683594
0.0005604028701782227
0.0005981922149658203
0.0005357265472412109
0.0007603168487548828
0.00040078163146972656
0.000614166259765625
0.0007169246673583984
0.0004894733428955078
0.0004901885986328125
0.0006635189056396484
0.0004711151123046875
0.0009012222290039062
0.0004487037658691406
0.0005594491958618164
0.0006430149078369141
0.0005042552947998047
0.0005609989166259766
0.0006282329559326172
0.0005311965942382812
0.0005066394805908203
0.0005128383636474609
0.000667572021484375
0.0005033016204833984
0.0007643699645996094
0.0006947517395019531
0.0005781650543212891
0.0007709264755249023
0.0005419254302978516
0.0007615089416503906
0.0005433559417724609
0.0005639791488647461
0.000606536865234375
0.0009167194366455078
0.0005707740783691406
0.0006210803985595703
0.0007557868957519531
0.0005319118499755859
0.0007188320159912109
0.0004506111145019531
0.0006234645843505859
0.0005097389221191406
0.0005636215209960938
0.00043654441833496094
0.0004756450653076172
0.00045299530029296875
0.0004252195358276367
0.0005497932434082031
0.0006890296936035156
0.0007293224334716797
0.0007236003875732422
0.0005712509155273438
0.0006372928619384766
0.000980377197265625
0.0005855560302734375
0.0006852149963378906
0.0006219148635864258
0.0008432865142822266
0.0004792213439941406
0.0007956027984619141
0.0006804466247558594
0.000798344612121582
0.00044095516204833984
0.0006585121154785156
0.00045180320739746094
0.0004937648773193359
0.0005495548248291016
0.0004980564117431641
0.0007326602935791016
0.0004894733428955078
0.0006847381591796875
0.0005548000335693359
0.0006113052368164062
0.0006210803985595703
0.0006430149078369141
0.0007271766662597656
0.00045037269592285156
0.000522613525390625
0.0006144046783447266
0.000579833984375
0.0007143020629882812
0.0004754066467285156
0.0007393360137939453
0.00038123130798339844
0.0007112026214599609
0.00040411949157714844
0.0004973411560058594
0.0007605552673339844
0.0006529092788696289
0.0006358623504638672
0.00043964385986328125
0.0005660057067871094
0.0007481575012207031
0.0005180835723876953
0.0007860660552978516
0.0005860328674316406
0.0008548498153686523
0.0004620552062988281
0.00048232078552246094
0.0004291534423828125
0.0006006956100463867
0.0008137226104736328
0.0008177757263183594
0.0005943775177001953
0.00040018558502197266
0.000476837158203125
0.0007383823394775391
0.0006871223449707031
0.0007386207580566406
0.0005333423614501953
0.0007290840148925781
0.0006742477416992188
0.0006979703903198242
0.0007269382476806641
0.0005414485931396484
0.0004956722259521484
0.0007381439208984375
0.0006334781646728516
0.0005238056182861328
0.0005979537963867188
0.0007457733154296875
0.000762939453125
0.000400543212890625
0.00043463706970214844
0.0004611015319824219
0.000553131103515625
0.0005540847778320312
0.00039958953857421875
0.0004603862762451172
0.0006284713745117188
0.0007920265197753906
0.0007653236389160156
0.0005867481231689453
0.0006191730499267578
0.0005092620849609375
0.000722050666809082
0.0005064010620117188
0.0005705356597900391
0.0005109310150146484
0.0005297660827636719
0.0006183385848999023
0.0006463527679443359
0.0006000995635986328
0.0006427764892578125
0.00046443939208984375
0.0005526542663574219
0.0004978179931640625
0.0008258819580078125
0.0008380413055419922
0.0006239414215087891
0.0007297992706298828
0.0005009174346923828
0.0006124973297119141
0.0005540847778320312
0.0005314350128173828
0.0005843639373779297
0.0007259845733642578
0.0007164478302001953
0.0005655288696289062
0.0004895925521850586
0.0007708072662353516
0.0004546642303466797
0.0005009174346923828
0.0005688667297363281
0.0006115436553955078
0.0006011724472045898
0.0007312297821044922
0.0006093978881835938
0.00047659873962402344
0.0006148815155029297
0.0005974769592285156
0.0006833076477050781
0.0005955696105957031
0.0004792213439941406
0.00058746337890625
0.0004563331604003906
0.0006630420684814453
0.00038933753967285156
0.00048089027404785156
0.0006442070007324219
0.0007734298706054688
0.0008666515350341797
0.0007293224334716797
0.0004627704620361328
0.0006761550903320312
0.0005409717559814453
0.0005478858947753906
0.0005695819854736328
0.0005340576171875
0.0006234645843505859
0.000712275505065918
0.00044918060302734375
0.0006053447723388672
0.0005016326904296875
0.0006246566772460938
0.0007154941558837891
0.0005228519439697266
0.0006576776504516602
0.0007328987121582031
0.0006300210952758789
0.0004634857177734375
0.00046372413635253906
0.0006871223449707031
0.0004901885986328125
0.000832676887512207
0.0008983612060546875
0.0005450248718261719
0.0005171298980712891
0.0007333755493164062
0.0008432865142822266
0.0008740425109863281
0.0006515979766845703
0.0005846023559570312
0.0005674362182617188
0.0006425380706787109
0.0005331039428710938
0.0005962848663330078
0.0008722543716430664
0.000499725341796875
0.00066375732421875
0.0007147789001464844
0.0006282329559326172
0.0004627704620361328
0.0005316734313964844
0.00046956539154052734
0.000423431396484375
0.0006299018859863281
0.0008137226104736328
0.0005344152450561523
0.0004494190216064453
0.0005390644073486328
0.00054168701171875
0.0006351470947265625
0.0008287429809570312
0.0004429817199707031
0.0007061958312988281
0.0004241466522216797
0.00042724609375
0.0007414817810058594
0.0005133152008056641
0.0004820823669433594
0.0005338191986083984
0.0003943443298339844
0.0005080699920654297
0.0005555152893066406
0.0005648136138916016
0.0006916522979736328
0.0005948543548583984
0.0003733634948730469
0.0007319450378417969
0.0006902217864990234
0.0006201267242431641
0.0005712509155273438
0.0008530616760253906
0.0005278587341308594
0.0006475448608398438
0.0005872249603271484
0.0006558895111083984
0.00060272216796875
0.0006804466247558594
0.0007150173187255859
0.0004949569702148438
0.0005877017974853516
0.0007617473602294922
0.0004953145980834961
0.0006046295166015625
0.0005850791931152344
0.0005726814270019531
0.0006275177001953125
0.0006151199340820312
0.000659942626953125
0.0004220008850097656
0.0007731914520263672
0.0007134675979614258
0.0008759498596191406
0.0006182193756103516
0.0008814334869384766
0.0005056858062744141
0.0005934238433837891
0.0006887912750244141
0.0004489421844482422
0.0005888938903808594
0.0007028579711914062
0.0005311965942382812
0.0006153583526611328
0.00041961669921875
0.0006959438323974609
0.0007020235061645508
0.0004603862762451172
0.0005872249603271484
0.0005750656127929688
0.0006459951400756836
0.0005574226379394531
0.0006864070892333984
0.0004265308380126953
0.0005636215209960938
0.0006363391876220703
0.0006010532379150391
0.0007295608520507812
0.0005898475646972656
0.0005407333374023438
0.0005631446838378906
0.0006477832794189453
0.0005390644073486328
0.0005204677581787109
0.0007808208465576172
0.000492095947265625
0.0005598068237304688
0.0005021095275878906
0.00039505958557128906
0.0007193088531494141
0.00046384334564208984
0.00048232078552246094
0.0006806850433349609
0.0007045269012451172
0.0006322860717773438
0.0006524324417114258
0.0005218982696533203
0.00096893310546875
0.0005314350128173828
0.0007097721099853516
0.0008115768432617188
0.0007686614990234375
0.0004627704620361328
0.00070953369140625
0.0004513263702392578
0.00046563148498535156
0.0003349781036376953
0.0007090568542480469
0.0005829334259033203
0.0005543231964111328
0.0004792213439941406
0.0005424022674560547
0.0004975795745849609
0.0006449222564697266
0.0006716251373291016
0.0005800724029541016
0.00047469139099121094
0.0006387233734130859
0.0008001327514648438
0.0006647109985351562
0.0007085800170898438
0.0004558563232421875
0.0005929470062255859
0.0005578994750976562
0.0004794597625732422
0.0005865097045898438
0.0008908510208129883
0.0006644725799560547
0.0004622936248779297
0.0005748271942138672
0.0005872249603271484
0.0006740093231201172
0.0009424686431884766
0.0003998279571533203
0.0007853507995605469
0.0006916522979736328
0.0005810260772705078
0.0006499290466308594
0.0007927417755126953
0.0007315874099731445
0.0003714561462402344
0.0005121231079101562
0.0005419254302978516
0.0006539821624755859
0.0005133152008056641
0.000537872314453125
0.0006785392761230469
0.0006754398345947266
0.0005617141723632812
0.0005159378051757812
0.0005592107772827148
0.0005581378936767578
0.0007023811340332031
0.00042057037353515625
0.0006608963012695312
0.0005190372467041016
0.0006260871887207031
0.000713348388671875
0.000530242919921875
0.0006731748580932617
0.0007731914520263672
0.0006492137908935547
0.0006458759307861328
0.0005595684051513672
0.000682830810546875
0.0005412101745605469
0.0004994869232177734
0.0004286766052246094
0.0004794597625732422
0.0004930496215820312
0.0007195472717285156
0.0004773139953613281
0.0007147789001464844
0.0005877017974853516
0.0005431175231933594
0.0007925033569335938
0.0005481243133544922
0.0004608631134033203
0.0004341602325439453
0.0007221698760986328
0.00043714046478271484
0.0006442070007324219
0.0006778240203857422
0.0005846023559570312
0.0008319616317749023
0.00043201446533203125
0.0007218122482299805
0.0006434917449951172
0.0007619857788085938
0.0006260871887207031
0.0004253387451171875
0.0004665851593017578
0.0006176233291625977
0.0005153417587280273
0.0005214214324951172
0.0004622936248779297
0.0005171298980712891
0.00045990943908691406
0.0006387233734130859
0.000667572021484375
0.0008833408355712891
0.0005233287811279297
0.000666499137878418
0.0005552768707275391
0.0005311965942382812
0.0006008148193359375
0.001081228256225586
0.0007240772247314453
0.0007750988006591797
0.0005726814270019531
0.0005512237548828125
0.0008351802825927734
0.0004074573516845703
0.0007498264312744141
0.000545501708984375
0.0007510185241699219
0.00044608116149902344
0.0005824565887451172
0.0005719661712646484
0.0005805492401123047
0.0006163120269775391
0.0005071163177490234
0.0006036758422851562
0.0005674362182617188
0.000591278076171875
0.0005440711975097656
0.0006718635559082031
0.0005533695220947266
0.0006830692291259766
0.0005016326904296875
0.00045299530029296875
0.0005474090576171875
0.000977635383605957
0.0008224248886108398
0.0005099773406982422
0.0006570816040039062
0.0007917881011962891
0.00034499168395996094
0.0003628730773925781
0.0007092952728271484
0.00040030479431152344
0.0007135868072509766
0.0006396770477294922
0.0006258487701416016
0.0005311965942382812
0.0004799365997314453
0.0007481575012207031
0.0006234645843505859
0.0004696846008300781
0.00041675567626953125
0.0005235671997070312
0.0005900859832763672
0.0007309913635253906
0.0006146430969238281
0.0007913112640380859
0.0008462667465209961
0.0005142688751220703
0.00047969818115234375
0.0008022785186767578
0.0006282329559326172
0.0006897449493408203
0.0005042552947998047
0.0005235671997070312
0.000628352165222168
0.00079345703125
0.0005402565002441406
0.0004792213439941406
0.0007112026214599609
0.0004980564117431641
0.0006549358367919922
0.0006809234619140625
0.0006253719329833984
0.0005826950073242188
0.0005517005920410156
0.0005095005035400391
0.0004878044128417969
0.0007615089416503906
0.0008833408355712891
0.0007431507110595703
0.0007200241088867188
0.0005006790161132812
0.00044465065002441406
0.0007112026214599609
0.0005517005920410156
0.0004980564117431641
0.0004324913024902344
0.0006353855133056641
0.0005450248718261719
0.0006277561187744141
0.0004805326461791992
0.0006103515625
