326.8512718677521
326.24264097213745
325.7073509693146
325.39557003974915
324.96202421188354
324.5056986808777
324.04737162590027
323.86779618263245
323.76005935668945
323.3915972709656
323.1834053993225
322.7123680114746
322.7238461971283
322.3779423236847
322.08978176116943
321.7564072608948
321.26502227783203
320.56834650039673
320.78934240341187
320.3061020374298
319.72773241996765
319.64111590385437
319.1130428314209
318.1824173927307
318.6480767726898
318.094269990921
318.44900822639465
318.501207113266
318.7783787250519
318.4336681365967
318.1721451282501
318.3366768360138
318.2986419200897
317.96095299720764
317.71430826187134
316.64037823677063
316.93843054771423
316.31476402282715
316.2117078304291
314.87074875831604
315.004585981369
310.7525188922882
306.99839210510254
297.82292318344116
285.0541834831238
275.07823872566223
257.34527695178986
252.209233045578
241.28885889053345
214.35982501506805
214.4407879114151
212.03413891792297
195.03307139873505
191.18797969818115
186.71746850013733
173.6516568660736
166.5853991508484
169.76798045635223
151.66584503650665
139.11796361207962
150.55249321460724
133.54109507799149
127.87511491775513
117.51277390122414
115.80746573209763
112.35648238658905
103.40229386091232
92.9296558201313
99.26814723014832
89.78752064704895
85.16709926724434
85.50986224412918
86.47660478949547
69.44161143898964
73.65215200185776
79.35041972994804
63.94831734895706
57.429029494524
60.4868049621582
58.92580735683441
54.33148407936096
58.1001150906086
53.68684294819832
47.04372474551201
47.89140319824219
48.9656218290329
40.8025866150856
34.91847947239876
41.74795663356781
36.899090051651
35.0816211104393
39.23557674884796
29.422481060028076
32.52607560157776
28.840446650981903
42.57067251205444
32.6565038561821
20.170142143964767
25.069180727005005
22.29365661740303
34.87941586971283
20.138660967350006
22.31730967760086
16.403658509254456
15.841124951839447
19.539736807346344
19.346449732780457
8.993608236312866
9.235019624233246
14.012764036655426
18.08277255296707
8.407889187335968
9.709312438964844
12.69162768125534
11.521823465824127
16.095534086227417
9.837657988071442
15.725508749485016
7.410252511501312
6.6145740151405334
7.837608814239502
14.06343924999237
10.160904437303543
10.419204533100128
20.926323235034943
9.627054929733276
16.48007905483246
11.233841717243195
6.724104166030884
7.862348437309265
5.2514020800590515
7.37835955619812
11.20951920747757
5.437138557434082
3.7053192853927612
3.338121771812439
1.0627524852752686
0.6253674030303955
0.6633743047714233
1.1877259016036987
1.3772339820861816
1.9238719940185547
5.187677621841431
4.862377762794495
3.5117645263671875
1.7914658784866333
0.7652519941329956
0.4764970541000366
3.6674171686172485
3.598813772201538
0.8748489618301392
0.398728609085083
0.5793206691741943
2.6530323028564453
5.055332660675049
1.5858532190322876
2.2040162086486816
2.639074683189392
0.44127941131591797
0.371579647064209
0.26333606243133545
0.18767797946929932
0.35068976879119873
0.20639848709106445
0.11252129077911377
0.38899528980255127
0.7407238483428955
1.978460431098938
3.7515124082565308
2.0490176677703857
0.3174556493759155
0.13245034217834473
0.1207735538482666
0.14686763286590576
0.13205599784851074
0.0695347785949707
0.09878873825073242
0.38245177268981934
0.12599170207977295
0.13052833080291748
0.08136439323425293
0.05463600158691406
0.13792705535888672
0.09984457492828369
0.10204648971557617
4.755168080329895
4.187273263931274
0.9457037448883057
0.4842982292175293
0.23232758045196533
0.8982563018798828
2.80870258808136
1.8388564586639404
10.509992122650146
15.469227910041809
2.500059723854065
2.283016324043274
0.5670677423477173
0.45480620861053467
0.4594423770904541
0.5190716981887817
0.17328083515167236
0.1633918285369873
0.2085261344909668
0.207952618598938
0.11632263660430908
0.10898149013519287
0.08751380443572998
0.07689666748046875
0.24615275859832764
0.13482439517974854
0.10415148735046387
0.07475852966308594
0.07268309593200684
0.07796323299407959
0.04963386058807373
0.044797658920288086
0.05727744102478027
0.10711002349853516
0.10486984252929688
0.06156563758850098
0.04602622985839844
0.0405426025390625
0.05705583095550537
0.035866737365722656
0.1071329116821289
0.0428466796875
0.02528214454650879
0.03395283222198486
0.03550398349761963
0.028329133987426758
0.04975080490112305
0.025418996810913086
0.03510427474975586
0.06027626991271973
0.03522443771362305
0.04591178894042969
0.026516199111938477
0.02306389808654785
0.02373790740966797
0.02015399932861328
0.019650936126708984
0.04419970512390137
0.02003610134124756
0.038243770599365234
0.020249605178833008
0.021951675415039062
0.026333093643188477
0.026676416397094727
0.022164344787597656
0.025472402572631836
0.027675390243530273
0.025038480758666992
0.02509021759033203
0.04039764404296875
0.028932571411132812
0.035500526428222656
0.014252662658691406
0.017939090728759766
0.031065702438354492
0.015231609344482422
0.01901412010192871
0.022278308868408203
0.01784038543701172
0.015782833099365234
0.020369529724121094
0.019742965698242188
0.021463632583618164
0.023653268814086914
0.046381473541259766
0.019345760345458984
0.017415285110473633
0.013114690780639648
0.017662525177001953
0.012925863265991211
0.019589900970458984
0.024410247802734375
0.015958786010742188
0.01415109634399414
0.016962766647338867
0.01527714729309082
0.01531362533569336
0.016795873641967773
0.018320798873901367
0.012825250625610352
0.012282848358154297
0.01955699920654297
0.012621641159057617
0.02424478530883789
0.016060352325439453
0.024413108825683594
0.015970230102539062
0.019273042678833008
0.01642751693725586
0.02073216438293457
0.020466089248657227
0.010036706924438477
0.010567188262939453
0.012907028198242188
0.015014410018920898
0.014508247375488281
0.01214587688446045
0.012184381484985352
0.018404245376586914
0.018076181411743164
0.010361671447753906
0.008014202117919922
0.013559579849243164
0.013622283935546875
0.011187076568603516
0.01627635955810547
0.019189834594726562
0.013932943344116211
0.010654449462890625
0.010856389999389648
0.01255941390991211
0.01655125617980957
0.015380382537841797
0.011753082275390625
0.010864019393920898
0.011961221694946289
0.019319772720336914
0.010680675506591797
0.010093450546264648
0.013323307037353516
0.01149749755859375
0.008360624313354492
0.011652708053588867
0.011715888977050781
0.010359525680541992
0.010916948318481445
0.010885834693908691
0.01502537727355957
0.011906862258911133
0.022585391998291016
0.011069536209106445
0.011418819427490234
0.012099981307983398
0.010679006576538086
0.013988971710205078
0.007524013519287109
0.013035297393798828
0.010616302490234375
0.010151386260986328
0.008766651153564453
0.00993204116821289
0.011588811874389648
0.010929584503173828
0.012772083282470703
0.015045881271362305
0.008005619049072266
0.00865483283996582
0.009670019149780273
0.009464263916015625
0.01137089729309082
0.015574455261230469
0.011814594268798828
0.013090133666992188
0.011507749557495117
0.015320658683776855
0.011581659317016602
0.011573314666748047
0.010863542556762695
0.007497072219848633
0.012969970703125
0.01172327995300293
0.010948657989501953
0.008695602416992188
0.006124258041381836
0.0069696903228759766
0.010573148727416992
0.01026010513305664
0.008100271224975586
0.009706258773803711
0.008113622665405273
0.011286497116088867
0.007649898529052734
0.01015925407409668
0.009253978729248047
0.015594005584716797
0.0070056915283203125
0.006301403045654297
0.009126901626586914
0.008548498153686523
0.007013797760009766
0.011121034622192383
0.008972406387329102
0.008300304412841797
0.010917901992797852
0.006709575653076172
0.014876127243041992
0.009133577346801758
0.006403446197509766
0.008433818817138672
0.011287212371826172
0.016367197036743164
0.006170034408569336
0.008948326110839844
0.005761384963989258
0.0077745914459228516
0.013306856155395508
0.008327960968017578
0.008979558944702148
0.007444143295288086
0.008350610733032227
0.007584333419799805
0.008638620376586914
0.008813858032226562
0.009071826934814453
0.005463123321533203
0.009680032730102539
0.007428407669067383
0.007656574249267578
0.008701086044311523
0.005823373794555664
0.013079643249511719
0.008572816848754883
0.007863044738769531
0.008536577224731445
0.009260416030883789
0.011303901672363281
0.005796670913696289
0.007647991180419922
0.0069348812103271484
0.008014202117919922
0.007699012756347656
0.006532192230224609
0.005281686782836914
0.00925588607788086
0.00894021987915039
0.011780500411987305
0.004094123840332031
0.010033130645751953
0.0059587955474853516
0.006453990936279297
0.008711814880371094
0.01009988784790039
0.008320093154907227
0.007980108261108398
0.00686335563659668
0.008414030075073242
0.012543916702270508
0.006860017776489258
0.006224393844604492
0.007232189178466797
0.00809931755065918
0.006916999816894531
0.005908489227294922
0.008091449737548828
0.0055463314056396484
0.009194374084472656
0.006417512893676758
0.0060694217681884766
0.00770258903503418
0.006325483322143555
0.015408515930175781
0.008844375610351562
0.0066225528717041016
0.01029515266418457
0.0051310062408447266
0.006073951721191406
0.005882740020751953
0.007895231246948242
0.007458925247192383
0.008288383483886719
0.007403373718261719
0.006764650344848633
0.004623889923095703
0.006599903106689453
0.010196447372436523
0.009665727615356445
0.0062863826751708984
0.007466554641723633
0.009824752807617188
0.006451845169067383
0.008553266525268555
0.006432533264160156
0.0064084529876708984
0.007704257965087891
0.008111953735351562
0.0067827701568603516
0.005877494812011719
0.006798744201660156
0.005452632904052734
0.004904031753540039
0.006499290466308594
0.006966829299926758
0.007869243621826172
0.006375312805175781
0.008504152297973633
0.00540471076965332
0.006079673767089844
0.005411624908447266
0.0062558650970458984
0.009380102157592773
0.007660865783691406
0.00737762451171875
0.008438825607299805
0.005630016326904297
0.005821943283081055
0.007341623306274414
0.008276700973510742
0.006618499755859375
0.007834196090698242
0.006036281585693359
0.006062746047973633
0.007652997970581055
0.00811910629272461
0.007473945617675781
0.0072820186614990234
0.007193803787231445
0.006804704666137695
0.00500941276550293
0.005372047424316406
0.005321979522705078
0.0056455135345458984
0.006265163421630859
0.007740974426269531
0.003406047821044922
0.007608175277709961
0.008108377456665039
0.008091926574707031
0.0068302154541015625
0.006493806838989258
0.007181406021118164
0.007022380828857422
0.005429506301879883
0.006281852722167969
0.008108377456665039
0.0073931217193603516
0.004993438720703125
0.009316682815551758
0.006255149841308594
0.007286548614501953
0.0058438777923583984
0.007581949234008789
0.006403684616088867
0.0069735050201416016
0.007661104202270508
0.005811929702758789
0.00537109375
0.006142377853393555
0.007622718811035156
0.0048980712890625
0.003980398178100586
0.0070154666900634766
0.004938840866088867
0.0073642730712890625
0.006972074508666992
0.007229328155517578
0.009299039840698242
0.0058209896087646484
0.0057773590087890625
0.0046710968017578125
0.0073812007904052734
0.005062580108642578
0.004152536392211914
0.007239818572998047
0.006181955337524414
0.005445003509521484
0.00528407096862793
0.005868434906005859
0.005887269973754883
0.004462003707885742
0.0041735172271728516
0.00611114501953125
0.006945371627807617
0.0063190460205078125
0.009351730346679688
0.00670623779296875
0.006810665130615234
0.005814552307128906
0.004950761795043945
0.00796198844909668
0.0061495304107666016
0.005251646041870117
0.0071299076080322266
0.0069732666015625
0.005669832229614258
0.008752584457397461
0.006586790084838867
0.004909992218017578
0.005761623382568359
0.005558490753173828
0.004775285720825195
0.004297494888305664
0.005777597427368164
0.008168935775756836
0.006886959075927734
0.006296634674072266
0.004962444305419922
0.00523686408996582
0.0057370662689208984
0.0066242218017578125
0.009411096572875977
0.003858804702758789
0.0066568851470947266
0.0068929195404052734
0.01043844223022461
0.00537109375
0.0038721561431884766
0.0042972564697265625
0.004836320877075195
0.0050776004791259766
0.0068514347076416016
0.003265380859375
0.005694150924682617
0.006398916244506836
0.004739522933959961
0.005683422088623047
0.0071353912353515625
0.0064640045166015625
0.005522012710571289
0.00473785400390625
0.005085945129394531
0.005450010299682617
0.00532841682434082
0.00850057601928711
0.0043792724609375
0.0044820308685302734
0.003257274627685547
0.008318662643432617
0.005994558334350586
0.0057010650634765625
0.006510019302368164
0.006125211715698242
0.007020473480224609
0.006193399429321289
0.005233049392700195
0.004786491394042969
0.005406856536865234
0.006948947906494141
0.004853487014770508
0.006703376770019531
0.0059814453125
0.0067861080169677734
0.0049779415130615234
0.006409645080566406
0.005040884017944336
0.005728244781494141
0.006295680999755859
0.008205175399780273
0.003091573715209961
0.00579524040222168
0.005669355392456055
0.00450587272644043
0.0067331790924072266
0.004415273666381836
0.004703044891357422
0.005455970764160156
0.006896495819091797
0.0031642913818359375
0.006289005279541016
0.00791478157043457
0.00394129753112793
0.005861043930053711
0.003551959991455078
0.005675315856933594
0.008695363998413086
0.00417780876159668
0.006406307220458984
0.005364656448364258
0.003989696502685547
0.004101753234863281
0.005194902420043945
0.005804538726806641
0.005966663360595703
0.005870819091796875
0.005393505096435547
0.006531715393066406
0.004850864410400391
0.006669521331787109
0.0046732425689697266
0.005215644836425781
0.0043506622314453125
0.006749629974365234
0.004434108734130859
0.006031990051269531
0.0056607723236083984
0.007094860076904297
0.0039691925048828125
0.004882097244262695
0.007363557815551758
0.004977703094482422
0.004668712615966797
0.004806995391845703
0.0058176517486572266
0.003371000289916992
0.006021022796630859
0.007608175277709961
0.005969047546386719
0.0047168731689453125
0.006123065948486328
0.006125450134277344
0.005220890045166016
0.005113363265991211
0.007267475128173828
0.0038743019104003906
0.006993293762207031
0.005127906799316406
0.006190299987792969
0.0036804676055908203
0.0063381195068359375
0.0038518905639648438
0.005776882171630859
0.004401445388793945
0.003837108612060547
0.005041837692260742
0.005280971527099609
0.004202604293823242
0.006916046142578125
0.005585193634033203
0.004149913787841797
0.006136178970336914
0.004482746124267578
0.004125833511352539
0.003057241439819336
0.004996776580810547
0.006806850433349609
0.003656148910522461
0.0039255619049072266
0.005642414093017578
0.0051190853118896484
0.0052187442779541016
0.00710606575012207
0.004868745803833008
0.006624460220336914
0.004776716232299805
0.00621342658996582
0.005627870559692383
0.004373311996459961
0.005909442901611328
0.004598855972290039
0.005100727081298828
0.006888866424560547
0.00470280647277832
0.004599094390869141
0.0061492919921875
0.005666255950927734
0.004182100296020508
0.0057256221771240234
0.004937648773193359
0.007031679153442383
0.006314754486083984
0.003926992416381836
0.0051116943359375
0.004721403121948242
0.005609035491943359
0.006301403045654297
0.005124092102050781
0.004370927810668945
0.003840208053588867
0.00481414794921875
0.00509190559387207
0.0038487911224365234
0.005437135696411133
0.0054204463958740234
0.005002498626708984
0.007330894470214844
0.005350589752197266
0.00471949577331543
0.004762172698974609
0.008673906326293945
0.0048334598541259766
0.005106925964355469
0.004128456115722656
0.005809307098388672
0.004625082015991211
0.003580808639526367
0.004377603530883789
0.00448918342590332
0.005717039108276367
0.004717111587524414
0.003831148147583008
0.0056285858154296875
0.0051038265228271484
0.005525112152099609
0.008152008056640625
0.004251956939697266
0.004206180572509766
0.00446319580078125
0.005707502365112305
0.0043010711669921875
0.00403141975402832
0.006194114685058594
0.00527191162109375
0.0035200119018554688
0.004056692123413086
0.005856990814208984
0.00529789924621582
0.005102634429931641
0.0034363269805908203
0.004969120025634766
0.005901813507080078
0.005566835403442383
0.005033016204833984
0.005032777786254883
0.0033528804779052734
0.005593299865722656
0.005207538604736328
0.004152536392211914
0.005277395248413086
0.004772663116455078
0.0033206939697265625
0.006095409393310547
0.006487369537353516
0.005024433135986328
0.005316019058227539
0.005585193634033203
0.0046765804290771484
0.004251718521118164
0.006279706954956055
0.003702402114868164
0.004385709762573242
0.005457878112792969
0.006395578384399414
0.004350185394287109
0.0049211978912353516
0.003538370132446289
0.0067937374114990234
0.0030825138092041016
0.0040721893310546875
0.005961418151855469
0.006714344024658203
0.0045626163482666016
0.005492448806762695
0.003516674041748047
0.00302886962890625
0.004305362701416016
0.0037381649017333984
0.004836559295654297
0.004692554473876953
0.004449129104614258
0.00391387939453125
0.004594326019287109
0.0045833587646484375
0.003176450729370117
0.005179166793823242
0.005639553070068359
0.003448009490966797
0.00595545768737793
0.007990598678588867
0.005822658538818359
0.008219003677368164
0.004869699478149414
0.003718137741088867
0.00640106201171875
0.003834247589111328
0.0052301883697509766
0.007783412933349609
0.003908872604370117
0.0046727657318115234
0.006374835968017578
0.004329204559326172
0.0037679672241210938
0.004174232482910156
0.005416154861450195
0.005822181701660156
0.005140066146850586
0.005339145660400391
0.006527900695800781
0.004737138748168945
0.005591630935668945
0.003739595413208008
0.004168510437011719
0.004845857620239258
0.004728555679321289
0.0058939456939697266
0.006661415100097656
0.006651878356933594
0.005952358245849609
0.0069348812103271484
0.0033147335052490234
0.003976583480834961
0.005100727081298828
0.0044672489166259766
0.004091739654541016
0.004886150360107422
0.004117488861083984
0.0047762393951416016
0.0034492015838623047
0.004106283187866211
0.004402637481689453
0.003342151641845703
0.005133152008056641
0.004216194152832031
0.0038628578186035156
0.003789186477661133
0.006388187408447266
0.005831003189086914
0.004309177398681641
0.005929231643676758
0.0045316219329833984
0.0035333633422851562
0.005971431732177734
0.0044629573822021484
0.004274606704711914
0.005232810974121094
0.0052165985107421875
0.003490447998046875
0.0070345401763916016
0.004024028778076172
0.004782915115356445
0.00497889518737793
0.00495147705078125
0.0044019222259521484
0.006339311599731445
0.0033724308013916016
0.00644373893737793
0.0038461685180664062
0.004112958908081055
0.0041582584381103516
0.005578279495239258
0.004827976226806641
0.005376338958740234
0.003592252731323242
0.004660606384277344
0.005074977874755859
0.004111289978027344
0.006205081939697266
0.004984617233276367
0.004258155822753906
0.0032889842987060547
0.004184722900390625
0.004392862319946289
0.004849672317504883
0.005671024322509766
0.008443117141723633
0.0051686763763427734
0.004880189895629883
0.003987789154052734
0.0058100223541259766
0.0040836334228515625
0.0028371810913085938
0.003737926483154297
0.003969669342041016
0.00376129150390625
0.0048329830169677734
0.004140377044677734
0.0052947998046875
0.005877494812011719
0.0039424896240234375
0.004709720611572266
0.0060465335845947266
0.005393266677856445
0.0029866695404052734
0.0029816627502441406
0.006356239318847656
0.0067729949951171875
0.002817392349243164
0.004653215408325195
0.004380941390991211
0.005604982376098633
0.0043299198150634766
0.005734920501708984
0.0049343109130859375
0.004622459411621094
0.004527091979980469
0.0038967132568359375
0.005159616470336914
0.005566120147705078
0.003564596176147461
0.004820823669433594
0.0046694278717041016
0.003171205520629883
0.0043528079986572266
0.002969980239868164
0.0042078495025634766
0.005639076232910156
0.0038557052612304688
0.005519390106201172
0.004486083984375
0.004240274429321289
0.005702972412109375
0.005758762359619141
0.0045473575592041016
0.004190921783447266
0.004808187484741211
0.0065157413482666016
0.0037457942962646484
0.004584550857543945
0.0050046443939208984
0.005105257034301758
0.004827022552490234
0.004814624786376953
0.003743410110473633
0.006108522415161133
0.005601406097412109
0.003814697265625
0.002777576446533203
0.005934715270996094
0.0048367977142333984
0.00466156005859375
0.0031032562255859375
0.0037801265716552734
0.003764629364013672
0.00391077995300293
0.0054128170013427734
0.0034961700439453125
0.00504302978515625
0.00391697883605957
0.003217935562133789
0.003782987594604492
0.005753040313720703
0.004894256591796875
0.004960298538208008
0.005895853042602539
0.004014492034912109
0.006002902984619141
0.006047487258911133
0.0044977664947509766
0.004029035568237305
0.004076480865478516
0.003146648406982422
0.004663705825805664
0.008075475692749023
0.0046825408935546875
0.005158901214599609
0.004667520523071289
0.004992008209228516
0.004281044006347656
0.005135297775268555
0.004571199417114258
0.00404667854309082
0.0057659149169921875
0.0042476654052734375
0.004942417144775391
0.004117488861083984
0.006781339645385742
0.004291534423828125
0.004925966262817383
0.0054378509521484375
0.0033414363861083984
0.00500941276550293
0.0032203197479248047
0.003861665725708008
0.004725456237792969
0.005613565444946289
0.006288290023803711
0.0038661956787109375
0.0051271915435791016
0.003591775894165039
0.004773855209350586
0.003759145736694336
0.006527900695800781
0.003521442413330078
0.003879070281982422
0.004889965057373047
0.004460334777832031
0.003591775894165039
0.003872394561767578
0.003806591033935547
0.00593256950378418
0.0053904056549072266
0.005586385726928711
0.006006002426147461
0.004802227020263672
0.004046440124511719
0.0036013126373291016
0.0046918392181396484
0.006304740905761719
0.004756450653076172
0.0046007633209228516
0.0064847469329833984
0.0026252269744873047
0.004992246627807617
0.004125356674194336
0.005439281463623047
0.002841949462890625
0.003969907760620117
0.0038874149322509766
0.004503726959228516
0.003687143325805664
0.004578351974487305
0.004673957824707031
0.0044863224029541016
0.004048824310302734
0.005760908126831055
0.005825519561767578
0.004178285598754883
0.005250692367553711
0.0038754940032958984
0.0028443336486816406
0.003750324249267578
0.007688999176025391
0.003945112228393555
0.003917694091796875
0.004299163818359375
0.00533604621887207
0.004204988479614258
0.006073474884033203
0.004202127456665039
0.004158735275268555
0.0060083866119384766
0.004193544387817383
0.005208015441894531
0.004372119903564453
0.0038285255432128906
0.0044765472412109375
0.005690574645996094
0.0054128170013427734
0.0058057308197021484
0.0056879520416259766
0.0043451786041259766
0.003808259963989258
0.005837202072143555
0.004560947418212891
0.004044532775878906
0.0034804344177246094
0.003017425537109375
0.003382444381713867
0.004578113555908203
0.0042722225189208984
0.0030639171600341797
0.004178285598754883
0.007726907730102539
0.002960205078125
0.003907203674316406
0.0039823055267333984
0.0046234130859375
0.004773139953613281
0.00419926643371582
0.003259420394897461
0.0034186840057373047
0.002782583236694336
0.004204750061035156
0.004405021667480469
0.003019571304321289
0.005877256393432617
0.003366708755493164
0.0054738521575927734
0.003982067108154297
0.005456447601318359
0.004267692565917969
0.004572868347167969
0.0040585994720458984
0.003704547882080078
0.004524946212768555
0.005702972412109375
0.004038572311401367
0.004395008087158203
0.003828763961791992
0.005628108978271484
0.005969524383544922
0.0060825347900390625
0.005005836486816406
0.006664752960205078
0.0057048797607421875
0.004477739334106445
0.0050814151763916016
0.005690336227416992
0.003975868225097656
0.0036439895629882812
0.004225492477416992
0.0041255950927734375
0.0035059452056884766
0.0036673545837402344
0.006463289260864258
0.0043792724609375
0.005053520202636719
0.003519296646118164
0.004350185394287109
0.0048007965087890625
0.004098176956176758
0.005735874176025391
0.0056209564208984375
0.003930568695068359
0.0038576126098632812
0.006101369857788086
0.004500389099121094
0.004970073699951172
0.0032105445861816406
0.003615140914916992
0.004716157913208008
0.0043413639068603516
0.005278825759887695
0.002817869186401367
0.003628253936767578
0.006429433822631836
0.004018068313598633
0.004560947418212891
0.004555225372314453
0.0038280487060546875
0.005469322204589844
0.005113124847412109
0.0032265186309814453
0.004767179489135742
0.005112648010253906
0.0040895938873291016
0.004178524017333984
0.0038721561431884766
0.0050525665283203125
0.004788875579833984
0.0032324790954589844
0.004422664642333984
0.0032837390899658203
0.003916740417480469
0.0031523704528808594
0.007081747055053711
0.0050389766693115234
0.005713224411010742
0.006029844284057617
0.004761219024658203
0.005208253860473633
0.0038444995880126953
0.0032651424407958984
0.005295753479003906
0.005230426788330078
0.0059967041015625
0.004389047622680664
0.0041425228118896484
0.004609823226928711
0.004931926727294922
0.0044918060302734375
0.0036270618438720703
0.004229068756103516
0.005456447601318359
0.003870248794555664
0.004160642623901367
0.0055048465728759766
0.003709554672241211
0.003553628921508789
0.0040700435638427734
0.0027294158935546875
0.0037555694580078125
0.004698991775512695
0.0069653987884521484
0.004125118255615234
0.0035009384155273438
0.003617525100708008
0.003641366958618164
0.003743410110473633
0.0038568973541259766
0.00397038459777832
0.0036420822143554688
0.003757476806640625
0.004923343658447266
0.004350185394287109
0.0035219192504882812
0.004786968231201172
0.005066394805908203
0.004418849945068359
0.0025093555450439453
0.003931760787963867
0.00523686408996582
0.0032787322998046875
0.00490117073059082
0.0057446956634521484
0.004265546798706055
0.0029811859130859375
0.0037403106689453125
0.005539417266845703
0.0059661865234375
0.004940986633300781
0.007830619812011719
0.004152536392211914
0.0052411556243896484
0.004838466644287109
0.004411935806274414
0.004431962966918945
0.003683805465698242
0.0036699771881103516
0.0041615962982177734
0.005263805389404297
0.0053403377532958984
0.004220008850097656
0.005026578903198242
0.007035255432128906
0.0033140182495117188
0.004904985427856445
0.0037088394165039062
0.004305601119995117
0.005628108978271484
0.005243778228759766
0.0050122737884521484
0.0037043094635009766
0.004595041275024414
0.00523066520690918
0.004073381423950195
0.003824472427368164
0.002846240997314453
0.0041501522064208984
0.0046732425689697266
0.004778385162353516
0.0030586719512939453
0.004522562026977539
0.004873037338256836
0.003458738327026367
0.006316184997558594
0.004260063171386719
0.0042171478271484375
0.004603385925292969
0.004129886627197266
0.0056302547454833984
0.0046939849853515625
0.0033266544342041016
0.0036652088165283203
0.003427267074584961
0.0045316219329833984
0.005117654800415039
0.0042302608489990234
0.004411935806274414
0.0057413578033447266
0.004712581634521484
0.006056308746337891
0.004843711853027344
0.003275632858276367
0.006043910980224609
0.005335092544555664
0.002687692642211914
0.005990743637084961
0.004550457000732422
0.004786491394042969
0.005217075347900391
0.004749298095703125
0.004642486572265625
0.0035941600799560547
0.004593610763549805
0.004849672317504883
0.00461268424987793
0.003342866897583008
0.0037834644317626953
0.002999544143676758
0.0042154788970947266
0.0038394927978515625
0.0038764476776123047
0.003309488296508789
0.005457639694213867
0.004027128219604492
0.0064618587493896484
0.004843711853027344
0.0042095184326171875
0.004040956497192383
0.00308990478515625
0.0024514198303222656
0.005587100982666016
0.003810405731201172
0.004456996917724609
0.005026817321777344
0.004810810089111328
0.004711627960205078
0.004173994064331055
0.006522417068481445
0.003542661666870117
0.0056400299072265625
0.004498004913330078
0.0051043033599853516
0.0037412643432617188
0.007296562194824219
0.004513740539550781
0.0029189586639404297
0.003879070281982422
0.00456547737121582
0.003751993179321289
0.003838777542114258
0.0050776004791259766
0.003670215606689453
0.00341796875
0.003322124481201172
0.005158185958862305
0.003452777862548828
0.005722522735595703
0.005444765090942383
0.004063844680786133
0.003848552703857422
0.005109548568725586
0.005024433135986328
0.0050258636474609375
0.004975080490112305
0.0043909549713134766
0.0050966739654541016
0.003534555435180664
0.006768703460693359
0.00448918342590332
0.004896640777587891
0.006935596466064453
0.004564046859741211
0.0038378238677978516
0.005283355712890625
0.0035543441772460938
0.0037949085235595703
0.004506587982177734
0.002791881561279297
0.004228115081787109
0.00580596923828125
0.0030481815338134766
0.0033588409423828125
0.0045511722564697266
0.0038912296295166016
0.0033550262451171875
0.004098176956176758
0.003868579864501953
0.0038886070251464844
0.003964424133300781
0.0039501190185546875
0.0059566497802734375
0.00481414794921875
0.0040590763092041016
0.0033407211303710938
0.004882097244262695
0.004551887512207031
0.004967689514160156
0.0045375823974609375
0.0038225650787353516
0.003233194351196289
0.0028219223022460938
0.004231452941894531
0.0059239864349365234
0.004328727722167969
0.004652500152587891
0.00507807731628418
0.0030105113983154297
0.00477910041809082
0.004354000091552734
0.005470991134643555
0.004624366760253906
0.003942966461181641
0.004447460174560547
0.004047393798828125
0.0032889842987060547
0.004719972610473633
0.004182577133178711
0.0033271312713623047
0.004689931869506836
0.00496983528137207
0.00791478157043457
0.004404783248901367
0.003760099411010742
0.005939960479736328
0.003107309341430664
0.00371551513671875
0.0044384002685546875
0.005081892013549805
0.004420280456542969
0.004983663558959961
0.0042552947998046875
0.0029637813568115234
0.006897926330566406
0.004002809524536133
0.0039031505584716797
0.004529476165771484
0.004540681838989258
0.004032135009765625
0.00437617301940918
0.0035364627838134766
0.005064249038696289
0.005648136138916016
0.0044901371002197266
0.003515005111694336
0.0034575462341308594
0.003852367401123047
0.004132747650146484
0.005400419235229492
0.005628347396850586
0.004136085510253906
0.004784584045410156
0.0039670467376708984
0.003311634063720703
0.005105018615722656
0.0047016143798828125
0.003796815872192383
0.0036487579345703125
0.004589557647705078
0.005867958068847656
0.006437063217163086
0.0041501522064208984
0.00449824333190918
0.004704475402832031
0.0047686100006103516
0.004119157791137695
0.005066633224487305
0.004648685455322266
0.004004478454589844
0.003695964813232422
0.0035300254821777344
0.004035472869873047
0.003184795379638672
0.004225492477416992
0.004002809524536133
0.004734992980957031
0.0032508373260498047
0.003960371017456055
0.002887248992919922
0.0038068294525146484
0.0031774044036865234
0.005108356475830078
0.003715991973876953
0.003934383392333984
0.004507303237915039
0.004649162292480469
0.007036924362182617
0.0037801265716552734
0.004173994064331055
0.0058667659759521484
0.006491184234619141
0.0037381649017333984
0.00424504280090332
0.005757331848144531
0.005055665969848633
0.004240512847900391
0.003039121627807617
0.0057735443115234375
0.004544973373413086
0.006224393844604492
0.005214214324951172
0.003670215606689453
0.006946563720703125
0.0038535594940185547
0.00341033935546875
0.005036592483520508
0.003899812698364258
0.0030167102813720703
0.004754543304443359
0.004489421844482422
0.004685878753662109
0.0029473304748535156
0.002945423126220703
0.0043642520904541016
0.004323244094848633
0.004804849624633789
0.0044498443603515625
0.0033731460571289062
0.005335807800292969
0.0026578903198242188
0.002972841262817383
0.004925966262817383
0.00478816032409668
0.004199504852294922
0.0068225860595703125
0.0032236576080322266
0.003457784652709961
0.003863096237182617
0.0047643184661865234
0.004456281661987305
0.004519939422607422
0.006173372268676758
0.004378318786621094
0.0031871795654296875
0.0026848316192626953
0.0048885345458984375
0.004359722137451172
0.004259824752807617
0.00404667854309082
0.0032994747161865234
0.005046367645263672
0.004271030426025391
0.006358623504638672
0.0040149688720703125
0.005429267883300781
0.003010988235473633
0.00519871711730957
0.005194425582885742
0.003330707550048828
0.0059244632720947266
0.004559993743896484
0.005307674407958984
0.004481077194213867
0.004176139831542969
0.00453948974609375
0.00448918342590332
0.004024505615234375
0.004819631576538086
0.003751993179321289
0.0038962364196777344
0.004935503005981445
0.0037970542907714844
0.006095170974731445
0.005578279495239258
0.005646944046020508
0.00499272346496582
0.0025434494018554688
0.003453969955444336
0.0047533512115478516
0.005630970001220703
0.004559040069580078
0.0030298233032226562
0.004127979278564453
0.0029685497283935547
0.004045724868774414
0.003409862518310547
0.0030052661895751953
0.003805875778198242
0.00401759147644043
0.005278587341308594
0.0038514137268066406
0.004460573196411133
0.005359649658203125
0.004839181900024414
0.006318330764770508
0.0044100284576416016
0.003755807876586914
0.005105495452880859
0.003994464874267578
0.004133939743041992
0.004947185516357422
0.0059168338775634766
0.003322601318359375
0.0037078857421875
0.0040891170501708984
0.004850625991821289
0.003968954086303711
0.0050563812255859375
0.004613399505615234
0.0037682056427001953
0.00762176513671875
0.003427267074584961
0.004973888397216797
0.004038810729980469
0.0035810470581054688
0.003974437713623047
0.004813671112060547
0.003704071044921875
0.0032150745391845703
0.0038728713989257812
0.004046440124511719
0.003437042236328125
0.005036830902099609
0.0060122013092041016
0.0038292407989501953
0.003185749053955078
0.0070455074310302734
0.0036754608154296875
0.0039730072021484375
0.0038840770721435547
0.0040400028228759766
0.005848884582519531
0.0045928955078125
0.005011558532714844
0.004811286926269531
0.0035698413848876953
0.003970146179199219
0.004060268402099609
0.0032432079315185547
0.0044994354248046875
0.003993034362792969
0.003201723098754883
0.00507354736328125
0.004024028778076172
0.003937721252441406
0.003323078155517578
0.0053365230560302734
0.003497600555419922
0.0022754669189453125
0.005434513092041016
0.003958702087402344
0.0037708282470703125
0.003583192825317383
0.004476070404052734
0.003145933151245117
0.0030019283294677734
0.005308628082275391
0.004128217697143555
0.004225969314575195
0.006441831588745117
0.00483393669128418
0.006570100784301758
0.003146648406982422
0.004309415817260742
0.005340099334716797
0.003823518753051758
0.0047266483306884766
0.002746105194091797
0.008544206619262695
0.004118442535400391
0.006381511688232422
0.005368709564208984
0.003984928131103516
0.006180524826049805
0.004454612731933594
0.004361391067504883
0.00390934944152832
0.006762981414794922
0.003869295120239258
0.004167318344116211
0.004474163055419922
0.004635810852050781
0.0036242008209228516
0.003782033920288086
0.004117012023925781
0.004482269287109375
0.004183292388916016
0.004864692687988281
0.006299734115600586
0.004084587097167969
0.003631591796875
0.003780364990234375
0.0038611888885498047
0.003149747848510742
0.0036144256591796875
0.005354166030883789
0.0037877559661865234
0.004082918167114258
0.005918264389038086
0.0034835338592529297
0.004664421081542969
0.005814075469970703
0.0037314891815185547
0.004320859909057617
0.0033173561096191406
0.005593061447143555
