326.0429844856262
325.8706500530243
325.5690071582794
325.0077178478241
325.28381085395813
324.8890583515167
324.506667137146
324.5923490524292
324.6968653202057
324.39866399765015
324.050541639328
324.0355124473572
324.0486090183258
323.4653551578522
323.527706861496
323.45560574531555
323.1170244216919
323.3736023902893
323.11864733695984
322.68579745292664
322.35841965675354
322.33837938308716
322.0166220664978
321.19216895103455
321.4912679195404
320.611389875412
320.514582157135
319.4408049583435
319.2235369682312
318.98635840415955
318.23435950279236
318.2439064979553
317.52083134651184
317.3155679702759
317.5270297527313
316.7848184108734
317.38854026794434
315.64971685409546
314.15952825546265
313.5984447002411
313.1587493419647
310.3410019874573
308.04633712768555
302.3496108055115
293.37915802001953
282.67167711257935
280.59861183166504
270.69244599342346
269.1453628540039
261.86117911338806
250.32383179664612
238.17859888076782
231.64861965179443
218.61923897266388
217.56703293323517
206.53211653232574
198.2373532652855
194.27174258232117
198.80849480628967
181.62073385715485
181.3289209008217
173.4817305803299
168.62959164381027
159.18625384569168
156.88121956586838
153.94220179319382
146.55851811170578
140.466406583786
135.73603755235672
141.6318499147892
121.18221682310104
127.2697040438652
122.22666215896606
114.1305016875267
111.08370876312256
112.28095605969429
109.49061533808708
106.76476347446442
94.70348995923996
92.12089517712593
97.46180513501167
90.65333807468414
88.47420516610146
85.19351464509964
82.59685552120209
76.94442626833916
74.71173638105392
75.7604838013649
73.29868796467781
63.77370488643646
68.22277635335922
65.18557053804398
61.179523438215256
58.856887459754944
52.64875230193138
54.89966011047363
54.56287956237793
50.31608247756958
49.68042171001434
50.814605474472046
45.610692888498306
48.75514155626297
38.63174021244049
38.80908587574959
36.53842133283615
34.57900369167328
29.768613636493683
30.006669878959656
34.838191628456116
31.614172339439392
27.59867399930954
26.601757168769836
24.21994999051094
33.049643993377686
29.956240236759186
25.724435806274414
19.50107491016388
24.42871505022049
25.15307641029358
24.447050511837006
21.052474200725555
22.349581480026245
21.492859840393066
21.809742033481598
15.268485248088837
18.879640758037567
19.03357446193695
14.951512932777405
15.927697658538818
26.37787526845932
16.923272967338562
15.039105355739594
17.47388032078743
25.47917601466179
16.59194579720497
11.307791352272034
9.717028558254242
8.753379344940186
5.6488116979599
11.688412249088287
20.084031641483307
6.481955170631409
6.120802581310272
6.720312744379044
14.858502089977264
11.995401799678802
8.669523179531097
10.013141185045242
4.783759832382202
11.7923583984375
5.521690905094147
7.192564249038696
6.1283294558525085
3.839621365070343
11.99112993478775
13.563923120498657
9.415240168571472
7.674444913864136
2.710228681564331
3.34028160572052
5.430292248725891
2.997023105621338
4.919367790222168
7.445252299308777
3.731655240058899
6.099031209945679
2.686248779296875
2.7798855304718018
2.141558527946472
6.464391052722931
5.651867747306824
1.2449501752853394
1.5306976437568665
1.617029845714569
0.6375149488449097
0.43641114234924316
0.6138921976089478
0.6978484392166138
0.28267884254455566
0.7843054533004761
1.0191770792007446
0.46210283041000366
0.6466203927993774
0.39811205863952637
0.23433160781860352
0.2975151538848877
0.30315667390823364
0.3075709342956543
0.4536113739013672
0.2365705966949463
0.30704545974731445
0.15572786331176758
0.20590639114379883
0.2095702886581421
0.1597917079925537
0.1420576572418213
0.1100161075592041
0.17748618125915527
0.19809234142303467
0.17585957050323486
2.3364042043685913
2.1145284175872803
0.4386552572250366
0.20256483554840088
0.19702422618865967
0.2043445110321045
0.1828606128692627
0.27677392959594727
0.13154053688049316
0.1386585235595703
0.13909506797790527
0.15298128128051758
0.15081369876861572
0.18130230903625488
0.16051411628723145
0.31509196758270264
0.1473292112350464
0.15451502799987793
0.1932632327079773
0.16816425323486328
0.13918185234069824
0.10230648517608643
0.10265016555786133
0.1073678731918335
0.0904616117477417
0.11230993270874023
0.09410977363586426
0.07789885997772217
0.10436511039733887
0.12372851371765137
0.10565781593322754
0.1116797924041748
0.10527586936950684
0.09202635288238525
0.07324683666229248
0.08620095252990723
0.07788848876953125
0.05955660343170166
0.07615375518798828
0.07205533981323242
0.08985626697540283
0.13016629219055176
0.11340153217315674
0.0778200626373291
0.0709003210067749
0.07593250274658203
0.06799602508544922
2.321688175201416
0.12317895889282227
0.11420702934265137
0.14038681983947754
0.10540246963500977
0.09721076488494873
0.08518671989440918
0.07172989845275879
0.06430888175964355
0.05463600158691406
0.07593393325805664
0.10097432136535645
0.07297110557556152
0.0832669734954834
0.07567799091339111
0.05807232856750488
0.06060981750488281
0.07636070251464844
0.0672755241394043
0.05549120903015137
0.06578350067138672
0.07547485828399658
0.06729912757873535
0.07454991340637207
0.045952558517456055
0.06168937683105469
0.04462242126464844
0.055304527282714844
0.0485227108001709
0.05304551124572754
0.07890868186950684
0.06194782257080078
0.04043221473693848
0.05004239082336426
0.07231509685516357
0.06340742111206055
0.05480337142944336
0.04655814170837402
0.07958650588989258
0.05219841003417969
0.0616452693939209
0.0436629056930542
0.04748725891113281
0.05364656448364258
0.04439830780029297
0.04954981803894043
0.04072380065917969
0.05897855758666992
0.0522308349609375
0.04878425598144531
0.04231834411621094
0.04641985893249512
0.09396743774414062
0.04442858695983887
0.04111313819885254
0.04754817485809326
0.048787713050842285
0.034664154052734375
0.06332159042358398
0.0448908805847168
0.04546189308166504
0.04517483711242676
0.0385279655456543
0.03986406326293945
0.040717363357543945
0.04340076446533203
0.04165792465209961
0.05525946617126465
0.03443408012390137
0.044286251068115234
0.0500490665435791
0.03713512420654297
0.042322635650634766
0.03646278381347656
0.033807992935180664
0.03969693183898926
0.03740715980529785
0.030217647552490234
0.03824806213378906
0.04630422592163086
0.044057488441467285
0.04452776908874512
0.04080843925476074
0.03771805763244629
0.03636980056762695
0.04029130935668945
0.0418170690536499
0.03960728645324707
0.045290231704711914
0.044200897216796875
0.49523448944091797
0.5598373413085938
0.10821390151977539
0.06162524223327637
0.09703540802001953
0.046974897384643555
0.05159139633178711
0.042354583740234375
0.03098917007446289
0.045684099197387695
0.0452265739440918
0.044319868087768555
0.07645308971405029
0.03971552848815918
0.06086540222167969
0.043677330017089844
0.039191246032714844
0.03898811340332031
0.03680753707885742
0.038240909576416016
0.04709982872009277
0.040433645248413086
0.04807448387145996
0.035730600357055664
0.03293323516845703
0.04302096366882324
0.02871870994567871
0.0427706241607666
0.03641963005065918
0.04168295860290527
0.036736249923706055
0.03542160987854004
0.029618501663208008
0.04812979698181152
0.03930354118347168
0.03041672706604004
0.03455710411071777
0.025221824645996094
0.033133745193481445
0.03857254981994629
0.05134773254394531
0.04178905487060547
0.027595996856689453
0.03802180290222168
0.04285836219787598
0.0674905776977539
0.030185937881469727
0.030432701110839844
0.032645463943481445
0.032185912132263184
0.032447099685668945
0.031630516052246094
0.03075122833251953
0.03756070137023926
0.029406070709228516
0.0290219783782959
0.025452136993408203
0.03391838073730469
0.03664553165435791
0.039891719818115234
0.023851633071899414
0.0287325382232666
0.030505895614624023
0.029799699783325195
0.035035133361816406
0.03336310386657715
0.02555704116821289
0.03289222717285156
0.02541935443878174
0.026914238929748535
0.031429290771484375
0.021095991134643555
0.03128683567047119
0.025374650955200195
0.025299549102783203
0.02468085289001465
0.025507211685180664
0.03087472915649414
0.028586626052856445
0.0347743034362793
0.028908967971801758
0.03479659557342529
0.032015323638916016
0.025754213333129883
0.02546834945678711
0.022178173065185547
0.03774094581604004
0.03213238716125488
0.0311431884765625
0.037019968032836914
0.03067922592163086
0.06319475173950195
0.03377079963684082
0.02104783058166504
0.028656959533691406
0.025052547454833984
0.02799081802368164
0.0401003360748291
0.027952194213867188
0.02996683120727539
0.025234222412109375
0.02949070930480957
0.022594690322875977
0.03005218505859375
0.026948928833007812
0.030537843704223633
0.021519899368286133
0.028632402420043945
0.02661418914794922
0.025133609771728516
0.02851271629333496
0.031093358993530273
0.0277254581451416
0.02425074577331543
0.025670528411865234
0.0281527042388916
0.021079301834106445
0.019222736358642578
0.026182889938354492
0.03719806671142578
0.025601625442504883
0.02213883399963379
0.02339458465576172
0.027426958084106445
0.02597975730895996
0.03425717353820801
0.024315595626831055
0.028800010681152344
0.03145885467529297
0.02515566349029541
0.026769399642944336
0.02398204803466797
0.02542901039123535
0.029126882553100586
0.027409076690673828
0.016685962677001953
0.0236818790435791
0.021484375
0.02989935874938965
0.02080249786376953
0.022496938705444336
0.02480769157409668
0.02065277099609375
0.02818608283996582
0.025272369384765625
0.019834518432617188
0.028325319290161133
0.023729801177978516
0.024138212203979492
0.019208550453186035
0.02289438247680664
0.02024221420288086
0.02200305461883545
0.0231325626373291
0.027517318725585938
0.02610945701599121
0.021524906158447266
0.025698304176330566
0.03259682655334473
0.027648448944091797
0.027268409729003906
0.023520231246948242
0.026008129119873047
0.020521163940429688
0.03156256675720215
0.03141593933105469
0.024790525436401367
0.025165557861328125
0.02311539649963379
0.02290201187133789
0.01810455322265625
0.017788171768188477
0.024788379669189453
0.02218174934387207
0.02698993682861328
0.02257823944091797
0.0211489200592041
0.022630929946899414
0.028798341751098633
0.018826007843017578
0.017855167388916016
0.021049976348876953
0.03130793571472168
0.0224456787109375
0.0254819393157959
0.023197531700134277
0.026917695999145508
0.022822141647338867
0.0214841365814209
0.03570055961608887
0.025066137313842773
0.0204010009765625
0.02531266212463379
0.02589249610900879
0.016376018524169922
0.020571231842041016
0.021112680435180664
0.0159914493560791
0.02506256103515625
0.021152257919311523
0.022827863693237305
0.017961978912353516
0.022431612014770508
0.018716096878051758
0.020326614379882812
0.023990988731384277
0.023859024047851562
0.021825075149536133
0.03329324722290039
0.022223949432373047
0.018889188766479492
0.022375106811523438
0.014174461364746094
0.019767284393310547
0.013437986373901367
0.02155303955078125
0.02740645408630371
0.020947933197021484
0.02379465103149414
0.02278304100036621
0.02285468578338623
0.02457284927368164
0.016733884811401367
0.027734994888305664
0.020210981369018555
0.02350449562072754
0.01737380027770996
0.024055957794189453
0.022249698638916016
0.021900415420532227
0.018647193908691406
0.029474496841430664
0.019646286964416504
0.028157711029052734
0.01813483238220215
0.017575979232788086
0.024395465850830078
0.020531892776489258
0.0194246768951416
0.016243457794189453
0.02081155776977539
0.023796796798706055
0.022076845169067383
0.025702714920043945
0.024214982986450195
0.015748023986816406
0.020211219787597656
0.017523646354675293
0.02126288414001465
0.026564836502075195
0.01831197738647461
0.024982213973999023
0.0224001407623291
0.018543004989624023
0.021683931350708008
0.01674938201904297
0.01966238021850586
0.020507097244262695
0.018475770950317383
0.022261619567871094
0.032073259353637695
0.023864030838012695
0.018575310707092285
0.015668153762817383
0.01647210121154785
0.01883840560913086
0.0169064998626709
0.017980575561523438
0.01880502700805664
0.026865243911743164
0.022675752639770508
0.016686201095581055
0.020137548446655273
0.020561695098876953
0.02060079574584961
0.026447296142578125
0.020258665084838867
0.01749420166015625
0.01706719398498535
0.0175248384475708
0.02601480484008789
0.022083759307861328
0.016479969024658203
0.019707441329956055
0.01969742774963379
0.016256093978881836
0.018055438995361328
0.026057004928588867
0.020663738250732422
0.022110939025878906
0.014503121376037598
0.032189130783081055
0.021418333053588867
0.018426179885864258
0.02401900291442871
0.01939678192138672
0.017905235290527344
0.017539024353027344
0.02205204963684082
0.016199111938476562
0.027292728424072266
0.015759706497192383
0.016603708267211914
0.013905525207519531
0.021023273468017578
0.020732402801513672
0.014506340026855469
0.02080833911895752
0.015894174575805664
0.02190876007080078
0.01640629768371582
0.023773193359375
0.02227020263671875
0.012710332870483398
0.025853872299194336
0.015529394149780273
0.023767948150634766
0.01840519905090332
0.01695418357849121
0.01657271385192871
0.019021272659301758
0.018964052200317383
0.019852876663208008
0.017486095428466797
0.021744966506958008
0.020447492599487305
0.022229433059692383
0.02126336097717285
0.016939163208007812
0.02107691764831543
0.013448715209960938
0.02030348777770996
0.022132396697998047
0.017726659774780273
0.02409958839416504
0.02081930637359619
0.01745748519897461
0.01937389373779297
0.017825841903686523
0.018897056579589844
0.01887202262878418
0.01681375503540039
0.01621997356414795
0.01910114288330078
0.019188404083251953
0.017073392868041992
0.012958288192749023
0.0203934907913208
0.018475770950317383
0.013403177261352539
0.02400338649749756
0.01495814323425293
0.014604568481445312
0.01709890365600586
0.018625497817993164
0.018520116806030273
0.019866943359375
0.01720571517944336
0.02425229549407959
0.0210878849029541
0.019549131393432617
0.016370773315429688
0.015224695205688477
0.02090156078338623
0.018719911575317383
0.012954473495483398
0.019784927368164062
0.0209503173828125
0.024657726287841797
0.014347314834594727
0.020376920700073242
0.02649664878845215
0.013151168823242188
0.0247039794921875
0.01644611358642578
0.023836851119995117
0.018756389617919922
0.016115188598632812
0.021010637283325195
0.014054536819458008
0.016326189041137695
0.023013949394226074
0.01977550983428955
0.019603967666625977
0.016001462936401367
0.020787954330444336
0.01744866371154785
0.016365766525268555
0.01691460609436035
0.01797652244567871
0.018682479858398438
0.015367984771728516
0.0205533504486084
0.016553163528442383
0.01870894432067871
0.01896357536315918
0.021758079528808594
0.01947498321533203
0.019887685775756836
0.023390769958496094
0.022090911865234375
0.015415191650390625
0.01782238483428955
0.01729583740234375
0.017683744430541992
0.014821052551269531
0.022273778915405273
0.014889955520629883
0.01812577247619629
0.019006013870239258
0.014721870422363281
0.018792390823364258
0.018057823181152344
0.01768016815185547
0.01992511749267578
0.01601850986480713
0.013890266418457031
0.016894102096557617
0.01633143424987793
0.02119612693786621
0.023108243942260742
0.0221254825592041
0.016116857528686523
0.019528865814208984
0.024411439895629883
0.01855158805847168
0.0159299373626709
0.016132593154907227
0.014034271240234375
0.01676321029663086
0.01571369171142578
0.016108989715576172
0.021636962890625
0.01806640625
0.018512725830078125
0.017169713973999023
0.015143871307373047
0.017754793167114258
0.014325618743896484
0.021842241287231445
0.014307975769042969
0.01739358901977539
0.01623058319091797
0.021881580352783203
0.016798734664916992
0.018903255462646484
0.016945362091064453
0.01591324806213379
0.02254486083984375
0.01814126968383789
0.014024734497070312
0.01817774772644043
0.023452281951904297
0.019572734832763672
0.01716756820678711
0.014854907989501953
0.020467042922973633
0.019425153732299805
0.012733697891235352
0.013916492462158203
0.018068552017211914
0.017319679260253906
0.015280485153198242
0.01450037956237793
0.01647186279296875
0.017038583755493164
0.01842021942138672
0.02357959747314453
0.022131681442260742
0.02132272720336914
0.0184251070022583
0.018698692321777344
0.017013072967529297
0.017623424530029297
0.013181447982788086
0.015634536743164062
0.014707326889038086
0.015680551528930664
0.015964984893798828
0.01776742935180664
0.01295781135559082
0.017102718353271484
0.011727571487426758
0.02135944366455078
0.016852855682373047
0.02008342742919922
0.017734289169311523
0.018813610076904297
0.017842531204223633
0.014378786087036133
0.020418167114257812
0.01942896842956543
0.021941423416137695
0.012202978134155273
0.018021583557128906
0.01736593246459961
0.0170743465423584
0.016220569610595703
0.0195159912109375
0.018336772918701172
0.015223503112792969
0.01030278205871582
0.016757488250732422
0.01735067367553711
0.013678550720214844
0.0199815034866333
0.018210411071777344
0.019321441650390625
0.01907825469970703
0.0184476375579834
0.01853466033935547
0.015564680099487305
0.015270709991455078
0.014489173889160156
0.022251129150390625
0.01513361930847168
0.017063140869140625
0.018842458724975586
0.019946813583374023
0.017400026321411133
0.018024921417236328
0.018760204315185547
0.016006112098693848
0.016651630401611328
0.019376635551452637
0.016273975372314453
0.017880916595458984
0.01753687858581543
0.022579193115234375
0.013164520263671875
0.014496564865112305
0.01449441909790039
0.014826059341430664
0.015569925308227539
0.01851367950439453
0.019614696502685547
0.010429859161376953
0.01903975009918213
0.016951799392700195
0.016352176666259766
0.015008926391601562
0.015830039978027344
0.01767110824584961
0.016588211059570312
0.021314144134521484
0.012077569961547852
0.014909505844116211
0.015318870544433594
0.015627622604370117
0.012456417083740234
0.021887540817260742
0.0187685489654541
0.018130779266357422
0.012749075889587402
0.01798725128173828
0.012857437133789062
0.017895221710205078
0.015807390213012695
0.020616769790649414
0.017797231674194336
0.01888728141784668
0.014659881591796875
0.016737937927246094
0.015573978424072266
0.018903493881225586
0.014075517654418945
0.017670869827270508
0.02000594139099121
0.018785715103149414
0.017704486846923828
0.017172813415527344
0.019459962844848633
0.013359308242797852
0.016080617904663086
0.017394304275512695
0.01649916172027588
0.01211404800415039
0.015129804611206055
0.01878046989440918
0.016452312469482422
0.013653755187988281
0.020807743072509766
0.01571059226989746
0.02150583267211914
0.015889883041381836
0.02036762237548828
0.02216649055480957
0.017960309982299805
0.016961097717285156
0.01501011848449707
0.016713857650756836
0.015819072723388672
0.012739181518554688
0.0171968936920166
0.01518702507019043
0.015692472457885742
0.013258934020996094
0.017148733139038086
0.016338348388671875
0.012908458709716797
0.011594057083129883
0.014241218566894531
0.016829729080200195
0.017571687698364258
0.01719212532043457
0.02042245864868164
0.019373416900634766
0.01685190200805664
0.017389655113220215
0.016744375228881836
0.011362075805664062
0.016423463821411133
0.014539957046508789
0.013560056686401367
0.01720893383026123
0.01940608024597168
0.016606569290161133
0.019536972045898438
0.019992828369140625
0.017676115036010742
0.017303466796875
0.015547752380371094
0.017906904220581055
0.012679338455200195
0.015709877014160156
0.019271373748779297
0.01495051383972168
0.01677680015563965
0.019683361053466797
0.02001357078552246
0.01810288429260254
0.01815950870513916
0.012643098831176758
0.01653146743774414
0.01472020149230957
0.017089366912841797
0.01275491714477539
0.015311002731323242
0.014626502990722656
0.018750667572021484
0.02040386199951172
0.016404151916503906
0.013290882110595703
0.012664079666137695
0.014448165893554688
0.015588521957397461
0.012887001037597656
0.01579880714416504
0.01378941535949707
0.015051841735839844
0.018872499465942383
0.01964426040649414
0.014922380447387695
0.014137506484985352
0.01667952537536621
0.015610575675964355
0.02349543571472168
0.015194892883300781
0.01962137222290039
0.014266490936279297
0.014563560485839844
0.015509605407714844
0.018706798553466797
0.014984369277954102
0.017270803451538086
0.017865896224975586
0.014141082763671875
0.013847827911376953
0.01225733757019043
0.01681971549987793
0.013184547424316406
0.017336368560791016
0.017852306365966797
0.016709566116333008
0.01469111442565918
0.013026714324951172
0.019689559936523438
0.014134407043457031
0.016160249710083008
0.018891096115112305
0.013666391372680664
0.013526439666748047
0.017703533172607422
0.012916803359985352
0.013612031936645508
0.016715288162231445
0.01931595802307129
0.014208793640136719
0.011218070983886719
0.015613317489624023
0.016824722290039062
0.016567468643188477
0.015695571899414062
0.012436389923095703
0.02045130729675293
0.014614105224609375
0.014756560325622559
0.020050525665283203
0.015869140625
0.01680731773376465
0.016495227813720703
0.015111207962036133
0.01446831226348877
0.02026677131652832
0.014560461044311523
0.018289566040039062
0.014747858047485352
0.01496434211730957
0.01563858985900879
0.01497507095336914
0.012405157089233398
0.017900943756103516
0.014876604080200195
0.017783641815185547
0.016254901885986328
0.020810365676879883
0.019286394119262695
0.013775825500488281
0.017601490020751953
0.014833688735961914
0.012184500694274902
0.014145612716674805
0.016461849212646484
0.015425920486450195
0.020819664001464844
0.015159845352172852
0.013386011123657227
0.017318248748779297
0.016109943389892578
0.01621866226196289
0.013953924179077148
0.021886825561523438
0.018135786056518555
0.016185283660888672
0.01721024513244629
0.020324349403381348
0.014059782028198242
0.02030348777770996
0.015317440032958984
0.013857841491699219
0.013150453567504883
0.016846895217895508
0.015492439270019531
0.014036893844604492
0.01788783073425293
0.014261722564697266
0.010983705520629883
0.013904571533203125
0.013043403625488281
0.019185543060302734
0.018625974655151367
0.012901544570922852
0.017426252365112305
0.019229412078857422
0.016011953353881836
0.012027263641357422
0.013197898864746094
0.012830018997192383
0.016864776611328125
0.015215396881103516
0.015356302261352539
0.017508983612060547
0.015201330184936523
0.015811920166015625
0.018149375915527344
0.014132261276245117
0.015329360961914062
0.016276836395263672
0.015834808349609375
0.015053272247314453
0.016592025756835938
0.013033151626586914
0.01527547836303711
0.014620304107666016
0.015082120895385742
0.015505075454711914
0.018332719802856445
0.018510103225708008
0.013405561447143555
0.01757669448852539
0.016158103942871094
0.017598628997802734
0.015720367431640625
0.018297910690307617
0.017725706100463867
0.012838125228881836
0.014299869537353516
0.014874815940856934
0.019383668899536133
0.012624979019165039
0.012445211410522461
0.013543367385864258
0.012719154357910156
0.014489889144897461
0.015364646911621094
0.017580866813659668
0.018979787826538086
0.012761592864990234
0.01933002471923828
0.012192249298095703
0.015097379684448242
0.019554853439331055
0.013327360153198242
0.018727540969848633
0.016441822052001953
0.015357017517089844
0.01424860954284668
0.019198894500732422
0.019098997116088867
0.013191699981689453
0.014100313186645508
0.021506786346435547
0.01652240753173828
0.013452768325805664
0.02111339569091797
0.01536107063293457
0.015264153480529785
0.014865636825561523
0.015125274658203125
0.015346884727478027
0.018013715744018555
0.021055221557617188
0.014072895050048828
0.013719558715820312
0.016764402389526367
0.01669597625732422
0.021488428115844727
0.01231837272644043
0.012942075729370117
0.01747441291809082
0.014537572860717773
0.01780843734741211
0.021707773208618164
0.013877153396606445
0.015694618225097656
0.01762223243713379
0.013410091400146484
0.014593839645385742
0.017539501190185547
0.01224660873413086
0.015206575393676758
0.014678001403808594
0.015512943267822266
0.015547752380371094
0.015682458877563477
0.012010574340820312
0.015018224716186523
0.014777660369873047
0.015295267105102539
0.0174710750579834
0.013728618621826172
0.009902000427246094
0.020493030548095703
0.013036727905273438
0.016754150390625
0.01703667640686035
0.01432943344116211
0.018247127532958984
0.016584038734436035
0.013710737228393555
0.017790555953979492
0.011559724807739258
0.012891769409179688
0.018769502639770508
0.015197992324829102
0.018164873123168945
0.015885114669799805
0.011453866958618164
0.013405084609985352
0.016140460968017578
0.015368938446044922
0.016367197036743164
0.014522314071655273
0.011303186416625977
0.01832127571105957
0.018395423889160156
0.016414403915405273
0.013280391693115234
0.018848896026611328
0.014992475509643555
0.020083189010620117
0.014706134796142578
0.017601966857910156
0.016005277633666992
0.013592720031738281
0.012914657592773438
0.017125368118286133
0.014307260513305664
0.016223430633544922
0.016566753387451172
0.016119956970214844
0.01353144645690918
0.013648271560668945
0.015574336051940918
0.012849569320678711
0.016330718994140625
0.015761852264404297
0.01715874671936035
0.011868476867675781
0.014429092407226562
0.01092839241027832
0.015611410140991211
0.015083789825439453
0.014846563339233398
0.02094888687133789
0.013631343841552734
0.017072439193725586
0.016123294830322266
0.015213489532470703
0.01687169075012207
0.018976926803588867
0.013480186462402344
0.01735830307006836
0.013030290603637695
0.016599416732788086
0.01935267448425293
0.012714147567749023
0.016927480697631836
0.018100976943969727
0.015126228332519531
0.014733076095581055
0.011916637420654297
0.01556396484375
0.014816761016845703
0.012967348098754883
0.013684511184692383
0.019425630569458008
0.02096247673034668
0.01234889030456543
0.0174257755279541
0.01741623878479004
0.012091875076293945
0.01279759407043457
0.014757156372070312
0.015540361404418945
0.015569925308227539
0.01829361915588379
0.01812148094177246
0.01622915267944336
0.016545534133911133
0.0161740779876709
0.015597105026245117
0.012276887893676758
0.015708446502685547
0.015495538711547852
0.011897563934326172
0.017629146575927734
0.014265298843383789
0.016116976737976074
0.017887115478515625
0.013535737991333008
0.02173781394958496
0.013169527053833008
0.014770865440368652
0.0159146785736084
0.014760255813598633
0.012717723846435547
0.012286901473999023
0.014317750930786133
0.016751766204833984
0.017304420471191406
0.02006542682647705
0.013052701950073242
0.012626171112060547
0.014220237731933594
0.013302326202392578
0.017174959182739258
0.014197349548339844
0.01843547821044922
0.012887239456176758
0.018285751342773438
0.01804494857788086
0.010524988174438477
0.01726663112640381
0.016344785690307617
0.01949930191040039
0.01867055892944336
0.012067079544067383
0.015453577041625977
0.01564764976501465
0.012577533721923828
0.016087770462036133
0.015772342681884766
0.012024402618408203
0.017321109771728516
0.016004323959350586
0.014692306518554688
0.019772768020629883
0.013332843780517578
0.015958786010742188
0.015690326690673828
0.017297029495239258
0.012880802154541016
0.02261495590209961
0.014004707336425781
0.013132810592651367
0.015132904052734375
0.017875313758850098
0.014296293258666992
0.012758970260620117
0.019181489944458008
0.01593780517578125
0.019356250762939453
0.015804767608642578
0.013433456420898438
0.013608455657958984
0.014088869094848633
0.014944076538085938
0.012747526168823242
0.016644001007080078
0.018029451370239258
0.016368627548217773
0.01594090461730957
0.018700122833251953
0.012452125549316406
0.014499902725219727
0.012451171875
0.014540672302246094
0.014130115509033203
0.018572568893432617
0.014646530151367188
0.012959957122802734
0.012555122375488281
0.015914201736450195
0.01765584945678711
0.015523672103881836
0.016864538192749023
0.014244318008422852
0.015639305114746094
0.014456033706665039
0.016855239868164062
0.015116214752197266
0.01801443099975586
0.015101194381713867
0.012978315353393555
0.015347719192504883
0.01753544807434082
0.012214899063110352
0.012720823287963867
0.01753401756286621
0.016527652740478516
0.012799263000488281
0.014993429183959961
0.018657922744750977
0.012613296508789062
0.013528823852539062
0.014353275299072266
0.016315221786499023
0.01789402961730957
0.01651597023010254
0.014756202697753906
0.018874168395996094
0.012058496475219727
0.01293027400970459
0.015799999237060547
0.015491485595703125
0.013425111770629883
0.012538790702819824
0.01212620735168457
0.012892007827758789
0.02191162109375
0.015884876251220703
0.01685929298400879
0.012527704238891602
0.016617298126220703
0.013851642608642578
0.01320028305053711
0.011702775955200195
0.01595020294189453
0.019850969314575195
0.014528989791870117
0.013450860977172852
0.014575719833374023
0.012914657592773438
0.020500659942626953
0.02001166343688965
0.014724969863891602
0.013855457305908203
0.011820793151855469
0.016118526458740234
0.012717723846435547
0.017794132232666016
0.01225590705871582
0.013377666473388672
0.018923521041870117
0.016260862350463867
0.016019821166992188
0.016496896743774414
0.015439271926879883
0.0159454345703125
0.018326997756958008
0.018712520599365234
0.014029741287231445
0.012380361557006836
0.017011165618896484
0.016494274139404297
0.012087821960449219
0.01496744155883789
0.012699365615844727
0.017516613006591797
0.011515617370605469
0.012234210968017578
0.0167081356048584
0.016114473342895508
0.013702869415283203
0.019219636917114258
0.016551733016967773
0.016730546951293945
0.013509035110473633
0.012963533401489258
0.01637125015258789
0.016738176345825195
0.017693758010864258
0.01792609691619873
0.014689445495605469
0.01476907730102539
0.01721477508544922
0.01378011703491211
0.01350259780883789
0.014231681823730469
0.015562772750854492
0.014210224151611328
0.01516103744506836
0.013992547988891602
0.01938951015472412
0.014177560806274414
0.016646862030029297
0.013773918151855469
0.012903213500976562
0.016782641410827637
0.015958786010742188
0.014976263046264648
0.010734796524047852
0.012862682342529297
0.012434244155883789
0.018735408782958984
0.014254331588745117
0.016305923461914062
0.017914295196533203
0.01187896728515625
0.011919736862182617
0.01503753662109375
0.015746116638183594
0.01868605613708496
0.015255451202392578
0.013222932815551758
0.021977663040161133
0.015348196029663086
0.01449894905090332
0.01574254035949707
0.01723790168762207
0.01660323143005371
0.01201772689819336
0.01800358295440674
0.014676094055175781
0.011549234390258789
0.01819133758544922
0.014481067657470703
0.017252683639526367
0.02050471305847168
0.017183303833007812
0.014032363891601562
0.01423788070678711
0.014820575714111328
0.018616676330566406
0.013641834259033203
0.013042926788330078
0.018029212951660156
0.017818927764892578
0.019945621490478516
0.015169382095336914
0.013279914855957031
0.015228271484375
0.013153791427612305
0.014812469482421875
0.013060808181762695
0.017032146453857422
0.013170480728149414
0.011443376541137695
0.016379356384277344
0.01286172866821289
0.018357038497924805
0.01243448257446289
0.01295161247253418
0.018150806427001953
0.015368223190307617
0.01292121410369873
0.01133418083190918
0.015043497085571289
0.013027191162109375
0.014753580093383789
0.0185697078704834
0.01681530475616455
0.01645207405090332
0.01338338851928711
0.015758752822875977
0.014430522918701172
0.012761831283569336
0.018166065216064453
0.015342473983764648
0.012859582901000977
0.01751995086669922
0.015836000442504883
0.01302027702331543
0.012133121490478516
0.01862192153930664
0.014761686325073242
0.012498855590820312
0.012965917587280273
0.017797470092773438
0.015843868255615234
0.020764827728271484
0.011745929718017578
0.015115022659301758
0.01662003993988037
0.011646509170532227
0.014775276184082031
0.016067981719970703
0.017253398895263672
0.01376962661743164
0.015346527099609375
0.019342899322509766
0.013563156127929688
0.012617111206054688
0.01501321792602539
0.019515275955200195
0.01600050926208496
0.0126800537109375
0.013195991516113281
0.014588594436645508
0.013367891311645508
0.011680364608764648
0.019227266311645508
0.015526533126831055
0.01644611358642578
0.012282133102416992
0.019266366958618164
0.017032504081726074
0.012668609619140625
0.013749122619628906
0.017821550369262695
0.021605730056762695
0.019012451171875
0.01600480079650879
0.017367839813232422
0.012452125549316406
0.014916658401489258
0.015069246292114258
0.014080286026000977
0.015421152114868164
0.016377925872802734
0.012023687362670898
0.012725353240966797
0.012801647186279297
0.01563739776611328
0.017070531845092773
0.017206192016601562
0.013931035995483398
0.015269279479980469
0.014412164688110352
0.014944791793823242
0.01806819438934326
0.013726949691772461
0.014981985092163086
0.013327479362487793
0.01446986198425293
0.01870560646057129
0.012882232666015625
0.017184019088745117
0.012916803359985352
0.013472557067871094
0.013216733932495117
0.012586116790771484
0.0206754207611084
0.01675558090209961
0.016107559204101562
0.012650728225708008
0.013524055480957031
0.019988059997558594
0.01344752311706543
0.013975024223327637
0.014503955841064453
0.01402425765991211
0.014923572540283203
0.014293432235717773
0.020556926727294922
0.014976024627685547
0.015342235565185547
0.016021728515625
0.014310836791992188
0.017801523208618164
0.01292276382446289
0.013978242874145508
0.016437768936157227
0.015755891799926758
0.014715909957885742
0.014645099639892578
0.013512134552001953
0.01431417465209961
0.015643835067749023
0.015054702758789062
0.012584447860717773
0.015939950942993164
0.02309250831604004
0.016010522842407227
0.01622176170349121
0.020769476890563965
0.015190839767456055
0.013660669326782227
0.013406515121459961
0.018143892288208008
0.015705347061157227
0.019783496856689453
0.015058517456054688
0.01473236083984375
0.013843297958374023
0.02166604995727539
0.013270258903503418
0.013280153274536133
0.012550592422485352
0.015628337860107422
0.014596223831176758
0.012631654739379883
0.0131683349609375
0.013464689254760742
0.013505220413208008
0.014498472213745117
0.013272285461425781
0.012935161590576172
0.02196645736694336
0.012652397155761719
0.017123937606811523
0.013512372970581055
0.020113468170166016
0.014044046401977539
0.015967130661010742
0.01382899284362793
0.012441635131835938
0.016499042510986328
0.02043628692626953
0.014861822128295898
0.010408520698547363
0.010958671569824219
0.01293492317199707
0.013073921203613281
0.01605844497680664
0.01671004295349121
0.01847362518310547
0.015293121337890625
0.011806488037109375
0.018767356872558594
0.013929605484008789
0.01574230194091797
0.018633127212524414
0.014478445053100586
0.012148857116699219
0.016315221786499023
0.013003110885620117
0.016238927841186523
0.017140865325927734
0.010898828506469727
0.016171932220458984
0.014402389526367188
