325.00631284713745
323.29335379600525
322.9385826587677
321.4317512512207
321.19804644584656
319.82201313972473
319.4287233352661
319.4177086353302
318.96139693260193
319.2848722934723
318.5423412322998
319.0479316711426
317.7575886249542
317.3757178783417
314.0486092567444
294.6396632194519
273.72177624702454
251.1078372001648
230.31886291503906
196.64348697662354
174.76285111904144
156.24977779388428
137.26316010951996
108.60697939991951
102.2463960647583
89.47551673650742
67.08167397975922
64.94676902890205
55.92462337017059
44.612616926431656
42.9341234266758
35.96880438923836
35.13958755135536
31.120554596185684
19.02646005153656
11.23072463274002
17.585663974285126
13.378913640975952
13.961583197116852
22.333265602588654
8.98711508512497
20.414703905582428
8.740049958229065
12.307102739810944
9.420850574970245
6.005056798458099
5.985702574253082
7.168745219707489
5.360372066497803
1.5711445808410645
0.3721417188644409
0.19481158256530762
0.10541999340057373
0.10903215408325195
0.07016527652740479
0.05828452110290527
0.03769373893737793
0.026829123497009277
0.025752782821655273
0.0329822301864624
0.017989635467529297
0.029552221298217773
0.01342320442199707
0.015149712562561035
0.02285146713256836
0.0346606969833374
0.015609025955200195
0.01526939868927002
0.012362837791442871
0.009074807167053223
0.010658502578735352
0.010480165481567383
0.007969379425048828
0.00880897045135498
0.0072612762451171875
0.007547140121459961
0.006983757019042969
0.010420799255371094
0.007495999336242676
0.014934539794921875
0.007794857025146484
0.006559610366821289
0.008115768432617188
0.007410287857055664
0.007539868354797363
0.008140325546264648
0.009894847869873047
0.007831931114196777
0.006738781929016113
0.007574796676635742
0.0035037994384765625
0.0046215057373046875
0.00691533088684082
0.004839539527893066
0.005261063575744629
0.0060770511627197266
0.004410505294799805
0.006581783294677734
0.003787517547607422
0.0040509700775146484
0.00523686408996582
0.004599928855895996
0.0034546852111816406
0.004715681076049805
0.005410194396972656
0.0058460235595703125
0.0029358863830566406
0.0037384033203125
0.004688620567321777
0.0036575794219970703
0.0032711029052734375
0.003464937210083008
0.0054168701171875
0.0022704601287841797
0.003212451934814453
0.004212379455566406
0.0043981075286865234
0.002667665481567383
0.0039997100830078125
0.0052547454833984375
0.003827333450317383
0.004303932189941406
0.003301858901977539
0.003564596176147461
0.004529237747192383
0.003557920455932617
0.0024695396423339844
0.0031464099884033203
0.002985239028930664
0.003248453140258789
0.00254058837890625
0.003810882568359375
0.002651214599609375
0.003575563430786133
0.0019490718841552734
0.0026941299438476562
0.0024518966674804688
0.0028564929962158203
0.0027785301208496094
0.003517627716064453
0.0018541812896728516
0.0031006336212158203
0.0026695728302001953
0.0028617382049560547
0.0027942657470703125
0.0023114681243896484
0.002183675765991211
0.0038301944732666016
0.003912687301635742
0.0021178722381591797
0.002099275588989258
0.003248453140258789
0.0030198097229003906
0.002298593521118164
0.002551555633544922
0.0020999908447265625
0.001956939697265625
0.0027892589569091797
0.0013277530670166016
0.0018777847290039062
0.001766204833984375
0.0023317337036132812
0.0023059844970703125
0.002610445022583008
0.0028200149536132812
0.0026314258575439453
0.0019741058349609375
0.0025489330291748047
0.0026013851165771484
0.0033261775970458984
0.0025572776794433594
0.002334117889404297
0.0025789737701416016
0.0020689964294433594
0.0021681785583496094
0.0016870498657226562
0.001711130142211914
0.0016851425170898438
0.0023643970489501953
0.001752614974975586
0.001817464828491211
0.0023572444915771484
0.001979827880859375
0.0018198490142822266
0.002477407455444336
0.0014407634735107422
0.002723217010498047
0.002436399459838867
0.002155303955078125
0.0017240047454833984
0.0015845298767089844
0.001802682876586914
0.0026187896728515625
0.0020990371704101562
0.0017156600952148438
0.0012104511260986328
0.002298593521118164
0.0018720626831054688
0.0022389888763427734
0.001971006393432617
0.0009624958038330078
0.0016622543334960938
0.001310586929321289
0.0026319026947021484
0.0017120838165283203
0.0014195442199707031
0.0017039775848388672
0.0012941360473632812
0.0017986297607421875
0.002058744430541992
0.001399993896484375
0.0013475418090820312
0.001997709274291992
0.0016689300537109375
0.0012412071228027344
0.0020008087158203125
0.0015251636505126953
0.0009388923645019531
0.0012688636779785156
0.0018067359924316406
0.001804351806640625
0.002020597457885742
0.0014982223510742188
0.0015323162078857422
0.001668691635131836
0.0017752647399902344
0.0019474029541015625
0.0018625259399414062
0.0014357566833496094
0.0017206668853759766
0.0021407604217529297
0.0017769336700439453
0.0017361640930175781
0.0019266605377197266
0.0013551712036132812
0.0018510818481445312
0.002739429473876953
0.0012927055358886719
0.0015358924865722656
0.001186370849609375
0.001691579818725586
0.0013303756713867188
0.0012764930725097656
0.0018227100372314453
0.0015456676483154297
0.0014209747314453125
0.0015635490417480469
0.0018894672393798828
0.0014910697937011719
0.00152587890625
0.0016927719116210938
0.0011289119720458984
0.0015537738800048828
0.0013401508331298828
0.0011868476867675781
0.0012707710266113281
0.0012357234954833984
0.0013048648834228516
0.001943349838256836
0.00218963623046875
0.0017621517181396484
0.0015079975128173828
0.0010762214660644531
0.0014808177947998047
0.0014400482177734375
0.00148773193359375
0.0013155937194824219
0.001172780990600586
0.0013022422790527344
0.001142263412475586
0.0012826919555664062
0.0016744136810302734
0.0017671585083007812
0.0017740726470947266
0.0009210109710693359
0.001001119613647461
0.0014233589172363281
0.0010898113250732422
0.001562356948852539
0.00160980224609375
0.0013666152954101562
0.0010907649993896484
0.0007979869842529297
0.0014653205871582031
0.002025604248046875
0.0007083415985107422
0.0013041496276855469
0.0015194416046142578
0.0016913414001464844
0.0012867450714111328
0.0013096332550048828
0.0008957386016845703
0.0011234283447265625
0.0015766620635986328
0.0016965866088867188
0.0012011528015136719
0.0014615058898925781
0.0010044574737548828
0.0010199546813964844
0.001211404800415039
0.0015263557434082031
0.0010833740234375
0.0009260177612304688
0.0016448497772216797
0.0013849735260009766
0.0009715557098388672
0.0012438297271728516
0.0016689300537109375
0.0014221668243408203
0.0007395744323730469
0.0008482933044433594
0.0008933544158935547
0.0017046928405761719
0.0009627342224121094
0.0011301040649414062
0.0016124248504638672
0.001354217529296875
0.001222848892211914
0.0013849735260009766
0.0006382465362548828
0.0012233257293701172
0.0016391277313232422
0.0008895397186279297
0.0012099742889404297
0.0013206005096435547
0.001786947250366211
0.0008492469787597656
0.0012469291687011719
0.0008988380432128906
0.0016906261444091797
0.0013191699981689453
0.0010242462158203125
0.001173257827758789
0.001108407974243164
0.001055002212524414
0.0008912086486816406
0.0013127326965332031
0.0007030963897705078
0.0013566017150878906
0.0009303092956542969
0.0013606548309326172
0.0012047290802001953
0.0010178089141845703
0.000896453857421875
0.0009005069732666016
0.0012598037719726562
0.0015218257904052734
0.0008862018585205078
0.0010175704956054688
0.0011985301971435547
0.0013175010681152344
0.0009167194366455078
0.001066446304321289
0.0011372566223144531
0.0016186237335205078
0.0010209083557128906
0.0008597373962402344
0.0012331008911132812
0.0011224746704101562
0.0014536380767822266
0.0008931159973144531
0.0008976459503173828
0.0012667179107666016
0.001356363296508789
0.0007650852203369141
0.001312255859375
0.0010688304901123047
0.0010700225830078125
0.001123189926147461
0.0010864734649658203
0.0011301040649414062
0.0007140636444091797
0.0006856918334960938
0.0011980533599853516
0.0008180141448974609
0.0006949901580810547
0.000988006591796875
0.001285552978515625
0.0012264251708984375
0.0010821819305419922
0.0011262893676757812
0.0015192031860351562
0.0009629726409912109
0.0013797283172607422
0.0007069110870361328
0.001043081283569336
0.0009760856628417969
0.0008065700531005859
0.0009160041809082031
0.0010423660278320312
0.0010650157928466797
0.0007395744323730469
0.0009796619415283203
0.0013251304626464844
0.0010612010955810547
0.0012238025665283203
0.001615285873413086
0.0009162425994873047
0.0010232925415039062
0.0008077621459960938
0.0008993148803710938
0.0007960796356201172
0.0009884834289550781
0.0007207393646240234
0.001386880874633789
0.0012018680572509766
0.001123666763305664
0.0007832050323486328
0.0012440681457519531
0.000759124755859375
0.0008218288421630859
0.0007212162017822266
0.001333475112915039
0.0012764930725097656
0.0010576248168945312
0.0010890960693359375
0.0010559558868408203
0.0009517669677734375
0.0006735324859619141
0.0010063648223876953
0.0010030269622802734
0.0007734298706054688
0.0006651878356933594
0.0008203983306884766
0.0010938644409179688
0.0009748935699462891
0.0008697509765625
0.0012264251708984375
0.0009317398071289062
0.0006976127624511719
0.0010776519775390625
0.0010228157043457031
0.0010242462158203125
0.0013027191162109375
0.0009665489196777344
0.0009450912475585938
0.0005481243133544922
0.0005965232849121094
0.0010807514190673828
0.000990152359008789
0.0014643669128417969
0.0013544559478759766
0.0009429454803466797
0.0006456375122070312
0.0009071826934814453
0.000812530517578125
0.0013535022735595703
0.000978708267211914
0.0007870197296142578
0.0008461475372314453
0.0008490085601806641
0.0008656978607177734
0.0012619495391845703
0.0006387233734130859
0.000736236572265625
0.0006999969482421875
0.00075531005859375
0.0008563995361328125
0.0008382797241210938
0.0013175010681152344
0.0011174678802490234
0.000942230224609375
0.000545501708984375
0.0011501312255859375
0.0010955333709716797
0.0009295940399169922
0.0011620521545410156
0.0008785724639892578
0.0011267662048339844
0.001239776611328125
0.0007543563842773438
0.0007796287536621094
0.0010030269622802734
0.0008056163787841797
0.0009829998016357422
0.0012094974517822266
0.0008945465087890625
0.0009551048278808594
0.0005495548248291016
0.0007157325744628906
0.0005500316619873047
0.0012602806091308594
0.001016855239868164
0.0007183551788330078
0.0007431507110595703
0.0011401176452636719
0.0007605552673339844
0.0011029243469238281
0.0008237361907958984
0.0006542205810546875
0.0009171962738037109
0.0010666847229003906
0.0010638236999511719
0.0011706352233886719
0.0009655952453613281
0.0007817745208740234
0.0008146762847900391
0.0009036064147949219
0.0007424354553222656
0.0009829998016357422
0.0010776519775390625
0.0009582042694091797
0.0010395050048828125
0.0010836124420166016
0.0013034343719482422
0.0006968975067138672
0.0006701946258544922
0.0005617141723632812
0.0009453296661376953
0.0007426738739013672
0.0009922981262207031
0.0007171630859375
0.0008561611175537109
0.0010437965393066406
0.0011157989501953125
0.0009224414825439453
0.0007178783416748047
0.0012745857238769531
0.0010249614715576172
0.0007505416870117188
0.0008139610290527344
0.0005130767822265625
0.0012807846069335938
0.0012192726135253906
0.0010089874267578125
0.0006864070892333984
0.0008141994476318359
0.0012521743774414062
0.0009503364562988281
0.0008094310760498047
0.0006918907165527344
0.0009641647338867188
0.0005512237548828125
0.0008716583251953125
0.0006268024444580078
0.0008733272552490234
0.000476837158203125
0.0005152225494384766
0.0006442070007324219
0.0007054805755615234
0.0007388591766357422
0.0010974407196044922
0.0008780956268310547
0.0010976791381835938
0.0009586811065673828
0.0008192062377929688
0.0007226467132568359
0.0010042190551757812
0.0007886886596679688
0.0012617111206054688
0.001119375228881836
0.0005786418914794922
0.0007944107055664062
0.0008158683776855469
0.000682830810546875
0.0005080699920654297
0.0014042854309082031
0.0010411739349365234
0.001032114028930664
0.0004730224609375
0.0007789134979248047
0.0007531642913818359
0.0007238388061523438
0.0011398792266845703
0.0009970664978027344
0.0008184909820556641
0.0009219646453857422
0.0007462501525878906
0.0007607936859130859
0.0006608963012695312
0.0008645057678222656
0.0006577968597412109
0.00063323974609375
0.0008552074432373047
0.0006775856018066406
0.0009396076202392578
0.0007946491241455078
0.0008397102355957031
0.0008289813995361328
0.0008928775787353516
0.0008342266082763672
0.0005466938018798828
0.0009052753448486328
0.0006601810455322266
0.0006895065307617188
0.0008771419525146484
0.001077413558959961
0.0009148120880126953
0.0007181167602539062
0.000698089599609375
0.001237630844116211
0.001272439956665039
0.0008287429809570312
0.0005762577056884766
0.0006794929504394531
0.0006520748138427734
0.0008215904235839844
0.0005762577056884766
0.00092315673828125
0.0009038448333740234
0.0007915496826171875
0.0010380744934082031
0.00081634521484375
0.0007936954498291016
0.0008461475372314453
0.0008165836334228516
0.0008060932159423828
0.0006377696990966797
0.0006861686706542969
0.000759124755859375
0.0010218620300292969
0.0007207393646240234
0.0009298324584960938
0.0009214878082275391
0.0007147789001464844
0.0007636547088623047
0.0007550716400146484
0.0007224082946777344
0.0008585453033447266
0.0008485317230224609
0.0006270408630371094
0.0010175704956054688
0.0006830692291259766
0.0009925365447998047
0.0008940696716308594
0.0006687641143798828
0.0007162094116210938
0.00077056884765625
0.0005855560302734375
0.0008225440979003906
0.0007779598236083984
0.0004932880401611328
0.0006411075592041016
0.0005283355712890625
0.0005252361297607422
0.0009889602661132812
0.0005199909210205078
0.0013394355773925781
0.0007164478302001953
0.0010793209075927734
0.0007042884826660156
0.0007054805755615234
0.0009305477142333984
0.0007469654083251953
0.0009641647338867188
0.0011188983917236328
0.0009560585021972656
0.0008623600006103516
0.0007948875427246094
0.0010993480682373047
0.0007643699645996094
0.0011570453643798828
0.0010151863098144531
0.0005183219909667969
0.00095367431640625
0.0010330677032470703
0.0006968975067138672
0.0007870197296142578
0.0008463859558105469
0.000766754150390625
0.000640869140625
0.0007154941558837891
0.0005371570587158203
0.0007634162902832031
0.0007636547088623047
0.0007047653198242188
0.0006475448608398438
0.0008552074432373047
0.0007958412170410156
0.0007834434509277344
0.0005483627319335938
0.0004775524139404297
0.0008912086486816406
0.0006322860717773438
0.0009510517120361328
0.0007021427154541016
0.0007867813110351562
0.0004904270172119141
0.0006241798400878906
0.0009067058563232422
0.0008299350738525391
0.0008065700531005859
0.0007288455963134766
0.0006995201110839844
0.0007448196411132812
0.0007309913635253906
0.0008509159088134766
0.0007238388061523438
0.0006101131439208984
0.0006694793701171875
0.0007891654968261719
0.0011677742004394531
0.0007104873657226562
0.0005047321319580078
0.0007994174957275391
0.0007028579711914062
0.0009539127349853516
0.0006155967712402344
0.0005948543548583984
0.0008690357208251953
0.0008492469787597656
0.0007631778717041016
0.0009288787841796875
0.0006916522979736328
0.0008993148803710938
0.0007522106170654297
0.0009660720825195312
0.0004467964172363281
0.0008270740509033203
0.0006079673767089844
0.0006642341613769531
0.0009860992431640625
0.0007717609405517578
0.0006883144378662109
0.0008208751678466797
0.000553131103515625
0.0009257793426513672
0.0007674694061279297
0.0006670951843261719
0.0007195472717285156
0.0006422996520996094
0.0009930133819580078
0.0006017684936523438
0.0007431507110595703
0.0005371570587158203
0.0009996891021728516
0.0006473064422607422
0.0005681514739990234
0.0010030269622802734
0.0007054805755615234
0.0007092952728271484
0.0005705356597900391
0.0005130767822265625
0.0006449222564697266
0.0007207393646240234
0.0011057853698730469
0.000782012939453125
0.0010836124420166016
0.0006077289581298828
0.0006155967712402344
0.0010285377502441406
0.0009093284606933594
0.0005450248718261719
0.000789642333984375
0.0005595684051513672
0.0006468296051025391
0.0007185935974121094
0.0011487007141113281
0.0010325908660888672
0.0007166862487792969
0.0011341571807861328
0.0006418228149414062
0.0011391639709472656
0.0005946159362792969
0.0008230209350585938
0.0006165504455566406
0.0008981227874755859
0.0005762577056884766
0.0011525154113769531
0.0006792545318603516
0.0008087158203125
0.0005998611450195312
0.0007443428039550781
0.0009000301361083984
0.0006735324859619141
0.0006854534149169922
0.0007779598236083984
0.0008876323699951172
0.0008938312530517578
0.0008244514465332031
0.0006289482116699219
0.0005657672882080078
0.0008466243743896484
0.0006601810455322266
0.0006170272827148438
0.0005190372467041016
0.00046515464782714844
0.0009243488311767578
0.0004696846008300781
0.0005540847778320312
0.0005476474761962891
0.0005552768707275391
0.0006840229034423828
0.0008299350738525391
0.0006928443908691406
0.0008883476257324219
0.0005967617034912109
0.0009195804595947266
0.0005450248718261719
0.0007982254028320312
0.0005972385406494141
0.0006566047668457031
0.0003905296325683594
0.0009403228759765625
0.0006775856018066406
0.0006246566772460938
0.0007266998291015625
0.0008263587951660156
0.0009806156158447266
0.0010099411010742188
0.0006744861602783203
0.0006101131439208984
0.0008492469787597656
0.00041675567626953125
0.0006618499755859375
0.0006997585296630859
0.0008361339569091797
0.0008637905120849609
0.0006227493286132812
0.0006086826324462891
0.0008156299591064453
0.0007953643798828125
0.0008151531219482422
0.0009441375732421875
0.0006463527679443359
0.0007340908050537109
0.0008637905120849609
0.0010097026824951172
0.0008301734924316406
0.0009226799011230469
0.0007386207580566406
0.0008623600006103516
0.0005753040313720703
0.0009806156158447266
0.0005192756652832031
0.0006496906280517578
0.0006318092346191406
0.0005948543548583984
0.0005974769592285156
0.0006501674652099609
0.0007812976837158203
0.00074005126953125
0.0007593631744384766
0.00057220458984375
0.0007925033569335938
0.0006048679351806641
0.00072479248046875
0.0009839534759521484
0.0006442070007324219
0.0006666183471679688
0.0007596015930175781
0.0008211135864257812
0.0005824565887451172
0.0007517337799072266
0.0004773139953613281
0.0005099773406982422
0.0006186962127685547
0.0006749629974365234
0.0008480548858642578
0.0008571147918701172
0.000640869140625
0.0006816387176513672
0.0006270408630371094
0.0006554126739501953
0.0009253025054931641
0.0007658004760742188
0.000652313232421875
0.0006320476531982422
0.0007877349853515625
0.0005426406860351562
0.0005037784576416016
0.00064849853515625
0.0007345676422119141
0.0005509853363037109
0.0008876323699951172
0.0005617141723632812
0.0006420612335205078
0.000637054443359375
0.0007982254028320312
0.0007014274597167969
0.0006251335144042969
0.0007569789886474609
0.0006937980651855469
0.0006992816925048828
0.0008149147033691406
0.00045013427734375
0.0007567405700683594
0.000858306884765625
0.0005209445953369141
0.0009412765502929688
0.0011103153228759766
0.0007627010345458984
0.0008339881896972656
0.0009157657623291016
0.0005166530609130859
0.0005552768707275391
0.0009424686431884766
0.0006978511810302734
0.0009081363677978516
0.0006816387176513672
0.0006010532379150391
0.0005862712860107422
0.00034308433532714844
0.0006537437438964844
0.0012097358703613281
0.0007390975952148438
0.0008521080017089844
0.0006761550903320312
0.0006825923919677734
0.0005486011505126953
0.0008304119110107422
0.0005698204040527344
0.0006272792816162109
0.0006320476531982422
0.000682830810546875
0.0010485649108886719
0.0005574226379394531
0.0008213520050048828
0.000827789306640625
0.0006699562072753906
0.0006775856018066406
0.0006213188171386719
0.000614166259765625
0.0006918907165527344
0.00048422813415527344
0.0008194446563720703
0.0010135173797607422
0.0007824897766113281
0.00045752525329589844
0.0006551742553710938
0.0009176731109619141
0.0012502670288085938
0.0007245540618896484
0.0007059574127197266
0.00067138671875
0.0007679462432861328
0.0007627010345458984
0.0007112026214599609
0.0009882450103759766
0.0007703304290771484
0.0010094642639160156
0.0009148120880126953
0.0005054473876953125
0.0009214878082275391
0.0006809234619140625
0.0008013248443603516
0.0007534027099609375
0.0004780292510986328
0.0005767345428466797
0.0003948211669921875
0.000560760498046875
0.0007739067077636719
0.0007455348968505859
0.0006747245788574219
0.0007326602935791016
0.0006380081176757812
0.0006372928619384766
0.0008742809295654297
0.00038933753967285156
0.0004951953887939453
0.0006175041198730469
0.0005314350128173828
0.0009682178497314453
0.0008080005645751953
0.0006906986236572266
0.0005207061767578125
0.000659942626953125
0.0005500316619873047
0.0006563663482666016
0.0006225109100341797
0.0006811618804931641
0.0007052421569824219
0.0008096694946289062
0.0007412433624267578
0.0005953311920166016
0.0008633136749267578
0.0010535717010498047
0.0006406307220458984
0.0008511543273925781
0.0005812644958496094
0.0008370876312255859
0.0008308887481689453
0.0005042552947998047
0.0006690025329589844
0.0006170272827148438
0.0008299350738525391
0.0006895065307617188
0.0005278587341308594
0.0006673336029052734
0.0005998611450195312
0.0008642673492431641
0.000690460205078125
0.0007619857788085938
0.0005984306335449219
0.0007965564727783203
0.0004394054412841797
0.0006663799285888672
0.0007469654083251953
0.0007977485656738281
0.000583648681640625
0.0008099079132080078
0.000812530517578125
0.0004982948303222656
0.0005517005920410156
0.0007421970367431641
0.0006990432739257812
0.0008223056793212891
0.0005514621734619141
0.0005555152893066406
0.0003933906555175781
0.0005955696105957031
0.0008111000061035156
0.0008249282836914062
0.0007126331329345703
0.0007731914520263672
0.0010688304901123047
0.000865936279296875
0.0005197525024414062
0.0007047653198242188
0.0006649494171142578
0.001245737075805664
0.0005407333374023438
0.0005903244018554688
0.0005767345428466797
0.0008187294006347656
0.0005714893341064453
0.0006120204925537109
0.0007545948028564453
0.000720977783203125
0.0006425380706787109
0.00045228004455566406
0.0007393360137939453
0.0007503032684326172
0.0008587837219238281
0.0003840923309326172
0.0007560253143310547
0.0007727146148681641
0.0009582042694091797
0.0005002021789550781
0.0004334449768066406
0.0005123615264892578
0.0007808208465576172
0.0006463527679443359
0.0006053447723388672
0.000652313232421875
0.0007617473602294922
0.0008039474487304688
0.0009415149688720703
0.0006453990936279297
0.0006341934204101562
0.0006692409515380859
0.0009593963623046875
0.0005457401275634766
0.0006320476531982422
0.0009074211120605469
0.0008285045623779297
0.0006074905395507812
0.000484466552734375
0.0006966590881347656
0.0005283355712890625
0.0004069805145263672
0.0007543563842773438
0.0010242462158203125
0.0008158683776855469
0.0007843971252441406
0.0009186267852783203
0.0004971027374267578
0.0007197856903076172
0.0006132125854492188
0.0007104873657226562
0.0007777214050292969
0.00039315223693847656
0.0004723072052001953
0.0008261203765869141
0.0006473064422607422
0.0006251335144042969
0.0005977153778076172
0.0006775856018066406
0.0008504390716552734
0.0006289482116699219
0.0007717609405517578
0.0005259513854980469
0.0005950927734375
0.0008358955383300781
0.0006337165832519531
0.0007343292236328125
0.0006396770477294922
0.0009250640869140625
0.0006442070007324219
0.000896453857421875
0.0007355213165283203
0.0006449222564697266
0.0007774829864501953
0.0006480216979980469
0.0007593631744384766
0.0006301403045654297
0.001035928726196289
0.00043773651123046875
0.00043892860412597656
0.0005235671997070312
0.0006849765777587891
0.0008611679077148438
0.0008981227874755859
0.0005459785461425781
0.0007464885711669922
0.0005049705505371094
0.0007026195526123047
0.0006902217864990234
0.0008785724639892578
0.0007951259613037109
0.0006093978881835938
0.0005164146423339844
0.0006754398345947266
0.0007014274597167969
0.0007829666137695312
0.0005857944488525391
0.0008563995361328125
0.0007810592651367188
0.0005896091461181641
0.0007345676422119141
0.0005509853363037109
0.0007865428924560547
0.0007207393646240234
0.0009105205535888672
0.00048089027404785156
0.0009417533874511719
0.0005900859832763672
0.0008032321929931641
0.0008213520050048828
0.0006170272827148438
0.0005354881286621094
0.0005648136138916016
0.0007851123809814453
0.0004966259002685547
0.0007174015045166016
0.0005893707275390625
0.0005371570587158203
0.0007014274597167969
0.0007221698760986328
0.0007266998291015625
0.0008809566497802734
0.0005369186401367188
0.000545501708984375
0.0005841255187988281
0.0009548664093017578
0.0004432201385498047
0.0008494853973388672
0.000759124755859375
0.0005583763122558594
0.0004470348358154297
0.00054168701171875
0.0010821819305419922
0.0006837844848632812
0.0006144046783447266
0.00075531005859375
0.0009052753448486328
0.0004253387451171875
0.0009675025939941406
0.0006279945373535156
0.0008208751678466797
0.0005810260772705078
0.0009586811065673828
0.0004591941833496094
0.00047969818115234375
0.0007731914520263672
0.0008227825164794922
0.0005197525024414062
0.0008089542388916016
0.0009014606475830078
0.0009748935699462891
0.0007035732269287109
0.0005700588226318359
0.0009551048278808594
0.0005600452423095703
0.0005159378051757812
0.0007727146148681641
0.0006597042083740234
0.0006115436553955078
0.0007252693176269531
0.000579833984375
0.0007066726684570312
0.0006926059722900391
0.0006308555603027344
0.0006258487701416016
0.0006618499755859375
0.0005652904510498047
0.0006415843963623047
0.0008203983306884766
0.0007274150848388672
0.0004744529724121094
0.0007331371307373047
0.0007750988006591797
0.000545501708984375
0.0011112689971923828
0.0005314350128173828
0.0006496906280517578
0.0005650520324707031
0.0004961490631103516
0.0009658336639404297
0.0005011558532714844
0.0006082057952880859
0.0007884502410888672
0.0008134841918945312
0.0010967254638671875
0.0006322860717773438
0.000568389892578125
0.0008521080017089844
0.0007257461547851562
0.0007119178771972656
0.0005927085876464844
0.0005681514739990234
0.0008504390716552734
0.0007679462432861328
0.0004889965057373047
0.0008616447448730469
0.0007619857788085938
0.00047397613525390625
0.0007367134094238281
0.0007333755493164062
0.0006623268127441406
0.0006155967712402344
0.0006833076477050781
0.0006930828094482422
0.0006725788116455078
0.0005128383636474609
0.0004143714904785156
0.0007646083831787109
0.0005345344543457031
0.0005538463592529297
0.0008196830749511719
0.0008006095886230469
0.0005981922149658203
0.0005536079406738281
0.0007762908935546875
0.0005135536193847656
0.0005147457122802734
0.0007183551788330078
0.0007843971252441406
0.0004711151123046875
0.0007472038269042969
0.0008533000946044922
0.0005333423614501953
0.0007846355438232422
0.0006802082061767578
0.0008029937744140625
0.0006361007690429688
0.0006511211395263672
0.0007462501525878906
0.0008258819580078125
0.0007073879241943359
0.0006954669952392578
0.0007727146148681641
0.0008733272552490234
0.0007231235504150391
0.0006110668182373047
0.0005536079406738281
0.0008254051208496094
0.0003199577331542969
0.0006926059722900391
0.0009100437164306641
0.0006461143493652344
0.0006399154663085938
0.0006000995635986328
0.0005838871002197266
0.0007746219635009766
0.0006651878356933594
0.0004417896270751953
0.0007567405700683594
0.0007202625274658203
0.0006825923919677734
0.0006666183471679688
0.0006289482116699219
0.0007333755493164062
0.0006642341613769531
0.0007021427154541016
0.0006108283996582031
0.0008065700531005859
0.0005941390991210938
0.0005185604095458984
0.00044608116149902344
0.0008080005645751953
0.0007312297821044922
0.0011682510375976562
0.0011894702911376953
0.0005412101745605469
0.0006308555603027344
0.0006494522094726562
0.0005609989166259766
0.0005190372467041016
0.0004353523254394531
0.0005793571472167969
0.0008184909820556641
0.0007481575012207031
0.0006661415100097656
0.0007812976837158203
0.0004942417144775391
0.0009157657623291016
0.0006551742553710938
0.0007240772247314453
0.0007340908050537109
0.0005078315734863281
0.0005950927734375
0.0005350112915039062
0.0007100105285644531
0.0006918907165527344
0.0006933212280273438
0.0006506443023681641
0.00047850608825683594
0.0005574226379394531
0.0008077621459960938
0.0006809234619140625
0.0009512901306152344
0.0008556842803955078
0.0009145736694335938
0.0006208419799804688
0.0009899139404296875
0.00098419189453125
0.0008182525634765625
0.0004608631134033203
0.0008251667022705078
0.0007593631744384766
0.0005180835723876953
0.000553131103515625
0.0009062290191650391
0.0005621910095214844
0.0005614757537841797
0.0005848407745361328
0.0004954338073730469
0.0004754066467285156
0.0005543231964111328
0.0006778240203857422
0.0006210803985595703
0.0006823539733886719
0.0005528926849365234
0.00045490264892578125
0.0007810592651367188
0.0007443428039550781
0.0005543231964111328
0.0007052421569824219
0.0004608631134033203
0.0009684562683105469
0.0008585453033447266
0.0007166862487792969
0.0009272098541259766
0.0005648136138916016
0.0006806850433349609
0.0007121562957763672
0.0008454322814941406
0.0007839202880859375
0.0005404949188232422
0.0005786418914794922
0.00043511390686035156
0.0005872249603271484
0.0007884502410888672
0.0005118846893310547
0.0006659030914306641
0.0005259513854980469
0.0006434917449951172
0.0009355545043945312
0.0007355213165283203
0.0006513595581054688
0.0009038448333740234
0.0009672641754150391
0.0005853176116943359
0.0003237724304199219
0.0005795955657958984
0.0007345676422119141
0.0007600784301757812
0.0004975795745849609
0.0005943775177001953
0.0007240772247314453
0.0008966922760009766
0.0009329319000244141
0.0003924369812011719
0.0005831718444824219
0.0007233619689941406
0.0007872581481933594
0.001062154769897461
0.0007970333099365234
0.0006275177001953125
0.0007779598236083984
0.0007081031799316406
0.0006372928619384766
0.0006561279296875
0.0006661415100097656
0.00048613548278808594
0.0007946491241455078
0.0006930828094482422
0.0006079673767089844
0.000579833984375
0.0007097721099853516
0.0006685256958007812
0.0006067752838134766
0.0007011890411376953
0.00043463706970214844
0.0005397796630859375
0.0005638599395751953
0.0005807876586914062
0.0007085800170898438
0.0005724430084228516
0.0007452964782714844
0.00067138671875
0.0008244514465332031
0.0005419254302978516
0.0007150173187255859
0.0007643699645996094
0.0006661415100097656
0.0006213188171386719
0.0005388259887695312
0.0006511211395263672
0.0005121231079101562
0.000553131103515625
0.0005619525909423828
0.0007135868072509766
0.0006926059722900391
0.0008015632629394531
0.000583648681640625
0.0006353855133056641
0.0006673336029052734
0.0007104873657226562
0.0006384849548339844
0.0005450248718261719
0.0005517005920410156
0.0006744861602783203
0.0005469322204589844
0.0005156993865966797
0.0006122589111328125
0.0006058216094970703
0.0007977485656738281
0.000728607177734375
0.0005946159362792969
0.0007050037384033203
0.0006890296936035156
0.0004172325134277344
0.0007781982421875
0.0010561943054199219
0.0008187294006347656
0.0012798309326171875
0.0008900165557861328
0.0006191730499267578
0.0007750988006591797
0.000667572021484375
0.0007596015930175781
0.0006823539733886719
0.0005748271942138672
0.0009202957153320312
0.0005786418914794922
0.0006134510040283203
0.0008554458618164062
0.0005598068237304688
0.0006880760192871094
0.000507354736328125
0.0009219646453857422
0.0004050731658935547
0.0006387233734130859
0.0004241466522216797
0.0006313323974609375
0.0006577968597412109
0.001134634017944336
0.0006299018859863281
0.00038170814514160156
0.0010418891906738281
0.0006113052368164062
0.0005724430084228516
0.0008549690246582031
0.0005431175231933594
0.0007646083831787109
0.0005476474761962891
0.0008685588836669922
0.0004985332489013672
0.0007314682006835938
0.0005168914794921875
0.0007877349853515625
0.0008120536804199219
0.0008707046508789062
0.0005538463592529297
0.0009663105010986328
0.0007562637329101562
0.0006914138793945312
0.0006628036499023438
0.0008351802825927734
0.0009906291961669922
0.0004620552062988281
0.0005512237548828125
0.00047898292541503906
0.0008957386016845703
0.0006577968597412109
0.0006194114685058594
0.0005404949188232422
0.0006449222564697266
0.0005567073822021484
0.0008554458618164062
0.0007395744323730469
0.0005977153778076172
0.0005908012390136719
0.0007462501525878906
0.0009033679962158203
0.0006952285766601562
0.0004246234893798828
0.00046515464782714844
0.0007331371307373047
0.0006835460662841797
0.0004227161407470703
0.0005517005920410156
0.0005040168762207031
0.0007436275482177734
0.0007224082946777344
0.0008366107940673828
0.00041675567626953125
0.0007750988006591797
0.0006520748138427734
0.0006918907165527344
0.0011830329895019531
0.0006537437438964844
0.0007414817810058594
0.000644683837890625
0.0007545948028564453
0.0007946491241455078
0.0010569095611572266
0.0010037422180175781
0.0006005764007568359
0.0007002353668212891
0.0008878707885742188
0.0005495548248291016
0.0004978179931640625
0.0007884502410888672
0.0005521774291992188
0.0006601810455322266
0.0004646778106689453
0.0005738735198974609
0.0007195472717285156
0.00039386749267578125
0.0004172325134277344
0.0006091594696044922
0.0005664825439453125
0.0005619525909423828
0.0008420944213867188
0.0005450248718261719
0.0005552768707275391
0.00047087669372558594
0.0004169940948486328
0.0007748603820800781
0.0006587505340576172
0.0008080005645751953
0.0006096363067626953
0.0004544258117675781
0.0005283355712890625
0.0008273124694824219
0.000997304916381836
0.0007510185241699219
0.00072479248046875
0.000545501708984375
0.0006606578826904297
0.0006396770477294922
0.0007283687591552734
0.0008549690246582031
0.0005211830139160156
0.0009279251098632812
0.0006802082061767578
0.0005517005920410156
0.000583648681640625
0.0004761219024658203
0.0007801055908203125
0.0006651878356933594
0.0004982948303222656
0.0004107952117919922
0.0009300708770751953
0.0007064342498779297
0.00103759765625
0.0007646083831787109
0.0008065700531005859
0.0003814697265625
0.0006568431854248047
0.0006539821624755859
0.0005869865417480469
0.0008022785186767578
0.0008234977722167969
0.0006628036499023438
0.0006425380706787109
0.0004794597625732422
0.0007693767547607422
0.0007269382476806641
0.0008172988891601562
0.0004448890686035156
0.0005216598510742188
0.0006315708160400391
0.0007078647613525391
0.0006456375122070312
0.0008339881896972656
0.0008587837219238281
0.0008499622344970703
0.0006873607635498047
0.00064849853515625
0.0006639957427978516
0.0005476474761962891
0.0004742145538330078
0.0005915164947509766
0.0005943775177001953
0.0005853176116943359
0.0007352828979492188
0.0010538101196289062
0.0006389617919921875
0.0007085800170898438
0.0008258819580078125
0.0006780624389648438
0.0005085468292236328
0.00046563148498535156
0.0007047653198242188
0.0005178451538085938
0.000499725341796875
0.0009675025939941406
0.0006809234619140625
0.0006012916564941406
0.0008106231689453125
0.0006358623504638672
0.0006864070892333984
0.0007066726684570312
0.0005826950073242188
0.0009610652923583984
0.0005779266357421875
0.0007357597351074219
0.000637054443359375
0.0005750656127929688
0.0007481575012207031
0.0007030963897705078
0.0005240440368652344
0.0005459785461425781
0.0010993480682373047
0.0004076957702636719
0.0005896091461181641
0.0006434917449951172
0.0006480216979980469
0.0008151531219482422
0.0005021095275878906
0.0008497238159179688
0.00048804283142089844
0.0009448528289794922
0.0004892349243164062
0.0006546974182128906
0.0006072521209716797
0.0005259513854980469
0.0007784366607666016
0.0005972385406494141
0.0005176067352294922
0.0010840892791748047
0.0003914833068847656
0.0004229545593261719
0.0007796287536621094
0.0007634162902832031
0.0006999969482421875
0.0008008480072021484
0.0008611679077148438
0.0006401538848876953
0.0009124279022216797
0.00047779083251953125
0.0003917217254638672
0.0005548000335693359
0.0007195472717285156
0.0006601810455322266
0.000736236572265625
0.0005903244018554688
0.0009131431579589844
0.000598907470703125
0.0006902217864990234
0.0008456707000732422
0.0007543563842773438
0.0006959438323974609
0.0007727146148681641
0.0007402896881103516
0.00043773651123046875
0.0006804466247558594
0.0008013248443603516
0.000690460205078125
0.0006084442138671875
0.0006384849548339844
0.000385284423828125
0.0007319450378417969
0.0006387233734130859
0.0006189346313476562
0.0008533000946044922
0.0005104541778564453
0.0006759166717529297
0.0008933544158935547
0.0007078647613525391
0.0006680488586425781
0.0005741119384765625
0.0005304813385009766
0.0005338191986083984
0.0006804466247558594
0.0005621910095214844
0.0008568763732910156
0.0006463527679443359
0.00045418739318847656
0.0007770061492919922
0.0006823539733886719
0.0007107257843017578
0.001005411148071289
0.0009400844573974609
0.0005574226379394531
0.0005033016204833984
0.0010249614715576172
0.0005664825439453125
0.000667572021484375
0.0007092952728271484
0.0008230209350585938
0.0006532669067382812
0.0004987716674804688
0.0004200935363769531
0.0006129741668701172
0.0005829334259033203
