324.8860728740692
322.95908784866333
321.47360849380493
320.73526072502136
319.643746137619
319.1136841773987
319.8709616661072
320.0167484283447
318.99994015693665
318.99603056907654
319.2670359611511
319.22789192199707
319.1004476547241
318.7712576389313
318.8992221355438
319.0345768928528
318.4208917617798
318.91901421546936
317.31620359420776
319.3739061355591
318.68146085739136
318.2925410270691
318.289071559906
318.0689318180084
317.6562933921814
316.91292452812195
309.92284202575684
290.2349525690079
266.2824490070343
224.4882515668869
210.80468046665192
179.68224370479584
162.0682720541954
138.27896738052368
116.63417065143585
130.79695388674736
92.09983605146408
100.7619169652462
92.61122214794159
85.44928359985352
63.305026441812515
85.72154858708382
65.77540224790573
73.8478390276432
55.678042501211166
58.460372775793076
50.46339038014412
42.35427534580231
52.10284352302551
44.96318173408508
45.41801509261131
43.059394150972366
27.022989988327026
39.73191651701927
48.59639284014702
42.86167627573013
54.287086337804794
58.32109731435776
44.52446457743645
101.89378505945206
53.99433380365372
81.13308024406433
127.64636254310608
131.93139079213142
87.78541851043701
56.004842817783356
44.083201467990875
79.5361977815628
38.27351698279381
57.15562006831169
49.04918318986893
86.68686375021935
105.14125967025757
36.31478825211525
44.59704527258873
86.85211309790611
79.68104368448257
133.4955218732357
70.48422279953957
48.4735092818737
56.29151210188866
49.663520604372025
38.973794519901276
24.465631663799286
24.662353575229645
84.36257195472717
45.12095332145691
117.35574594140053
156.74157670140266
159.07420176267624
100.99365708231926
112.49972152709961
77.03643044829369
121.09030252695084
62.64956685900688
56.30735167860985
49.95042413473129
50.999566167593
69.86643233895302
41.70033040642738
39.02001178264618
30.636462718248367
64.88520801067352
38.07744362950325
43.45155230164528
41.84014520049095
47.40867727994919
23.11410465836525
38.166311115026474
40.70496305823326
23.616861701011658
43.90138617157936
21.71696525812149
17.833604216575623
18.440512984991074
32.31195825338364
28.531046837568283
28.240683406591415
28.48361226916313
22.519666463136673
16.547847121953964
24.28808307647705
23.221837550401688
24.069227159023285
27.00177499651909
36.7929410636425
39.49937769770622
47.89638501405716
54.76247185468674
39.905751913785934
26.8166523873806
32.570199489593506
30.43576741218567
29.342062175273895
20.66942909359932
45.37198194861412
16.40908506512642
14.184754103422165
24.18379607796669
29.9668630361557
8.164659231901169
18.67164459824562
12.978020370006561
16.517809182405472
14.763208717107773
6.63962060213089
35.077733635902405
57.22315502166748
59.24089005589485
22.251618951559067
60.20817390084267
194.41347920894623
26.19446501135826
28.341099306941032
25.006533801555634
18.026975631713867
29.181490778923035
28.419743537902832
21.19469916820526
32.48152206838131
28.06282377243042
15.72697702050209
26.88920933008194
18.269067481160164
24.938965320587158
52.64580383896828
52.7710200548172
76.08080768585205
23.98734873533249
110.09056028723717
53.444839000701904
70.64891064167023
145.50276669859886
41.21015501022339
23.67827659845352
21.176624804735184
56.67700818181038
27.466750621795654
15.529991209506989
22.434575974941254
95.1256914138794
61.6425096988678
33.73616823554039
21.443859487771988
18.55029585957527
23.84482643008232
13.127384424209595
12.649855434894562
48.083229809999466
41.007035583257675
44.70864725112915
36.922275602817535
27.43927998840809
93.20273047685623
84.8001791536808
155.02572345733643
23.718302994966507
24.642231553792953
14.689345926046371
10.708026945590973
16.47453221678734
26.87953293323517
41.72005960345268
26.24456650018692
44.1283985376358
21.044727221131325
8.402894675731659
7.103223919868469
4.17717432975769
17.06957319378853
10.576912358403206
14.428813248872757
15.43319234251976
9.758410632610321
9.093317419290543
5.547525227069855
4.838417410850525
6.767049014568329
31.34987735748291
58.988219529390335
198.91988587379456
129.7336150407791
96.35212668776512
64.66666409373283
25.31534132361412
14.682872831821442
19.681374460458755
12.703989803791046
24.60633298754692
20.67528486251831
6.8361267149448395
22.858820021152496
5.893415540456772
12.303465694189072
5.89273464679718
5.325275868177414
4.303887635469437
15.399416893720627
12.281613558530807
10.387224346399307
18.139748126268387
21.39961150288582
2.9985249042510986
12.432799458503723
11.178079724311829
19.273154377937317
8.195075780153275
8.501100212335587
5.775680065155029
16.096818327903748
4.065647900104523
1.9722268283367157
3.3498646318912506
7.2817771434783936
2.02886962890625
0.061445653438568115
5.149837374687195
19.19760799407959
20.026521012187004
11.082538574934006
3.0414737164974213
17.072040170431137
10.608778476715088
5.1174236536026
11.6001698076725
17.13637152314186
13.527798503637314
9.211409509181976
13.046858936548233
40.90591740608215
33.262678653001785
18.356065213680267
7.601049900054932
5.175196468830109
6.8422888815402985
10.394058167934418
32.117166101932526
16.523269921541214
62.23366513848305
45.48370182514191
67.9550775885582
19.727846413850784
6.124969869852066
5.578434377908707
8.460318148136139
15.987374514341354
10.717704325914383
24.982993692159653
8.363943338394165
9.193109452724457
5.469709128141403
12.114727079868317
42.880784958601
26.61445552110672
130.73066651821136
37.341651767492294
62.435734286904335
33.02510115504265
193.23842957615852
76.82980689406395
40.85306814312935
20.57072088122368
63.734955221414566
22.39244495332241
9.580472886562347
3.9846060276031494
1.958627700805664
8.301116526126862
12.907659143209457
2.7393560111522675
6.0454347133636475
3.176426500082016
4.075160562992096
3.432837873697281
6.925351470708847
2.143521547317505
3.949763208627701
2.4425581991672516
3.3359745740890503
16.430323034524918
9.622708588838577
3.1195261478424072
1.4938546121120453
1.5347261279821396
4.332551121711731
61.62932762503624
68.1055483520031
47.88391749560833
75.90857376158237
34.53822337090969
49.869651317596436
24.968527793884277
13.191739737987518
53.065338641405106
23.052632495760918
5.924929052591324
35.05385062098503
33.776885598897934
30.140413016080856
31.886023104190826
9.986543476581573
16.09445345401764
33.45112520456314
50.69353672862053
34.01143416762352
8.005798608064651
31.754211455583572
7.774528533220291
24.221746414899826
3.209529161453247
0.24453699588775635
3.7360207438468933
1.345442295074463
0.024642109870910645
0.03604412078857422
0.06508767604827881
0.005008697509765625
0.23072338104248047
0.35310375690460205
0.008923888206481934
0.05234473943710327
0.252252459526062
0.5821422338485718
0.8380894660949707
0.021413326263427734
0.0009522438049316406
0.008835315704345703
0.6926141977310181
3.546765059232712
8.465595796704292
9.747885435819626
18.207925528287888
13.030274510383606
7.658504128456116
14.296766221523285
44.294362396001816
28.863290444016457
6.11242002248764
8.222681820392609
4.122331917285919
6.135992228984833
0.5074560642242432
5.377245992422104
1.9137091040611267
0.13951081037521362
1.6277560889720917
9.636740565299988
5.184119641780853
5.882487177848816
2.170537054538727
0.013192415237426758
2.048347771167755
7.187776029109955
43.05176630616188
41.586306661367416
29.537468880414963
10.278048515319824
7.228215396404266
6.874836415052414
14.024605304002762
12.843877673149109
2.244650721549988
12.552568137645721
29.400405675172806
229.529066324234
322.95435547828674
321.1470584869385
321.7949616909027
320.1303222179413
320.87536430358887
321.4851071834564
319.77657198905945
319.7758560180664
318.71857261657715
319.44122195243835
318.8073890209198
319.67588996887207
318.6206705570221
319.25489377975464
319.19465947151184
318.3829391002655
319.83443903923035
319.0083065032959
318.43989157676697
318.78195691108704
318.89343762397766
318.7553622722626
318.4281084537506
318.5370578765869
318.75341725349426
318.69140911102295
318.109130859375
318.99963569641113
318.5284230709076
318.6112062931061
318.49723863601685
318.91927194595337
318.72811484336853
318.60700273513794
318.25678610801697
318.5614151954651
318.04623007774353
318.283483505249
318.51302456855774
318.4380452632904
318.0693485736847
318.5612952709198
318.5570511817932
318.76411986351013
318.33859872817993
318.21105432510376
318.55382537841797
318.4254946708679
317.9672772884369
318.0638585090637
318.6691634654999
318.6110827922821
318.31500577926636
318.0066978931427
318.3802683353424
318.75967288017273
318.3587658405304
318.16777896881104
319.08002948760986
318.190940618515
318.26183581352234
318.07396483421326
318.2590456008911
318.17311000823975
318.03572964668274
318.1923580169678
318.3181688785553
317.7505874633789
318.4038019180298
318.1010973453522
318.70764541625977
318.1411964893341
318.60825967788696
318.6914932727814
318.16671085357666
318.05911087989807
318.48318910598755
318.1787836551666
318.22430872917175
318.16819024086
318.31140065193176
318.1120147705078
317.912859916687
318.2346589565277
318.11629152297974
318.412269115448
317.75719118118286
318.2741689682007
318.24738097190857
317.67986822128296
318.09811663627625
317.73734974861145
317.88107466697693
318.1665484905243
317.9163553714752
318.4332423210144
319.08702278137207
317.78729128837585
318.3089265823364
317.9036726951599
318.0552406311035
318.21960067749023
318.57706117630005
318.13446140289307
318.071781873703
317.8568506240845
317.891704082489
317.9581105709076
317.8674826622009
318.26301288604736
318.2602894306183
318.0259358882904
318.4844243526459
317.49648118019104
318.3027596473694
318.2344741821289
317.8889935016632
318.7112150192261
318.32587027549744
317.90044021606445
318.19584918022156
318.0832965373993
318.21972131729126
317.89993166923523
318.2032217979431
318.06358790397644
318.1865653991699
317.80811834335327
318.4778821468353
318.409117937088
318.05770111083984
317.8213267326355
317.8972792625427
317.66389417648315
318.09441351890564
318.348837852478
317.92559480667114
318.14489674568176
317.96043705940247
317.8951141834259
317.81108260154724
318.1409568786621
318.2956714630127
318.34204387664795
317.5294654369354
318.03602051734924
317.8379580974579
318.2838087081909
318.16317558288574
318.281423330307
318.6883280277252
318.17972564697266
318.47062134742737
317.60867714881897
317.4906029701233
318.25859212875366
317.8676116466522
317.8001780509949
318.5657088756561
317.51289415359497
318.11093831062317
318.05319595336914
318.3544051647186
317.56954860687256
317.7095503807068
318.369421005249
318.2447066307068
318.2820439338684
317.9340226650238
317.7768568992615
317.65907096862793
317.8886630535126
317.6489369869232
318.14429903030396
318.16839265823364
318.0227777957916
317.89564180374146
317.9035835266113
318.1943256855011
318.4214105606079
317.8499491214752
317.74095273017883
318.2886645793915
318.0874695777893
317.9713532924652
317.4131393432617
318.05776166915894
317.59314799308777
318.19158363342285
318.3057565689087
317.6738328933716
318.08268427848816
318.039603471756
317.72339844703674
318.0612471103668
318.12098026275635
317.8982696533203
317.9334874153137
317.7690703868866
318.152955532074
318.3779504299164
317.4755666255951
317.98204278945923
317.7409632205963
317.8515684604645
318.1039967536926
317.9963254928589
318.13047885894775
317.70706272125244
317.6644105911255
317.7969102859497
317.98047399520874
317.88957381248474
318.1404085159302
318.44773173332214
318.3050172328949
317.7227177619934
317.7125778198242
317.64560174942017
317.7247610092163
318.4050123691559
318.25379753112793
317.4993054866791
317.40629863739014
317.7928738594055
317.92806792259216
317.97715401649475
317.69309639930725
317.7538990974426
317.5830948352814
318.0844738483429
318.18310379981995
318.151330947876
318.11039090156555
317.93508648872375
318.1767246723175
318.21150851249695
317.88636207580566
317.8508722782135
318.3158116340637
317.70717453956604
317.4401378631592
317.94496512413025
318.0182411670685
317.95099568367004
317.87548780441284
318.19339179992676
318.0459933280945
318.1209681034088
317.586368560791
318.318541765213
317.4868893623352
318.8206958770752
318.1764018535614
317.9220142364502
317.49546694755554
318.19134545326233
318.10063433647156
317.6327443122864
318.0127377510071
317.3410952091217
317.4826169013977
318.2516610622406
317.7383575439453
318.20370268821716
317.9951739311218
317.23881816864014
317.65182161331177
318.12765312194824
318.2250306606293
317.8895990848541
317.6168327331543
318.0351929664612
318.0372579097748
317.4544734954834
317.8314845561981
318.20669960975647
318.08585357666016
317.7232220172882
317.9197072982788
317.5253176689148
317.7269251346588
317.29024386405945
317.1689627170563
318.43534684181213
317.74657917022705
317.7439603805542
317.60069513320923
317.4541268348694
318.4319281578064
318.2468333244324
318.29033970832825
317.9307243824005
317.52915692329407
318.17926692962646
317.9006576538086
318.24385237693787
318.17759370803833
318.4029121398926
317.9509389400482
317.9255361557007
318.0204727649689
317.80170798301697
317.72841358184814
317.7305064201355
317.686537027359
317.7288420200348
317.7098910808563
318.0021438598633
317.0643045902252
317.875714302063
317.7327756881714
318.081280708313
317.97113013267517
317.98063349723816
317.74535846710205
318.24213671684265
317.6153767108917
318.0485739707947
317.99097967147827
318.0453779697418
317.82791543006897
318.1925446987152
318.1157178878784
317.79721331596375
317.6955316066742
318.1062321662903
318.4653944969177
317.0636649131775
317.7677309513092
317.6914474964142
317.7074418067932
317.5401840209961
317.77561712265015
317.8947157859802
317.95399498939514
317.8213028907776
317.45193457603455
318.0850820541382
317.9143440723419
318.0765976905823
317.73116993904114
318.25526547431946
318.1744658946991
317.7878921031952
317.5278480052948
318.16301918029785
317.9801721572876
317.90523743629456
317.6765694618225
317.8978102207184
317.68972420692444
318.10804653167725
317.84556674957275
317.92766189575195
317.7242286205292
317.90785574913025
318.0730140209198
317.59742498397827
317.98416233062744
317.4221742153168
317.39497113227844
317.9001531600952
317.951753616333
317.57014894485474
318.00841331481934
318.04084491729736
318.0123279094696
318.0329444408417
317.7783639431
317.8172206878662
317.64135932922363
318.1252076625824
317.67454719543457
317.59976863861084
317.79687786102295
318.2544164657593
318.0734078884125
317.5291585922241
317.895623922348
317.90035343170166
317.8142693042755
318.0397846698761
317.81543040275574
317.8096206188202
318.27524304389954
317.5348129272461
317.96903252601624
317.6601233482361
317.841671705246
317.8456690311432
317.78669929504395
317.8449923992157
317.7723705768585
317.31841921806335
317.7946650981903
318.05699133872986
317.9781153202057
317.8884973526001
317.4321868419647
318.0994780063629
317.5126488208771
317.954452753067
317.6119451522827
318.05182361602783
317.83962965011597
318.268164396286
317.1447231769562
317.7553939819336
318.03465723991394
318.1532962322235
318.0966627597809
318.15430545806885
317.9279079437256
318.1521954536438
317.5430154800415
317.683251619339
317.68013882637024
317.77575874328613
317.84476947784424
318.19031620025635
317.7445423603058
317.9846577644348
317.66433572769165
317.9955356121063
317.6334135532379
318.06240582466125
317.8912422657013
317.35306692123413
317.5419657230377
317.8611752986908
317.6519536972046
317.8520996570587
317.71702456474304
317.521986246109
317.74952960014343
317.965580701828
317.99631357192993
316.9471960067749
318.04777932167053
317.3305962085724
318.1815187931061
318.0726637840271
318.04629492759705
317.8457374572754
317.72621607780457
317.5295946598053
317.7164225578308
317.2917366027832
317.64729833602905
318.44257736206055
318.3416085243225
317.4184696674347
317.9782238006592
318.57144498825073
317.70055198669434
317.4707899093628
317.759073972702
317.76667737960815
317.970068693161
317.74735856056213
318.12492990493774
318.0160222053528
317.38567090034485
317.6396224498749
317.97970724105835
317.808247089386
317.9079122543335
318.04160737991333
317.5599458217621
317.81984663009644
317.92483162879944
318.12845277786255
317.7037570476532
318.0243549346924
317.8414614200592
317.31017541885376
318.0013635158539
317.5497553348541
317.69611501693726
318.0083796977997
317.62212467193604
317.4281876087189
318.1735007762909
318.2465310096741
317.6990933418274
317.80955505371094
317.80395245552063
317.87834000587463
317.78448963165283
317.73472476005554
317.8851797580719
317.85874128341675
317.9765450954437
318.0125825405121
317.6788070201874
317.7391006946564
317.94767570495605
317.7024767398834
317.5207223892212
317.6032691001892
317.64956283569336
317.58962965011597
317.97876715660095
317.5019598007202
317.72178959846497
317.80067920684814
317.6558208465576
318.1625564098358
317.4329972267151
317.674857378006
317.93406081199646
318.0643517971039
317.731027841568
318.0107493400574
317.81371665000916
317.9388122558594
317.41103863716125
318.2641017436981
317.79754114151
317.65843653678894
318.13629937171936
317.907573223114
317.66065311431885
317.824814081192
317.8055284023285
317.52457213401794
317.99679923057556
318.23405289649963
318.0918791294098
317.62950372695923
317.50972294807434
317.8058259487152
317.89021849632263
318.2373688220978
317.56724071502686
317.8557493686676
317.62910294532776
317.4678838253021
317.57952547073364
317.6276981830597
317.6106572151184
318.1432602405548
317.1863775253296
317.82725405693054
317.74779200553894
318.04698753356934
317.35560417175293
318.2993359565735
317.5364155769348
317.9570400714874
318.0461993217468
317.4867947101593
317.6641774177551
317.83045744895935
317.855975151062
317.571879863739
317.63828682899475
317.3854398727417
317.8441183567047
317.728068113327
318.0015218257904
317.1512460708618
317.6031379699707
318.7174861431122
318.0550081729889
318.00347542762756
317.90068554878235
317.9816184043884
317.93340373039246
317.9337966442108
317.8910746574402
317.64171743392944
318.04827547073364
317.59644770622253
317.47333097457886
317.5577757358551
317.92837476730347
317.4932198524475
317.828013420105
317.8789141178131
317.9362905025482
318.03519344329834
317.921404838562
317.51309537887573
317.8148856163025
317.8769865036011
317.2959861755371
317.59163665771484
318.2146396636963
317.30123233795166
317.65093874931335
317.8675379753113
317.7648868560791
317.774689912796
317.81207847595215
317.0938766002655
317.4150478839874
318.03331208229065
317.95764350891113
317.46560740470886
317.78115701675415
317.42892718315125
317.8612096309662
318.2671914100647
317.7682099342346
318.02631735801697
318.2124254703522
317.367431640625
317.8358669281006
317.9894104003906
317.7184507846832
318.10112977027893
317.994934797287
317.9128427505493
317.73104667663574
317.6538317203522
317.6771385669708
317.4177541732788
318.1827144622803
317.66850113868713
318.16391253471375
317.9382493495941
317.75652956962585
317.7872431278229
317.92223358154297
317.78257179260254
317.7612235546112
318.42557287216187
317.826806306839
317.3520886898041
317.239138841629
317.94281578063965
317.55658173561096
317.28601479530334
317.6578550338745
317.93406319618225
317.30419635772705
317.5365164279938
317.55993819236755
318.19325947761536
318.17510175704956
317.3986666202545
318.09121012687683
317.92731285095215
317.56070613861084
318.1761155128479
318.19066882133484
317.5738275051117
318.13296461105347
317.95901250839233
317.57908964157104
317.5451147556305
317.93701004981995
317.6237370967865
317.61990189552307
317.3941447734833
318.10633158683777
317.6124415397644
317.39052295684814
317.89218497276306
317.60620307922363
317.9023940563202
317.82935333251953
318.1305274963379
317.67534351348877
317.639004945755
317.71832370758057
317.29993200302124
318.28144574165344
317.90230202674866
317.67968106269836
317.751904964447
318.0051200389862
317.4008677005768
317.7907955646515
317.8087520599365
318.14712858200073
317.6733047962189
317.54083728790283
317.568834066391
318.1037509441376
317.98796701431274
317.6339931488037
317.86622309684753
317.73548698425293
317.7608046531677
317.7525532245636
317.4457006454468
317.7650685310364
317.68173837661743
317.6857283115387
318.30525279045105
317.7079110145569
317.808696269989
317.9872257709503
317.72655844688416
317.4423179626465
317.2052388191223
317.3271095752716
318.1112184524536
317.66075015068054
318.0763063430786
317.926682472229
317.561731338501
317.9561200141907
317.7281279563904
317.146276473999
317.81983184814453
318.01056718826294
317.83381843566895
317.84465861320496
317.97757601737976
318.17367577552795
317.8305597305298
317.649286031723
317.68306970596313
317.9531674385071
317.42824602127075
317.8460421562195
317.82584738731384
317.676066160202
317.5637776851654
318.05093121528625
317.31348729133606
317.4897334575653
317.9053244590759
317.604688167572
317.754132270813
317.80657982826233
318.033739566803
317.6573178768158
318.0057764053345
317.5526394844055
318.1930503845215
317.77203726768494
317.6368727684021
317.85695457458496
317.9421625137329
317.1436095237732
318.000869512558
317.79905223846436
318.26004457473755
317.8922154903412
317.585289478302
318.163850069046
317.5097031593323
317.5468683242798
317.61725664138794
317.52672481536865
318.1467583179474
317.26407766342163
317.69944310188293
317.7974863052368
317.9714300632477
317.8728392124176
317.884733915329
317.5735948085785
318.20188999176025
317.77371096611023
317.54314970970154
317.9368510246277
317.5189290046692
318.1185429096222
317.9836299419403
317.7773232460022
317.57301235198975
317.7257339954376
317.7119505405426
318.11260628700256
317.2028932571411
317.56883549690247
317.75580883026123
317.80914092063904
317.57058906555176
318.1227638721466
317.25011229515076
317.2253386974335
317.96372842788696
317.56112813949585
318.1063811779022
317.65459632873535
317.90032148361206
318.2647349834442
317.8856406211853
317.49835681915283
317.2921242713928
318.0488820075989
317.4482214450836
318.1079902648926
317.2638099193573
317.5278136730194
318.0297176837921
318.05483841896057
318.1384127140045
318.1203486919403
318.0744230747223
317.9212820529938
317.46990966796875
317.3847987651825
317.31863808631897
317.54697704315186
317.9608006477356
317.8085255622864
318.01383781433105
317.59726119041443
317.78423523902893
318.0201578140259
317.5768699645996
317.51879048347473
317.702529668808
318.20421600341797
317.77092123031616
317.6873185634613
317.6039345264435
317.8341052532196
317.69185066223145
318.03529691696167
317.7321422100067
317.7772068977356
318.0299117565155
317.6336727142334
318.06013202667236
317.8994324207306
318.0484278202057
317.68947076797485
317.5016074180603
318.3143107891083
317.3835644721985
317.4616186618805
317.91762948036194
317.75224113464355
317.7283477783203
317.6175878047943
317.4620678424835
317.8313739299774
317.87172055244446
318.08788418769836
318.1448359489441
317.39257884025574
317.0520775318146
317.53378343582153
318.09625244140625
317.8325126171112
317.76364612579346
317.6640594005585
317.30201840400696
317.5925261974335
317.87035965919495
317.79936957359314
317.8679084777832
317.6080586910248
317.9826865196228
317.68206214904785
317.403178691864
317.65774273872375
317.4508168697357
317.44625973701477
317.25417256355286
318.0799105167389
317.8819303512573
318.2591931819916
318.104549407959
317.83819484710693
317.60788130760193
317.5702528953552
317.7792513370514
317.6269555091858
317.80370807647705
317.75124168395996
317.6192684173584
317.7906460762024
318.04849433898926
317.8217079639435
317.6538417339325
317.59821486473083
317.47949504852295
317.9055392742157
318.01841735839844
317.75255727767944
317.66888880729675
317.72777128219604
318.2723140716553
318.1016433238983
317.4658274650574
317.504595041275
317.7164857387543
317.8761782646179
317.05477929115295
317.8887588977814
317.58797669410706
317.3985712528229
317.951682806015
317.7500488758087
317.753520488739
317.7028388977051
318.1009769439697
317.2495768070221
317.88613080978394
317.77072954177856
317.7696018218994
318.10351371765137
317.10718512535095
318.1766138076782
318.0528988838196
317.8749327659607
317.2976906299591
317.6839077472687
318.17215967178345
317.6403388977051
318.05875873565674
317.5597891807556
317.60218596458435
317.38774371147156
318.1966710090637
317.7574586868286
317.728075504303
317.98093128204346
317.89225721359253
317.88764572143555
317.8586401939392
317.46519351005554
317.3633761405945
318.0784044265747
318.032502412796
317.9675621986389
317.98597025871277
317.68100214004517
318.0495615005493
318.021990776062
318.0380926132202
317.33757638931274
317.22746753692627
317.4690098762512
317.47179341316223
317.72246837615967
317.76813673973083
318.392724275589
317.5825002193451
317.79685282707214
318.08518958091736
317.4406888484955
317.84391593933105
317.74163699150085
317.80180764198303
317.3669729232788
317.9396975040436
317.71699023246765
317.7635221481323
317.6270980834961
317.61649799346924
317.6861996650696
317.88666677474976
317.9406518936157
317.4395453929901
317.46749544143677
317.77182936668396
317.7646973133087
317.88930654525757
317.75184965133667
317.5084674358368
317.26165199279785
317.3522560596466
317.61391711235046
317.6541202068329
317.48938751220703
318.3219425678253
318.0583002567291
318.28229427337646
317.79259753227234
317.89621901512146
317.9639627933502
318.1937589645386
317.5441665649414
317.7360165119171
317.7682430744171
318.1339793205261
317.75646209716797
317.869145154953
317.6579644680023
317.949223279953
317.61960339546204
317.7998549938202
317.44844460487366
317.5284686088562
317.42916345596313
317.86058497428894
317.3753364086151
317.8255808353424
318.1244287490845
318.00284934043884
318.0146367549896
317.5985448360443
317.963579416275
317.5577952861786
317.2166566848755
318.05890798568726
317.62965178489685
317.2764644622803
317.56841349601746
318.0115637779236
317.77312874794006
317.9868793487549
317.72862434387207
317.23383021354675
317.5051095485687
317.6135504245758
317.3946042060852
318.0892152786255
318.00169610977173
317.5295889377594
317.8303744792938
317.71508622169495
317.84388732910156
317.6433734893799
318.0607705116272
318.08333563804626
317.89950585365295
317.37291622161865
317.9730112552643
317.5073735713959
317.4569866657257
317.8566462993622
317.8476285934448
317.4739863872528
317.5604918003082
317.8402531147003
317.905974149704
318.09704303741455
317.723007440567
317.45695424079895
318.0824954509735
318.0525221824646
317.7129120826721
317.33737206459045
317.9865424633026
317.4529478549957
316.87066316604614
317.80041337013245
317.7384464740753
317.96850180625916
318.060852766037
317.8676040172577
318.2830903530121
317.59246850013733
317.8753397464752
317.76107931137085
317.72166323661804
317.61447048187256
317.3275032043457
318.13953971862793
317.42564487457275
317.6044235229492
317.70367312431335
318.21603322029114
317.6881504058838
317.46422243118286
317.7102401256561
318.27497029304504
317.99165296554565
317.598571062088
317.47476506233215
317.6013696193695
317.8952522277832
318.09159779548645
317.6904733181
317.4498362541199
317.52130007743835
317.4577269554138
317.65215134620667
317.8706023693085
317.12799048423767
318.27955055236816
317.4086945056915
318.0042848587036
318.1763138771057
317.79511404037476
317.7366886138916
317.96854853630066
318.17569613456726
317.5521957874298
317.7593972682953
317.6349296569824
317.87817430496216
317.8457040786743
317.44228291511536
317.55987215042114
317.69919061660767
317.61825799942017
317.47151017189026
317.6836128234863
317.5815758705139
318.05167531967163
317.75161051750183
317.53779768943787
317.3732764720917
317.73013854026794
317.71546244621277
317.9129648208618
318.1373391151428
317.6958849430084
317.79333901405334
317.76987314224243
317.78490805625916
317.65116691589355
317.2763075828552
317.87435269355774
317.46313881874084
317.69519662857056
317.5847473144531
317.85819840431213
317.7898461818695
317.7689719200134
317.72114396095276
317.84397649765015
317.5938181877136
318.03466987609863
317.8583571910858
317.8984217643738
317.8931701183319
317.51012349128723
317.3920726776123
317.7410638332367
317.66175627708435
318.23671793937683
317.7107620239258
317.71800541877747
317.521137714386
317.8265314102173
317.8211998939514
317.71265625953674
317.8419578075409
317.4333164691925
317.8293113708496
317.4846270084381
317.6392388343811
318.0322721004486
317.7705330848694
318.02195835113525
317.83592653274536
317.7301068305969
317.9153563976288
317.3974621295929
317.89458990097046
317.5556538105011
317.22481083869934
317.77575755119324
318.3599622249603
318.06195521354675
317.8020977973938
318.102507352829
317.7320046424866
317.685693025589
317.8012955188751
317.47198009490967
317.59565711021423
317.7459752559662
317.53509855270386
317.2902195453644
317.3489441871643
317.75412607192993
317.5153052806854
317.79831075668335
318.08931827545166
318.0137801170349
317.89948296546936
317.3847506046295
318.0956175327301
317.79507875442505
317.7723903656006
317.8846802711487
318.3217318058014
317.9053089618683
317.4588575363159
317.6638729572296
317.5695939064026
317.81271719932556
317.69374918937683
317.6984021663666
317.68216276168823
317.3305609226227
317.89443254470825
317.8441536426544
317.5184414386749
317.9230043888092
317.5210874080658
317.7484784126282
317.54419207572937
317.63595628738403
317.6810722351074
317.5997438430786
317.84120440483093
317.8379023075104
317.7953498363495
317.36504340171814
317.79265904426575
317.6484842300415
318.07399249076843
317.5580368041992
317.1719114780426
317.68143105506897
317.8098850250244
318.0033781528473
317.68689489364624
317.89606380462646
317.63946771621704
317.57634019851685
317.88954615592957
317.5626165866852
317.4826545715332
317.62226152420044
317.3221712112427
317.6830503940582
318.18683671951294
317.8731644153595
317.73527908325195
318.09343457221985
317.3893961906433
317.75897240638733
318.12044763565063
318.01303577423096
317.41551899909973
317.55078315734863
318.3327612876892
317.88855147361755
318.12818932533264
317.49275636672974
317.6096439361572
317.5684983730316
317.8884537220001
318.02795481681824
318.0647885799408
317.7179822921753
317.52649188041687
318.2770400047302
317.6859905719757
317.74355840682983
317.8458306789398
317.45719957351685
317.8167157173157
317.8237702846527
317.9459173679352
317.91181445121765
317.5134563446045
317.4244775772095
317.83268427848816
318.03768587112427
317.40322613716125
317.4405529499054
317.7993423938751
317.62205266952515
318.2089982032776
317.60486793518066
318.1977777481079
317.28205585479736
317.5096218585968
317.72252583503723
317.4743413925171
317.57932567596436
318.0092840194702
317.4027600288391
317.73754811286926
317.65645480155945
317.8111355304718
317.4136953353882
317.86279559135437
317.3557057380676
317.6366636753082
317.96892189979553
317.77176547050476
318.05324149131775
317.66830706596375
317.71183037757874
317.64173793792725
317.68746995925903
317.79861307144165
317.91253566741943
317.82495188713074
317.96340918540955
317.45867013931274
318.1532094478607
317.6894769668579
317.66758704185486
317.65360856056213
317.8985126018524
317.4075701236725
318.2320075035095
317.4921944141388
317.7365472316742
317.6040778160095
317.95894861221313
317.3880863189697
317.54745078086853
317.75659561157227
317.8411912918091
