325.13303685188293
323.35818099975586
321.849543094635
319.699410200119
320.82775592803955
319.077476978302
318.6926965713501
314.61530208587646
303.0121006965637
275.12350058555603
230.64592850208282
205.5339274406433
179.6462488770485
158.55165249109268
135.58765691518784
123.69334435462952
102.28330999612808
89.99884608387947
66.59255802631378
59.299735963344574
56.79794707894325
48.93911883234978
49.37393206357956
38.99437698721886
28.54771101474762
27.862250208854675
23.827195703983307
22.823311626911163
20.521453142166138
17.685622334480286
12.676799148321152
14.030705034732819
23.88539695739746
11.034021615982056
13.229838699102402
1.7892946004867554
1.9284838438034058
0.1978684663772583
5.248341083526611
1.506564736366272
8.391334474086761
6.786187946796417
2.951644539833069
2.821503520011902
5.503938436508179
0.919624388217926
0.16095209121704102
0.10431277751922607
0.0516737699508667
0.034905195236206055
0.029767274856567383
0.02367222309112549
0.018537163734436035
1.4868072271347046
0.2427302598953247
0.1324312686920166
0.05447590351104736
0.03743159770965576
0.01557469367980957
0.008548617362976074
0.009540796279907227
0.009783148765563965
2.5912681818008423
0.5344527959823608
0.19326543807983398
0.1907585859298706
0.049759745597839355
0.023243427276611328
0.010473370552062988
0.006052255630493164
0.011858344078063965
0.006058096885681152
0.006478667259216309
0.005809664726257324
0.005723237991333008
0.005814075469970703
0.005421757698059082
0.003385186195373535
0.0035414695739746094
0.007399082183837891
0.003123760223388672
0.0034570693969726562
0.0027495622634887695
0.0023620128631591797
0.0034530162811279297
0.0015687942504882812
0.0026123523712158203
0.003041863441467285
0.002483844757080078
0.0020096302032470703
0.0052607059478759766
0.0025336742401123047
0.0033216476440429688
0.0019767284393310547
0.0024154186248779297
0.0023610591888427734
0.0023314952850341797
0.0014374256134033203
0.0032576322555541992
0.0031473636627197266
0.0019690990447998047
0.004061102867126465
0.0018547773361206055
0.0016338825225830078
0.0022535324096679688
0.0012271404266357422
0.001833200454711914
0.0013515949249267578
0.001483917236328125
0.0020411014556884766
0.0017802715301513672
0.0012195110321044922
0.0021507740020751953
0.0014603137969970703
0.0017743110656738281
0.0010199546813964844
0.0015897750854492188
0.0013966560363769531
0.0015878677368164062
0.0012359619140625
0.0014739036560058594
0.001253366470336914
0.0013148784637451172
0.0008387565612792969
0.001096963882446289
0.0014605522155761719
0.0013492107391357422
0.0008921623229980469
0.0014045238494873047
0.0018877983093261719
0.0014307498931884766
0.0011191368103027344
0.0007836818695068359
0.0007145404815673828
0.0016472339630126953
0.001432180404663086
0.0011761188507080078
0.0010515451431274414
0.0008008480072021484
0.0008950233459472656
0.0013048648834228516
0.0010198354721069336
0.0013175010681152344
0.0010483264923095703
0.0012358427047729492
0.0016644001007080078
0.0008928775787353516
0.0010216236114501953
0.001500844955444336
0.0006854534149169922
0.0009660720825195312
0.0008883476257324219
0.0006012916564941406
0.0008900165557861328
0.0007863044738769531
0.0011112689971923828
0.0006279945373535156
0.0012121200561523438
0.0005743503570556641
0.0009877681732177734
0.0005550384521484375
0.0009219646453857422
0.0008494853973388672
0.0005583763122558594
0.0016062259674072266
0.0009732246398925781
0.0008270740509033203
0.0009672641754150391
0.0006968975067138672
0.0007944107055664062
0.0006012916564941406
0.0007996559143066406
0.000728607177734375
0.0007393360137939453
0.0007519721984863281
0.0003197193145751953
0.0007910728454589844
0.0008144378662109375
0.0010411739349365234
0.0009768009185791016
0.0011112689971923828
0.0011067390441894531
0.0006048679351806641
0.0007448196411132812
0.0006420612335205078
0.0007746219635009766
0.0007998943328857422
0.0004591941833496094
0.0007672309875488281
0.0006148815155029297
0.0007123947143554688
0.0006425380706787109
0.000484466552734375
0.0007357597351074219
0.0012624263763427734
0.000844120979309082
0.00037598609924316406
0.0008518695831298828
0.0005648136138916016
0.0005817413330078125
0.0014562606811523438
0.0004608631134033203
0.000865936279296875
0.0006344318389892578
0.0005614757537841797
0.00047135353088378906
0.00047016143798828125
0.0007922649383544922
0.00035119056701660156
0.000400543212890625
0.0008900165557861328
0.0009450912475585938
0.0005750656127929688
0.0008628368377685547
0.0006136894226074219
0.0007433891296386719
0.001081705093383789
0.0006892681121826172
0.0006453990936279297
0.0009865760803222656
0.0004968643188476562
0.0006241798400878906
0.0005326271057128906
0.0004911422729492188
0.00043082237243652344
0.0005788803100585938
0.0008199214935302734
0.00033926963806152344
0.0008707046508789062
0.000492095947265625
0.0005333423614501953
0.0006961822509765625
0.0005033016204833984
0.0005936622619628906
0.0006814002990722656
0.0006434917449951172
0.00027251243591308594
0.0007121562957763672
0.00046706199645996094
0.000629425048828125
0.0008232593536376953
0.000247955322265625
0.0005245208740234375
0.0003905296325683594
0.00041365623474121094
0.0004611015319824219
0.0004856586456298828
0.0008091926574707031
0.00046896934509277344
0.0004591941833496094
0.0007600784301757812
0.0007185935974121094
0.0003211498260498047
0.0005466938018798828
0.0006525516510009766
0.00044536590576171875
0.00042176246643066406
0.0007147789001464844
0.0005176067352294922
0.00041961669921875
0.0007450580596923828
0.0006210803985595703
0.0006818771362304688
0.00037479400634765625
0.00069427490234375
0.00047516822814941406
0.0006427764892578125
0.000583648681640625
0.0006012916564941406
0.0006837844848632812
0.0004839897155761719
0.00026798248291015625
0.0005173683166503906
0.0007090568542480469
0.00042629241943359375
0.00038814544677734375
0.00044536590576171875
0.0004703998565673828
0.0003428459167480469
0.0006818771362304688
0.0003921985626220703
0.0006256103515625
0.0004525184631347656
0.00032019615173339844
0.0005061626434326172
0.00044846534729003906
0.0003638267517089844
0.0003504753112792969
0.00036787986755371094
0.00041365623474121094
0.0004260540008544922
0.00030732154846191406
0.0003864765167236328
0.0007755756378173828
0.0003707408905029297
0.0007274150848388672
0.000537872314453125
0.0005738735198974609
0.00035071372985839844
0.0006222724914550781
0.0005328655242919922
0.0005788803100585938
0.0005483627319335938
0.0004391670227050781
0.0006318092346191406
0.0005056858062744141
0.0003483295440673828
0.0005054473876953125
0.0004203319549560547
0.0005168914794921875
0.0006170272827148438
0.0004591941833496094
0.00041365623474121094
0.00041937828063964844
0.0003590583801269531
0.0005903244018554688
0.0002334117889404297
0.0004220008850097656
0.0003256797790527344
0.0004189014434814453
0.0008051395416259766
0.0004258155822753906
0.0006973743438720703
0.00039458274841308594
0.0004210472106933594
0.0004439353942871094
0.00039696693420410156
0.0004253387451171875
0.00042057037353515625
0.00038933753967285156
0.0004620552062988281
0.0005626678466796875
0.0006766319274902344
0.00023889541625976562
0.0004189014434814453
0.0005350112915039062
0.00047016143798828125
0.00028014183044433594
0.0002071857452392578
0.00044655799865722656
0.00018906593322753906
0.0003993511199951172
0.00019788742065429688
0.0003757476806640625
0.00029730796813964844
0.0005342960357666016
0.0004532337188720703
0.0003445148468017578
0.0005962848663330078
0.0004076957702636719
0.0004830360412597656
0.0002701282501220703
0.000278472900390625
0.00043201446533203125
0.000438690185546875
0.00039649009704589844
0.00048422813415527344
0.0008625984191894531
0.0005800724029541016
0.0004329681396484375
0.000553131103515625
0.0002841949462890625
0.00027298927307128906
0.0004291534423828125
0.000255584716796875
0.0004165172576904297
0.00048470497131347656
0.00039386749267578125
0.0004153251647949219
0.0002627372741699219
0.0006048679351806641
0.0003895759582519531
0.0006573200225830078
0.0003559589385986328
0.0002155303955078125
0.00041985511779785156
0.0003731250762939453
0.00023984909057617188
0.0004572868347167969
0.00030922889709472656
0.00032782554626464844
0.00031447410583496094
0.0004899501800537109
0.00040149688720703125
0.00045990943908691406
0.0006515979766845703
0.0003952980041503906
0.00031828880310058594
0.0004229545593261719
0.00042366981506347656
0.0005338191986083984
0.0004987716674804688
0.00030112266540527344
0.00037169456481933594
0.0004439353942871094
0.0003383159637451172
0.00026345252990722656
0.00031256675720214844
0.0004379749298095703
0.0005931854248046875
0.0002162456512451172
0.00032901763916015625
0.00038313865661621094
0.0005016326904296875
0.0003254413604736328
0.000446319580078125
0.00036978721618652344
0.00042247772216796875
0.00039887428283691406
0.0002644062042236328
0.00034332275390625
0.0006134510040283203
0.0005292892456054688
0.00021076202392578125
0.0002803802490234375
0.0003209114074707031
0.00048661231994628906
0.0003266334533691406
0.0004756450653076172
0.00033211708068847656
0.00038909912109375
0.0002894401550292969
0.0004341602325439453
0.000469207763671875
0.000377655029296875
0.00019884109497070312
0.0005946159362792969
0.0003876686096191406
0.00026917457580566406
0.0003771781921386719
0.0005197525024414062
0.0003914833068847656
0.00031948089599609375
0.00022530555725097656
0.0003464221954345703
0.000385284423828125
0.0002765655517578125
0.00044155120849609375
0.0003058910369873047
0.0003323554992675781
0.0005257129669189453
0.0002486705780029297
0.0004611015319824219
0.000217437744140625
0.0002663135528564453
0.0003879070281982422
0.0004134178161621094
0.0002734661102294922
0.0005466938018798828
0.00031876564025878906
0.00023245811462402344
0.0004296302795410156
0.0006973743438720703
0.00028705596923828125
0.0004258155822753906
0.00029778480529785156
0.0002532005310058594
0.00040531158447265625
0.00030803680419921875
0.0003662109375
0.0003490447998046875
0.0003600120544433594
0.0002071857452392578
0.0006306171417236328
0.0004489421844482422
0.0002028942108154297
0.0003638267517089844
0.0005390644073486328
0.00022482872009277344
0.0002627372741699219
0.0002536773681640625
0.00031757354736328125
0.0002987384796142578
0.00024080276489257812
0.00040030479431152344
0.0004456043243408203
0.00029778480529785156
0.0003979206085205078
0.00024700164794921875
0.0003261566162109375
0.00029969215393066406
0.0002911090850830078
0.0004978179931640625
0.00032258033752441406
0.0003123283386230469
0.0001983642578125
0.0003082752227783203
0.00037741661071777344
0.0005693435668945312
0.000335693359375
0.00021600723266601562
0.0003604888916015625
0.0003807544708251953
0.0003407001495361328
0.0003097057342529297
0.0004553794860839844
0.00040602684020996094
0.0003132820129394531
0.00032806396484375
0.0003139972686767578
0.0002396106719970703
0.0002009868621826172
0.00016498565673828125
0.0004990100860595703
0.0005970001220703125
0.0004105567932128906
0.0002694129943847656
0.0003025531768798828
0.00043463706970214844
0.00032591819763183594
0.0003681182861328125
0.0002772808074951172
0.00032830238342285156
0.0005917549133300781
0.0003762245178222656
0.00033545494079589844
0.00019288063049316406
0.0003561973571777344
0.0004162788391113281
0.0004353523254394531
0.0002675056457519531
0.0002155303955078125
0.0003275871276855469
0.0003192424774169922
0.00034618377685546875
0.00030684471130371094
0.0004153251647949219
0.00044155120849609375
0.0002338886260986328
0.00020503997802734375
0.00023603439331054688
0.0003840923309326172
0.00025200843811035156
0.00014710426330566406
0.0002739429473876953
0.0002455711364746094
0.00045013427734375
0.0003180503845214844
0.000484466552734375
0.0003476142883300781
0.00033783912658691406
0.0002524852752685547
0.0003123283386230469
0.0005030632019042969
0.0003426074981689453
0.0003936290740966797
0.00029015541076660156
0.0003952980041503906
0.00020742416381835938
0.00022840499877929688
0.0003037452697753906
0.0002932548522949219
0.00018835067749023438
0.00031375885009765625
0.0003829002380371094
0.0002448558807373047
0.00028824806213378906
0.0004506111145019531
0.00042819976806640625
0.00033545494079589844
0.0004916191101074219
0.0002994537353515625
0.0002548694610595703
0.00029158592224121094
0.0003261566162109375
0.00044083595275878906
0.0002505779266357422
0.0002512931823730469
0.0002460479736328125
0.0005478858947753906
0.00018453598022460938
0.000217437744140625
0.0003731250762939453
0.0002353191375732422
0.000225067138671875
0.0006825923919677734
0.0003027915954589844
0.0002655982971191406
0.0003058910369873047
0.0002999305725097656
0.00026726722717285156
0.00047206878662109375
0.0002601146697998047
0.000316619873046875
0.00023937225341796875
0.0003998279571533203
0.00038242340087890625
0.00016808509826660156
0.0002970695495605469
0.0002605915069580078
0.0003750324249267578
0.0005846023559570312
0.00031113624572753906
0.00023674964904785156
0.0003867149353027344
0.0005586147308349609
0.0002181529998779297
0.00022220611572265625
0.0002841949462890625
0.0002551078796386719
0.000293731689453125
0.00034117698669433594
0.0002682209014892578
0.0002880096435546875
0.000354766845703125
0.00048661231994628906
0.0002129077911376953
0.00022125244140625
0.0002720355987548828
0.0001983642578125
0.000408172607421875
0.0002715587615966797
0.00023603439331054688
0.0002853870391845703
0.00021910667419433594
0.0003287792205810547
0.0004355907440185547
0.00017690658569335938
0.00029969215393066406
0.000247955322265625
0.0004074573516845703
0.0002892017364501953
0.00037479400634765625
0.0002548694610595703
0.00020265579223632812
0.0003058910369873047
0.00028705596923828125
0.0003390312194824219
0.0002758502960205078
0.00037407875061035156
0.0002682209014892578
0.0003948211669921875
0.0003333091735839844
0.00030159950256347656
0.0002281665802001953
0.00035572052001953125
0.000301361083984375
0.0001583099365234375
0.00039076805114746094
0.0006256103515625
0.0005049705505371094
0.00027108192443847656
0.0001735687255859375
0.0003483295440673828
0.000293731689453125
0.00016927719116210938
0.0002892017364501953
0.0002689361572265625
0.0001952648162841797
0.0003452301025390625
0.0004584789276123047
0.0003657341003417969
0.00023794174194335938
0.0003933906555175781
0.00014257431030273438
0.0003788471221923828
0.0003509521484375
0.00020933151245117188
0.00018930435180664062
0.00030922889709472656
0.00033855438232421875
0.0002856254577636719
0.0002014636993408203
0.0002846717834472656
0.00021719932556152344
0.00035262107849121094
0.00041794776916503906
0.0005183219909667969
0.0001900196075439453
0.000396728515625
0.0002779960632324219
0.0003745555877685547
0.0002193450927734375
0.00016760826110839844
0.0002257823944091797
0.0003848075866699219
0.00030612945556640625
0.0003528594970703125
0.0002779960632324219
0.0003504753112792969
0.0003917217254638672
0.0002911090850830078
0.00019049644470214844
0.0002753734588623047
0.00034809112548828125
0.00032711029052734375
0.00027441978454589844
0.00037384033203125
0.00022649765014648438
0.00020885467529296875
0.0004124641418457031
0.00026798248291015625
0.0003097057342529297
0.0001380443572998047
0.0002961158752441406
0.0002620220184326172
0.00015163421630859375
0.0006022453308105469
0.0003261566162109375
0.00021028518676757812
0.00034880638122558594
0.00031113624572753906
0.0003752708435058594
0.0001895427703857422
0.0002791881561279297
0.0003523826599121094
0.0003204345703125
0.0002231597900390625
0.0002655982971191406
0.00033092498779296875
0.0002999305725097656
0.0002357959747314453
0.0003654956817626953
0.0002970695495605469
0.00019741058349609375
0.00030732154846191406
0.0002562999725341797
0.0002942085266113281
0.0002574920654296875
0.00029778480529785156
0.0004267692565917969
0.0002682209014892578
0.0005564689636230469
0.0002903938293457031
0.0003151893615722656
0.0002903938293457031
0.00019884109497070312
0.0004172325134277344
0.0002677440643310547
0.0003161430358886719
0.00031447410583496094
0.00023937225341796875
0.0004086494445800781
0.00019741058349609375
0.0003230571746826172
0.0003707408905029297
0.00026154518127441406
0.00019550323486328125
0.00027871131896972656
0.00019407272338867188
0.00029778480529785156
0.00022864341735839844
0.0003647804260253906
0.00022530555725097656
0.0002963542938232422
0.0003685951232910156
0.00020766258239746094
0.00019240379333496094
0.0002696514129638672
0.0004520416259765625
0.00023221969604492188
0.00026679039001464844
0.000408172607421875
0.00018930435180664062
0.00023889541625976562
0.00022840499877929688
0.0004074573516845703
0.00025963783264160156
0.0003132820129394531
0.00019049644470214844
0.0001652240753173828
0.0003440380096435547
0.00023317337036132812
0.00019478797912597656
0.0003311634063720703
0.0003299713134765625
0.0003123283386230469
0.0002129077911376953
0.00031185150146484375
0.0005314350128173828
0.0002658367156982422
0.00023102760314941406
0.00028705596923828125
0.0003113746643066406
0.0002486705780029297
0.000415802001953125
0.0003972053527832031
0.0004343986511230469
0.00019359588623046875
0.00021123886108398438
0.00016546249389648438
0.00031948089599609375
0.0002193450927734375
0.00041484832763671875
0.0002715587615966797
0.0001895427703857422
0.0002663135528564453
0.0002701282501220703
0.0004508495330810547
0.0003147125244140625
0.00026988983154296875
0.00020599365234375
0.00020551681518554688
0.0004105567932128906
0.00029015541076660156
0.0002799034118652344
0.00028967857360839844
0.00024199485778808594
0.0002765655517578125
0.00022864341735839844
0.00030684471130371094
0.00017499923706054688
0.00015354156494140625
0.00029468536376953125
0.00016736984252929688
0.0002532005310058594
0.0003218650817871094
0.00020241737365722656
0.00040650367736816406
0.0003464221954345703
0.00029277801513671875
0.0004291534423828125
0.0004031658172607422
0.00021886825561523438
0.0002598762512207031
0.0004487037658691406
0.00028228759765625
0.00030159950256347656
0.00022077560424804688
0.0004489421844482422
8.869171142578125e-05
0.0003159046173095703
0.0002079010009765625
0.0002987384796142578
0.00027489662170410156
0.0002422332763671875
0.0003657341003417969
0.00024819374084472656
0.00030612945556640625
0.000301361083984375
0.00022220611572265625
0.0002567768096923828
0.00021886825561523438
0.0003600120544433594
0.0002357959747314453
0.000232696533203125
0.00018334388732910156
0.0002696514129638672
0.00023221969604492188
0.00023651123046875
0.0002956390380859375
0.0006930828094482422
0.0003211498260498047
0.00023436546325683594
0.00016045570373535156
0.0002751350402832031
0.00030303001403808594
0.00030231475830078125
0.000457763671875
0.0002913475036621094
0.00026416778564453125
0.0002810955047607422
0.0002560615539550781
0.00030231475830078125
0.0002684593200683594
0.0002753734588623047
0.0003180503845214844
0.0003261566162109375
0.0004284381866455078
0.000400543212890625
0.0002453327178955078
0.0003254413604736328
0.0002346038818359375
0.00021719932556152344
0.00035858154296875
0.00021910667419433594
0.0004241466522216797
0.00020074844360351562
0.0003020763397216797
0.0004172325134277344
0.0002338886260986328
0.00025391578674316406
0.0001556873321533203
0.00020575523376464844
0.00018310546875
0.00020241737365722656
0.0001983642578125
0.0003724098205566406
0.0003077983856201172
0.00032329559326171875
0.00016260147094726562
0.00039315223693847656
0.00019240379333496094
0.0003261566162109375
0.00026869773864746094
0.000446319580078125
0.00016379356384277344
0.00018668174743652344
0.00029015541076660156
0.00019478797912597656
0.00027108192443847656
0.00024509429931640625
0.00020956993103027344
0.0002961158752441406
0.00022864341735839844
0.0003173351287841797
0.00021004676818847656
0.0004792213439941406
0.0003228187561035156
0.0002734661102294922
0.0003113746643066406
0.00026035308837890625
0.00025844573974609375
0.0002777576446533203
0.00045561790466308594
0.00022602081298828125
0.0002529621124267578
0.0002903938293457031
0.0003752708435058594
0.00017189979553222656
0.00023651123046875
0.0004184246063232422
0.0002148151397705078
0.0001862049102783203
0.0002052783966064453
0.0003490447998046875
0.00035691261291503906
0.0002295970916748047
0.00044798851013183594
0.0002238750457763672
0.0002968311309814453
0.00032067298889160156
0.0003337860107421875
0.0001938343048095703
0.0001780986785888672
0.0002377033233642578
0.0004305839538574219
0.00029087066650390625
0.0002980232238769531
0.000354766845703125
0.00020122528076171875
0.0002543926239013672
0.0002701282501220703
0.00023055076599121094
0.00026869773864746094
0.00027942657470703125
0.00028133392333984375
0.0003154277801513672
0.00030303001403808594
0.0001571178436279297
0.00020241737365722656
0.0003681182861328125
0.00033855438232421875
0.00014209747314453125
0.00017523765563964844
0.0003237724304199219
0.0003807544708251953
0.0002162456512451172
0.00032210350036621094
0.00020194053649902344
0.0003113746643066406
0.00027823448181152344
0.0003650188446044922
0.0003402233123779297
0.00024318695068359375
0.0002765655517578125
0.0002739429473876953
0.0003056526184082031
0.00016021728515625
0.00028252601623535156
0.00027441978454589844
0.00022554397583007812
0.000316619873046875
0.00019741058349609375
0.0002987384796142578
0.00022649765014648438
0.000362396240234375
0.00033664703369140625
0.00026035308837890625
0.00028324127197265625
0.0003209114074707031
0.0003132820129394531
0.0002651214599609375
0.0002262592315673828
0.00043845176696777344
0.00017547607421875
0.00026035308837890625
0.0002808570861816406
0.0003943443298339844
0.00022840499877929688
0.00024080276489257812
0.00019979476928710938
0.0002627372741699219
0.00023937225341796875
0.000202178955078125
0.00033783912658691406
0.0002570152282714844
0.0003371238708496094
0.0002732276916503906
0.0001804828643798828
0.000263214111328125
0.00029730796813964844
0.0001494884490966797
0.00027680397033691406
0.00033974647521972656
0.0002665519714355469
0.0002682209014892578
0.00022125244140625
0.0005345344543457031
0.00018453598022460938
0.0002830028533935547
0.0001316070556640625
0.0002720355987548828
0.00029277801513671875
0.0003108978271484375
0.0003275871276855469
0.00028777122497558594
0.0003151893615722656
0.000270843505859375
0.0003960132598876953
0.00021576881408691406
0.00033402442932128906
0.0002956390380859375
0.00019049644470214844
0.0003285408020019531
0.000247955322265625
0.00022935867309570312
0.0002486705780029297
0.0002570152282714844
0.0003039836883544922
0.0002493858337402344
0.00023865699768066406
0.0002598762512207031
0.0002841949462890625
0.00016546249389648438
0.00016117095947265625
0.0003714561462402344
0.0003781318664550781
0.00034332275390625
0.0003819465637207031
0.0004334449768066406
0.00026798248291015625
0.00022745132446289062
0.0003390312194824219
0.00019049644470214844
0.0003135204315185547
0.0001251697540283203
0.00017404556274414062
0.00022912025451660156
0.00024271011352539062
0.0004520416259765625
0.0002675056457519531
0.00021386146545410156
0.00029015541076660156
0.00031638145446777344
0.0001468658447265625
0.00032806396484375
0.000255584716796875
0.00021386146545410156
0.00048613548278808594
0.0001862049102783203
0.0001919269561767578
0.0003044605255126953
0.0002899169921875
0.000244140625
0.0005025863647460938
0.00025963783264160156
0.0002040863037109375
0.00025653839111328125
0.00024580955505371094
0.0002570152282714844
0.0002105236053466797
0.00021457672119140625
0.00026297569274902344
0.00029397010803222656
0.00017952919006347656
0.00020003318786621094
0.0002110004425048828
0.0002002716064453125
0.00033974647521972656
0.0005013942718505859
0.00021123886108398438
0.0003116130828857422
0.00028967857360839844
0.0002536773681640625
0.0003833770751953125
0.00018215179443359375
0.0003838539123535156
0.00032448768615722656
0.0003998279571533203
0.0003497600555419922
0.00019431114196777344
0.00023245811462402344
0.000186920166015625
0.0003440380096435547
0.00025153160095214844
0.0001983642578125
0.0002243518829345703
0.00032067298889160156
0.00036263465881347656
0.0004105567932128906
0.00024580955505371094
0.0002815723419189453
0.00022339820861816406
0.00012993812561035156
0.0002694129943847656
0.0002734661102294922
0.00044727325439453125
0.0001385211944580078
0.0002841949462890625
0.00023102760314941406
0.00023055076599121094
0.0001590251922607422
0.00019741058349609375
0.0004420280456542969
0.00029850006103515625
0.00021600723266601562
0.00042057037353515625
0.00023818016052246094
0.00012373924255371094
0.0002372264862060547
0.0004258155822753906
0.00021338462829589844
0.0002505779266357422
0.0002627372741699219
0.00022530555725097656
0.0002701282501220703
0.00016832351684570312
0.000423431396484375
0.0002961158752441406
0.00023865699768066406
0.0002777576446533203
0.00022292137145996094
0.00024580955505371094
0.00022602081298828125
0.0003211498260498047
0.0003020763397216797
0.0002288818359375
0.0003800392150878906
0.00026106834411621094
0.00021529197692871094
0.0001742839813232422
0.00024366378784179688
0.00019693374633789062
0.0002601146697998047
0.000278472900390625
0.00037169456481933594
0.0002474784851074219
0.00025963783264160156
0.00024366378784179688
0.00030159950256347656
0.0002048015594482422
0.00015997886657714844
0.0002014636993408203
0.00030875205993652344
0.00030231475830078125
0.0002944469451904297
0.00031566619873046875
0.0001862049102783203
0.0002956390380859375
0.0001811981201171875
0.00043201446533203125
0.00026917457580566406
0.00043082237243652344
0.00044536590576171875
0.00020432472229003906
0.00026869773864746094
0.00025534629821777344
0.0002675056457519531
0.00025153160095214844
0.0003840923309326172
0.00033473968505859375
0.000225067138671875
0.000213623046875
0.00022125244140625
0.00037789344787597656
0.0002970695495605469
0.0002930164337158203
0.0001983642578125
0.00023651123046875
0.00017333030700683594
0.000240325927734375
0.0004115104675292969
0.0001780986785888672
0.0002410411834716797
0.0002689361572265625
0.0002605915069580078
0.00020051002502441406
0.0002522468566894531
0.0004496574401855469
0.00020742416381835938
0.0003185272216796875
0.0003750324249267578
0.00014781951904296875
0.0003771781921386719
0.0001442432403564453
0.0003724098205566406
0.0003190040588378906
0.0002434253692626953
0.00024056434631347656
0.00033211708068847656
0.0002655982971191406
0.00015664100646972656
0.00019884109497070312
0.0002467632293701172
0.00026988983154296875
0.0003457069396972656
0.00034999847412109375
0.000335693359375
0.0004131793975830078
0.0003521442413330078
0.0002930164337158203
0.0003383159637451172
0.00019931793212890625
0.00032806396484375
0.0002455711364746094
0.00022268295288085938
0.0003523826599121094
0.00036263465881347656
0.00021314620971679688
0.00024080276489257812
0.0002815723419189453
0.0002110004425048828
0.00026106834411621094
0.00039577484130859375
0.00020051002502441406
0.00021529197692871094
0.0002655982971191406
0.0002574920654296875
0.00017881393432617188
0.0003247261047363281
0.00011491775512695312
0.00016355514526367188
0.00028014183044433594
0.0003859996795654297
0.0004570484161376953
0.00023984909057617188
0.00015687942504882812
0.0005612373352050781
0.00035572052001953125
0.00017547607421875
0.00025844573974609375
0.00038623809814453125
0.0003285408020019531
0.00024390220642089844
0.00021791458129882812
0.0001773834228515625
0.0005092620849609375
0.0003724098205566406
0.0001575946807861328
0.00021576881408691406
0.00025773048400878906
0.00029730796813964844
0.0001571178436279297
0.00021147727966308594
0.0003139972686767578
0.0002856254577636719
0.00017547607421875
0.00033092498779296875
0.00025391578674316406
0.00017380714416503906
0.0001933574676513672
0.00017189979553222656
0.00027561187744140625
0.0002562999725341797
0.00017571449279785156
0.0002503395080566406
0.00021958351135253906
0.00023508071899414062
0.0002803802490234375
0.00033020973205566406
0.0003275871276855469
0.0003612041473388672
0.0002410411834716797
0.0004725456237792969
0.00024127960205078125
0.0003306865692138672
0.00026226043701171875
0.0001990795135498047
0.00026535987854003906
0.0003135204315185547
0.0001800060272216797
0.0002925395965576172
0.00030040740966796875
0.00019598007202148438
0.00013899803161621094
0.0004334449768066406
0.0002715587615966797
0.00014972686767578125
0.00020742416381835938
0.0003476142883300781
0.0003380775451660156
0.00024628639221191406
0.00032448768615722656
0.00021004676818847656
0.00021338462829589844
0.00024962425231933594
0.0001971721649169922
0.0003647804260253906
0.0002579689025878906
0.00026488304138183594
0.0001742839813232422
0.00021719932556152344
0.00019741058349609375
0.0003368854522705078
0.0002086162567138672
0.00029540061950683594
0.0001952648162841797
0.0002715587615966797
0.00016498565673828125
0.00015783309936523438
0.0002715587615966797
0.0005075931549072266
0.00030231475830078125
0.00029850006103515625
0.0002505779266357422
0.0003323554992675781
0.0002624988555908203
0.00033593177795410156
0.0002617835998535156
0.00016045570373535156
0.000225067138671875
0.0001876354217529297
0.00034999847412109375
0.0002601146697998047
0.0002338886260986328
0.0002903938293457031
0.00024437904357910156
0.0003159046173095703
0.0004017353057861328
0.00024890899658203125
0.0002732276916503906
0.0002117156982421875
0.0002677440643310547
0.00046324729919433594
0.0001881122589111328
0.0002396106719970703
0.00020313262939453125
0.0003147125244140625
0.00024318695068359375
0.00015974044799804688
0.000370025634765625
0.0001914501190185547
0.00020837783813476562
0.00025272369384765625
0.00018644332885742188
0.0003364086151123047
0.0001842975616455078
0.0002551078796386719
0.00027823448181152344
0.00036644935607910156
0.00024318695068359375
0.00022339820861816406
0.00035953521728515625
0.00016880035400390625
0.00023555755615234375
0.00033855438232421875
0.00049591064453125
0.0002613067626953125
0.0004143714904785156
0.00030541419982910156
0.0001652240753173828
0.00025582313537597656
0.000209808349609375
0.00022482872009277344
0.00019693374633789062
0.00041747093200683594
0.0002720355987548828
0.00026226043701171875
0.00032973289489746094
0.0002186298370361328
0.00032806396484375
0.00018358230590820312
0.00033736228942871094
0.0005106925964355469
0.00019311904907226562
0.00034117698669433594
0.0002512931823730469
0.0002593994140625
0.00018596649169921875
0.00018644332885742188
0.00026535987854003906
0.00048351287841796875
0.00020599365234375
0.0001952648162841797
0.00021505355834960938
0.0002703666687011719
0.000400543212890625
0.00019407272338867188
0.0002422332763671875
0.00021791458129882812
0.00025534629821777344
0.0001690387725830078
0.0002219676971435547
0.0002605915069580078
0.0004050731658935547
0.00032401084899902344
0.0004851818084716797
0.00031256675720214844
0.00022101402282714844
0.00019311904907226562
0.00026798248291015625
0.00015282630920410156
0.00024127960205078125
0.00019502639770507812
0.0003147125244140625
0.0003266334533691406
0.00033593177795410156
0.0001900196075439453
0.0002703666687011719
0.0002491474151611328
0.00017404556274414062
0.00022411346435546875
0.00020837783813476562
0.00023436546325683594
0.00020241737365722656
0.00021457672119140625
0.0003597736358642578
0.00032901763916015625
0.0001728534698486328
0.00028514862060546875
0.0003440380096435547
0.0002799034118652344
0.00023698806762695312
0.00041413307189941406
0.00023365020751953125
0.0003800392150878906
0.00013756752014160156
0.0002751350402832031
0.00037550926208496094
0.00028824806213378906
0.00021958351135253906
0.0003604888916015625
0.00012922286987304688
0.00033211708068847656
0.00036644935607910156
0.00023603439331054688
0.0002574920654296875
0.00014019012451171875
0.0004978179931640625
0.00031447410583496094
0.00020837783813476562
0.0002777576446533203
0.00014710426330566406
0.0003135204315185547
0.0002307891845703125
0.0002720355987548828
0.00025963783264160156
0.00038814544677734375
0.00012874603271484375
0.0003085136413574219
0.00017023086547851562
0.0002624988555908203
0.00031828880310058594
0.0002510547637939453
0.0002872943878173828
0.0002803802490234375
0.00021839141845703125
0.000255584716796875
0.0002079010009765625
0.00018453598022460938
0.00021767616271972656
0.0003058910369873047
0.0003654956817626953
0.0003070831298828125
0.0003352165222167969
0.0002143383026123047
0.00039076805114746094
0.00022840499877929688
0.00030493736267089844
0.0002892017364501953
0.0002734661102294922
0.0002942085266113281
0.0001556873321533203
0.00029158592224121094
0.0002925395965576172
0.0004832744598388672
0.0001933574676513672
0.0002624988555908203
0.0002620220184326172
0.0002300739288330078
0.0003170967102050781
0.00016760826110839844
0.0001785755157470703
0.0002777576446533203
0.00037097930908203125
0.00035381317138671875
0.0003387928009033203
0.00022292137145996094
0.00040531158447265625
0.0004105567932128906
0.0002608299255371094
0.00020074844360351562
0.0003402233123779297
0.00021386146545410156
0.0002963542938232422
0.0002777576446533203
0.00024271011352539062
0.0001976490020751953
0.00018095970153808594
0.0002105236053466797
0.00015592575073242188
0.0002658367156982422
0.00022363662719726562
0.0002665519714355469
0.00034809112548828125
0.0003349781036376953
0.0002808570861816406
0.0001900196075439453
0.0004363059997558594
0.00025177001953125
0.00024390220642089844
0.0002391338348388672
0.0003046989440917969
0.0004489421844482422
0.00035881996154785156
0.00018358230590820312
0.00023293495178222656
0.0002465248107910156
0.0002658367156982422
0.0003097057342529297
0.00029730796813964844
0.00018978118896484375
0.0002090930938720703
0.00017762184143066406
0.00031113624572753906
0.0003559589385986328
0.00024700164794921875
0.00029015541076660156
0.00026416778564453125
0.0002567768096923828
0.0003910064697265625
0.00015020370483398438
0.0002841949462890625
0.000217437744140625
0.00015401840209960938
0.00025844573974609375
0.0001685619354248047
0.00026798248291015625
0.0002911090850830078
0.0003879070281982422
0.00023365020751953125
0.00032830238342285156
0.00029468536376953125
0.0002486705780029297
0.00022101402282714844
0.0001392364501953125
0.00031447410583496094
0.00018095970153808594
0.00023818016052246094
0.000286102294921875
0.0002548694610595703
0.0003306865692138672
0.00021195411682128906
0.0003516674041748047
0.00028824806213378906
0.000263214111328125
0.0003337860107421875
0.0002593994140625
0.0002224445343017578
0.0002455711364746094
0.0002484321594238281
0.0002727508544921875
0.0004227161407470703
0.00025010108947753906
0.00022101402282714844
0.0002532005310058594
0.00021457672119140625
0.00032806396484375
0.00024580955505371094
0.0003368854522705078
0.00018715858459472656
0.0002193450927734375
0.0003116130828857422
0.000202178955078125
0.0003743171691894531
0.00022339820861816406
0.0003097057342529297
0.0003631114959716797
0.0005588531494140625
0.00016045570373535156
0.0003018379211425781
0.00024127960205078125
0.00024962425231933594
0.00022149085998535156
0.00010347366333007812
0.0003769397735595703
0.0002677440643310547
0.0002384185791015625
0.00022268295288085938
0.00036907196044921875
0.00039196014404296875
0.0002009868621826172
0.0002384185791015625
0.00027108192443847656
0.00016808509826660156
0.00024008750915527344
0.00022721290588378906
0.00018906593322753906
0.0003254413604736328
0.00020933151245117188
0.00020432472229003906
0.00020384788513183594
0.00038695335388183594
0.0002110004425048828
0.00026488304138183594
0.0003006458282470703
0.0003390312194824219
0.00043845176696777344
0.0003592967987060547
0.0002582073211669922
0.0003151893615722656
0.0001804828643798828
0.0002493858337402344
0.0002288818359375
0.00024318695068359375
0.00010895729064941406
0.0002682209014892578
0.00026297569274902344
0.00031948089599609375
0.00036907196044921875
0.00018930435180664062
0.0003161430358886719
0.0003917217254638672
0.0003857612609863281
0.0002377033233642578
0.0002434253692626953
0.00027561187744140625
0.0002181529998779297
0.0003135204315185547
0.0002181529998779297
0.0002815723419189453
0.0001819133758544922
0.0002758502960205078
0.00023102760314941406
0.0002734661102294922
0.00017523765563964844
0.00019288063049316406
0.0002110004425048828
0.00036787986755371094
0.00033593177795410156
0.00020766258239746094
0.00031304359436035156
0.00024700164794921875
0.0004627704620361328
0.0001678466796875
0.0002257823944091797
0.0002701282501220703
0.0002548694610595703
0.00016570091247558594
0.0002818107604980469
0.0002982616424560547
0.0002837181091308594
0.0002987384796142578
0.00025582313537597656
0.0003631114959716797
0.0003445148468017578
0.0002453327178955078
0.000156402587890625
0.00018095970153808594
0.00030922889709472656
0.0001373291015625
0.0003292560577392578
0.0002608299255371094
0.00035572052001953125
0.00019288063049316406
0.0003216266632080078
0.0002906322479248047
0.0003170967102050781
0.00025272369384765625
0.0002410411834716797
0.00022983551025390625
0.00025463104248046875
0.00020837783813476562
0.0003695487976074219
0.0002715587615966797
0.00018596649169921875
0.00018072128295898438
0.0001938343048095703
0.00022363662719726562
0.0003523826599121094
0.00025582313537597656
0.00034618377685546875
0.0003745555877685547
0.00025653839111328125
0.00021696090698242188
0.00015735626220703125
0.0002770423889160156
0.0003223419189453125
0.0004298686981201172
0.0002448558807373047
0.00014019012451171875
0.0002338886260986328
0.00028133392333984375
0.0002548694610595703
0.00038313865661621094
0.0002353191375732422
0.00021529197692871094
0.00029659271240234375
0.00027370452880859375
0.00019311904907226562
0.00024366378784179688
0.0001499652862548828
0.0005283355712890625
0.0002887248992919922
0.0003216266632080078
0.00015234947204589844
0.0003237724304199219
0.0003077983856201172
0.0002841949462890625
