324.57954812049866
322.8617854118347
321.2505910396576
321.0176639556885
320.0745882987976
319.60066747665405
319.24075055122375
319.00275135040283
319.24911165237427
317.8476839065552
313.73376059532166
296.40461349487305
285.10453748703003
248.56185269355774
211.65986359119415
182.73502361774445
146.7548013329506
128.8519442677498
117.32794713973999
90.48682150244713
85.95955443382263
68.57044279575348
71.33157259225845
63.73183497786522
53.29488742351532
44.9874073266983
38.78488689661026
48.68675237894058
38.672449469566345
32.601832807064056
18.385975927114487
18.90682926774025
32.37521091103554
24.708318889141083
28.916745841503143
18.850177139043808
28.739642798900604
35.24225190281868
34.204664289951324
55.444807678461075
49.97752070426941
46.91924825310707
12.592019498348236
32.21612858772278
17.613048434257507
24.370397835969925
20.35117331147194
25.45410004258156
39.05267187952995
52.195500791072845
21.23105278611183
38.844476103782654
37.88370484113693
18.73801401257515
30.357803404331207
13.326666206121445
70.43093597888947
33.53393542766571
32.794392973184586
16.34235194325447
16.656466245651245
35.01322087645531
38.65927928686142
38.53946614265442
50.35119569301605
44.01459814608097
16.47307623922825
31.768109679222107
25.325341433286667
17.341016590595245
15.67004132270813
16.713146150112152
16.79988357424736
57.75416174530983
16.425284177064896
36.86474144458771
44.094856917858124
23.25036257505417
32.24543318152428
14.778802901506424
14.864351689815521
25.143962919712067
19.528490096330643
15.393054604530334
12.489500254392624
28.99698379635811
10.553073465824127
35.573261708021164
64.58729460835457
31.885578602552414
14.79526486992836
10.026152342557907
8.835898756980896
25.01479423046112
25.944380819797516
32.47026014328003
39.853402614593506
14.04089829325676
26.562649071216583
44.198412388563156
47.26345902681351
34.75259110331535
30.085960060358047
9.933254152536392
23.54359646141529
21.154246747493744
11.407088562846184
10.777008593082428
3.7052372992038727
7.738460212945938
0.7745380401611328
30.677368998527527
53.03950351476669
13.853288471698761
26.806028366088867
42.56013557314873
27.34528350830078
13.783193051815033
16.306563049554825
5.887621998786926
26.641971588134766
58.97439855337143
65.92324161529541
43.311360478401184
11.027873516082764
4.654241144657135
0.4863241910934448
13.145465075969696
68.58958929777145
15.386386066675186
26.08002570271492
12.170506566762924
27.799794495105743
50.17198121547699
54.234559148550034
55.35661631822586
17.328886687755585
22.184251874685287
4.288846462965012
32.26667100191116
69.21595349907875
35.044521152973175
31.079165816307068
25.649807572364807
8.670431137084961
7.969134032726288
7.673676788806915
5.679405480623245
8.822438299655914
61.49267980456352
17.233227878808975
14.164583504199982
10.163423985242844
13.914344817399979
9.190553903579712
30.57382184267044
91.842335999012
27.763299971818924
18.520169109106064
1.8539546430110931
0.7951506972312927
1.9654851853847504
0.605150043964386
1.0483457446098328
2.266690969467163
0.11857938766479492
1.2608262300491333
0.05966067314147949
16.78006210923195
2.150667726993561
13.176350057125092
8.023884266614914
10.356673151254654
40.67127966880798
44.73422494530678
7.460051953792572
36.76518929004669
92.82130375504494
11.316755563020706
9.496269226074219
16.59957492351532
13.12052583694458
6.786675035953522
1.2737789452075958
0.029687881469726562
0.042729973793029785
0.008997201919555664
0.042639851570129395
0.008318305015563965
0.07172632217407227
0.04321563243865967
0.15514910221099854
0.0038046836853027344
0.0067021846771240234
0.0023984909057617188
0.0037865638732910156
0.0032377243041992188
0.0016911029815673828
0.3033943772315979
13.08052396774292
52.623648911714554
19.291864156723022
14.740589052438736
110.0545662343502
43.7765117585659
29.132959872484207
18.962584853172302
8.26817798614502
3.8715582191944122
12.588246792554855
0.7422062754631042
4.501651465892792
1.1199402511119843
0.19637006521224976
0.04960101842880249
1.0932531356811523
7.665823519229889
3.9872217774391174
3.089767873287201
5.375788152217865
0.49716782569885254
0.09828323125839233
52.07093533873558
49.370845794677734
30.76236067712307
23.495942145586014
7.561817795038223
7.090568542480469
41.153812527656555
17.097208738327026
30.331924319267273
8.868606716394424
40.213009387254715
33.751437962055206
5.309211254119873
7.090789079666138
13.554324865341187
22.809978753328323
8.103462010622025
20.87237909436226
9.020857781171799
2.3408769965171814
2.5291160345077515
11.922788798809052
12.482724040746689
36.75513282418251
39.05322274565697
18.96924613416195
23.09026762843132
5.303722441196442
3.755285605788231
0.9934160709381104
6.53478541970253
0.13554227352142334
1.1045570373535156
0.07452553510665894
0.039935946464538574
0.0068705081939697266
0.007348537445068359
0.002573251724243164
0.016826510429382324
0.01702791452407837
0.18844032287597656
0.026897907257080078
0.07880270481109619
0.02557086944580078
0.36729252338409424
2.4900118708610535
0.020011067390441895
0.7873596847057343
2.2255762815475464
0.009013175964355469
0.007059574127197266
0.00037539005279541016
0.005408525466918945
0.0010970830917358398
0.005347490310668945
0.0023279190063476562
0.0001590251922607422
0.39235496520996094
0.35596075654029846
0.00022077560424804688
0.09294688701629639
0.0014559030532836914
0.0002052783966064453
0.005885899066925049
0.0027527809143066406
0.0006392002105712891
0.0028678178787231445
0.0007120370864868164
0.00013530254364013672
0.0030617713928222656
0.0009284019470214844
0.008942127227783203
0.0007838010787963867
0.0010979175567626953
0.0003705024719238281
0.002117633819580078
0.0011426210403442383
0.00018286705017089844
0.0007991790771484375
0.0010097026824951172
0.00025475025177001953
0.00016164779663085938
0.0006668567657470703
0.04850625991821289
0.025336742401123047
6.0558319091796875e-05
0.0001628398895263672
0.0003094673156738281
0.00031256675720214844
0.0003523826599121094
0.00010848045349121094
0.0014705657958984375
7.867813110351562e-05
0.00017786026000976562
0.0005393028259277344
4.982948303222656e-05
0.0004743337631225586
0.000301361083984375
6.127357482910156e-05
1.5974044799804688e-05
0.00024700164794921875
0.00010037422180175781
0.00022220611572265625
0.0008635520935058594
0.000977158546447754
0.00010037422180175781
0.00010156631469726562
0.000887751579284668
0.00016546249389648438
5.1975250244140625e-05
3.921985626220703e-05
0.0006479024887084961
7.104873657226562e-05
0.00019168853759765625
7.009506225585938e-05
0.0019118785858154297
0.00016069412231445312
6.937980651855469e-05
0.00014352798461914062
0.00023162364959716797
3.695487976074219e-05
5.91278076171875e-05
2.47955322265625e-05
3.600120544433594e-05
0.00026023387908935547
6.508827209472656e-05
0.00020742416381835938
2.5033950805664062e-05
0.00011587142944335938
0.0006908178329467773
0.00046122074127197266
8.821487426757812e-05
0.00010657310485839844
8.654594421386719e-05
8.320808410644531e-05
0.0002995729446411133
0.0002722740173339844
9.560585021972656e-05
0.0002205371856689453
0.00016927719116210938
0.00041496753692626953
0.0004930496215820312
3.075599670410156e-05
1.4066696166992188e-05
3.933906555175781e-05
5.53131103515625e-05
0.00018894672393798828
0.0001691579818725586
0.0001786947250366211
0.0005040168762207031
0.0012058019638061523
0.0001055002212524414
7.414817810058594e-05
0.000152587890625
0.00038611888885498047
0.00010943412780761719
0.0001201629638671875
4.220008850097656e-05
0.00011467933654785156
9.584426879882812e-05
0.0005936622619628906
0.0001347064971923828
4.291534423828125e-05
0.00010728836059570312
0.00015783309936523438
0.0006952285766601562
0.0001709461212158203
0.0002105236053466797
3.0994415283203125e-05
8.344650268554688e-05
4.00543212890625e-05
8.058547973632812e-05
0.00030350685119628906
3.4809112548828125e-05
0.0004322528839111328
0.0004203319549560547
0.00017452239990234375
0.00025069713592529297
3.552436828613281e-05
0.0002524852752685547
0.00017917156219482422
0.00024569034576416016
4.0531158447265625e-05
8.726119995117188e-05
6.985664367675781e-05
0.0002894401550292969
0.00011444091796875
0.00013172626495361328
0.00015306472778320312
9.179115295410156e-05
0.0001766681671142578
9.5367431640625e-06
4.7206878662109375e-05
0.00037229061126708984
0.0001983642578125
6.973743438720703e-05
0.000133514404296875
0.00010585784912109375
0.00034749507904052734
0.00035774707794189453
7.95125961303711e-05
0.00013756752014160156
9.083747863769531e-05
0.00022602081298828125
3.314018249511719e-05
0.0008515119552612305
6.961822509765625e-05
7.557868957519531e-05
0.0001614093780517578
0.0002110004425048828
0.00031065940856933594
1.4781951904296875e-05
0.0004086494445800781
0.00011134147644042969
0.00012493133544921875
0.000171661376953125
1.5497207641601562e-05
0.00010037422180175781
9.870529174804688e-05
2.47955322265625e-05
9.036064147949219e-05
0.0001518726348876953
0.00022125244140625
0.00023365020751953125
0.0002334117889404297
6.723403930664062e-05
0.00016450881958007812
7.963180541992188e-05
0.00017440319061279297
2.1457672119140625e-05
0.00018715858459472656
5.817413330078125e-05
0.00032401084899902344
0.0001823902130126953
0.00010943412780761719
0.00037932395935058594
0.00012612342834472656
0.00010752677917480469
9.012222290039062e-05
0.00029206275939941406
6.413459777832031e-05
0.00012052059173583984
0.00018298625946044922
6.54458999633789e-05
0.0002548694610595703
0.00017404556274414062
2.002716064453125e-05
0.00029087066650390625
0.0001556873321533203
6.365776062011719e-05
0.00030291080474853516
5.91278076171875e-05
7.081031799316406e-05
4.315376281738281e-05
8.845329284667969e-05
2.7418136596679688e-05
0.0003237724304199219
3.9577484130859375e-05
0.0002837181091308594
0.00021600723266601562
6.961822509765625e-05
0.0001373291015625
0.0002148151397705078
0.00020074844360351562
0.0001685619354248047
0.000133514404296875
1.3589859008789062e-05
8.082389831542969e-05
0.00014007091522216797
1.8596649169921875e-05
2.9206275939941406e-05
0.00020647048950195312
0.00021445751190185547
0.000578761100769043
5.7697296142578125e-05
5.924701690673828e-05
2.47955322265625e-05
0.00014543533325195312
5.316734313964844e-05
9.5367431640625e-06
0.0001055002212524414
0.00010085105895996094
0.00020706653594970703
0.00010395050048828125
0.00015497207641601562
0.00026404857635498047
0.0002455711364746094
9.918212890625e-05
0.0002301931381225586
4.506111145019531e-05
0.00024199485778808594
0.00017070770263671875
0.00021791458129882812
3.838539123535156e-05
0.000118255615234375
3.838539123535156e-05
0.00041687488555908203
4.291534423828125e-05
6.175041198730469e-05
0.00018227100372314453
4.303455352783203e-05
3.814697265625e-05
0.00014638900756835938
1.8715858459472656e-05
4.1961669921875e-05
0.00016260147094726562
4.887580871582031e-05
1.049041748046875e-05
4.6253204345703125e-05
0.0003936290740966797
3.0279159545898438e-05
7.176399230957031e-05
0.00015664100646972656
0.00019311904907226562
0.00011873245239257812
0.0004241466522216797
8.082389831542969e-05
0.00013494491577148438
0.00021457672119140625
0.0001087188720703125
0.00012636184692382812
0.00012826919555664062
0.00011038780212402344
0.0004944801330566406
4.9591064453125e-05
0.0003452301025390625
4.1961669921875e-05
4.57763671875e-05
5.2928924560546875e-05
0.00012612342834472656
9.036064147949219e-05
0.00010967254638671875
3.552436828613281e-05
0.00016760826110839844
0.00010132789611816406
3.361701965332031e-05
0.0001380443572998047
4.2438507080078125e-05
7.987022399902344e-05
5.602836608886719e-05
0.0001443624496459961
0.00019228458404541016
3.266334533691406e-05
2.9802322387695312e-05
7.939338684082031e-05
0.00017833709716796875
0.00021004676818847656
0.00014543533325195312
8.654594421386719e-05
0.0003629922866821289
3.6716461181640625e-05
0.00029337406158447266
0.00014352798461914062
1.2636184692382812e-05
0.0001710653305053711
6.175041198730469e-05
0.0001729726791381836
8.058547973632812e-05
4.7206878662109375e-05
1.2874603271484375e-05
5.91278076171875e-05
1.2159347534179688e-05
0.00013494491577148438
0.00011920928955078125
0.0001780986785888672
0.0002104043960571289
0.00045371055603027344
0.00018870830535888672
0.00011754035949707031
0.00012826919555664062
7.867813110351562e-05
2.7179718017578125e-05
0.00021839141845703125
7.271766662597656e-05
4.029273986816406e-05
3.4332275390625e-05
1.6689300537109375e-05
0.00016951560974121094
7.557868957519531e-05
4.172325134277344e-05
0.0001723766326904297
3.719329833984375e-05
1.9073486328125e-06
0.00012254714965820312
1.621246337890625e-05
0.0001442432403564453
0.00016689300537109375
0.0002530813217163086
0.0001506805419921875
0.0003693103790283203
0.00015807151794433594
7.832050323486328e-05
1.430511474609375e-05
0.00016260147094726562
5.555152893066406e-05
8.535385131835938e-05
2.8252601623535156e-05
4.172325134277344e-05
7.224082946777344e-05
2.4557113647460938e-05
4.589557647705078e-05
4.8160552978515625e-05
0.00014448165893554688
3.147125244140625e-05
6.198883056640625e-05
0.00020074844360351562
5.078315734863281e-05
4.267692565917969e-05
0.00010025501251220703
8.654594421386719e-05
5.1975250244140625e-05
6.175041198730469e-05
3.7670135498046875e-05
5.054473876953125e-05
0.00012385845184326172
3.0994415283203125e-05
0.0004838705062866211
2.8371810913085938e-05
0.0004330873489379883
4.649162292480469e-05
0.00012612342834472656
0.0002262592315673828
0.0004895925521850586
0.00020837783813476562
4.7087669372558594e-05
2.0265579223632812e-05
1.0013580322265625e-05
6.890296936035156e-05
0.0002493858337402344
0.00027942657470703125
0.00013494491577148438
4.553794860839844e-05
0.00029754638671875
0.00035393238067626953
0.00020074844360351562
7.128715515136719e-05
8.273124694824219e-05
0.00012969970703125
2.47955322265625e-05
4.076957702636719e-05
3.647804260253906e-05
0.00015306472778320312
0.00012612342834472656
0.00019216537475585938
9.655952453613281e-05
0.00020742416381835938
0.0001308917999267578
7.62939453125e-06
0.00012028217315673828
7.43865966796875e-05
0.00025773048400878906
3.7670135498046875e-05
2.193450927734375e-05
6.008148193359375e-05
0.0001308917999267578
5.888938903808594e-05
5.9723854064941406e-05
3.4332275390625e-05
6.508827209472656e-05
2.4080276489257812e-05
0.0001894235610961914
5.9604644775390625e-05
0.0001844167709350586
0.0002243518829345703
3.0040740966796875e-05
4.029273986816406e-05
0.00011134147644042969
0.00026488304138183594
4.839897155761719e-05
0.00016069412231445312
9.548664093017578e-05
2.4080276489257812e-05
4.2557716369628906e-05
9.703636169433594e-05
7.927417755126953e-05
3.4809112548828125e-05
0.00012755393981933594
2.5987625122070312e-05
1.3113021850585938e-05
0.00010418891906738281
0.00029921531677246094
0.0001685619354248047
0.000286102294921875
0.00011599063873291016
6.4849853515625e-05
3.409385681152344e-05
8.893013000488281e-05
5.793571472167969e-05
0.00030732154846191406
0.00017571449279785156
6.031990051269531e-05
5.7697296142578125e-05
3.314018249511719e-05
0.0003420114517211914
0.0002084970474243164
9.441375732421875e-05
6.115436553955078e-05
6.842613220214844e-05
0.00024628639221191406
0.00018084049224853516
0.00017309188842773438
0.00012254714965820312
8.320808410644531e-05
9.5367431640625e-05
6.699562072753906e-05
2.4080276489257812e-05
3.2901763916015625e-05
1.1920928955078125e-05
0.0002429485321044922
7.677078247070312e-05
8.285045623779297e-05
0.00010979175567626953
4.935264587402344e-05
5.316734313964844e-05
7.510185241699219e-05
2.956390380859375e-05
6.890296936035156e-05
2.288818359375e-05
3.6716461181640625e-05
5.984306335449219e-05
0.00017905235290527344
2.288818359375e-05
0.00023925304412841797
0.00027942657470703125
0.0001919269561767578
1.6808509826660156e-05
1.0609626770019531e-05
3.0994415283203125e-05
3.1828880310058594e-05
3.6716461181640625e-05
0.0001049041748046875
5.459785461425781e-05
0.0002690553665161133
1.9311904907226562e-05
5.5789947509765625e-05
0.00011968612670898438
0.00012195110321044922
0.00019490718841552734
0.00010085105895996094
0.0001742839813232422
0.00013458728790283203
0.00029397010803222656
6.532669067382812e-05
6.937980651855469e-05
0.00019359588623046875
5.221366882324219e-05
0.00018525123596191406
0.00023508071899414062
3.981590270996094e-05
2.3126602172851562e-05
6.985664367675781e-05
8.654594421386719e-05
8.273124694824219e-05
0.00023293495178222656
5.602836608886719e-05
6.878376007080078e-05
0.00012636184692382812
0.00015807151794433594
2.6226043701171875e-05
3.838539123535156e-05
5.125999450683594e-05
1.5020370483398438e-05
0.000141143798828125
5.507469177246094e-05
7.62939453125e-05
0.0001226663589477539
0.00010180473327636719
0.00011563301086425781
8.916854858398438e-05
0.0001214742660522461
1.895427703857422e-05
0.00016617774963378906
7.867813110351562e-06
2.2649765014648438e-05
0.0002434253692626953
0.00033211708068847656
5.125999450683594e-05
2.110004425048828e-05
0.0002567768096923828
0.00030422210693359375
1.811981201171875e-05
2.7179718017578125e-05
3.4809112548828125e-05
0.00014519691467285156
1.8596649169921875e-05
9.226799011230469e-05
0.00010955333709716797
0.0001671314239501953
0.00011515617370605469
0.00012600421905517578
0.0001271963119506836
0.0001735687255859375
5.412101745605469e-05
3.457069396972656e-05
0.00012481212615966797
2.09808349609375e-05
0.0002124309539794922
0.00010251998901367188
1.4781951904296875e-05
3.886222839355469e-05
0.00016129016876220703
0.00020945072174072266
3.993511199951172e-05
0.0002434253692626953
1.430511474609375e-05
0.00020194053649902344
2.2411346435546875e-05
5.435943603515625e-05
8.535385131835938e-05
0.00018286705017089844
9.465217590332031e-05
2.1696090698242188e-05
0.00014913082122802734
7.62939453125e-05
3.719329833984375e-05
6.270408630371094e-05
0.0001537799835205078
1.33514404296875e-05
7.033348083496094e-05
0.00010013580322265625
8.034706115722656e-05
2.288818359375e-05
9.369850158691406e-05
4.7206878662109375e-05
8.940696716308594e-05
0.0004286766052246094
4.291534423828125e-05
5.4717063903808594e-05
8.440017700195312e-05
4.601478576660156e-05
4.982948303222656e-05
0.0001214742660522461
5.078315734863281e-05
0.00013637542724609375
0.0002448558807373047
4.863739013671875e-05
0.00016307830810546875
3.4809112548828125e-05
5.698204040527344e-05
0.00016617774963378906
4.553794860839844e-05
0.0002416372299194336
0.000232696533203125
6.222724914550781e-05
0.0001537799835205078
0.00019931793212890625
0.0001043081283569336
2.288818359375e-05
0.00014472007751464844
7.390975952148438e-05
0.0001747608184814453
6.4849853515625e-05
5.14984130859375e-05
0.0001856088638305664
9.441375732421875e-05
3.0279159545898438e-05
0.00012600421905517578
2.9802322387695312e-05
1.0013580322265625e-05
9.918212890625e-05
4.100799560546875e-05
2.765655517578125e-05
7.045269012451172e-05
0.00017082691192626953
2.4557113647460938e-05
8.0108642578125e-05
4.982948303222656e-05
1.4781951904296875e-05
0.00010478496551513672
0.0002434253692626953
2.4199485778808594e-05
7.2479248046875e-05
3.135204315185547e-05
3.62396240234375e-05
6.246566772460938e-05
2.9802322387695312e-05
0.0004736185073852539
0.0001971721649169922
0.0002905130386352539
7.295608520507812e-05
0.00013184547424316406
5.125999450683594e-05
7.987022399902344e-05
6.914138793945312e-05
0.00010561943054199219
2.193450927734375e-05
7.081031799316406e-05
6.0558319091796875e-05
0.0001957416534423828
4.267692565917969e-05
0.00012242794036865234
4.8160552978515625e-05
7.510185241699219e-05
7.939338684082031e-05
0.0001323223114013672
4.124641418457031e-05
4.482269287109375e-05
0.00011110305786132812
3.337860107421875e-05
0.00024247169494628906
1.0728836059570312e-05
0.00010180473327636719
0.0002651214599609375
2.9802322387695312e-05
6.008148193359375e-05
0.0001552104949951172
0.00010693073272705078
0.00013971328735351562
9.5367431640625e-05
5.435943603515625e-05
0.000118255615234375
2.2172927856445312e-05
5.459785461425781e-05
4.649162292480469e-05
5.221366882324219e-05
0.000156402587890625
3.3020973205566406e-05
0.00021588802337646484
5.555152893066406e-05
0.00020503997802734375
8.58306884765625e-05
8.988380432128906e-05
5.8650970458984375e-05
2.3365020751953125e-05
0.0002067089080810547
0.00012028217315673828
0.0002243518829345703
2.5033950805664062e-05
2.1457672119140625e-05
5.817413330078125e-05
0.0002524852752685547
6.341934204101562e-05
0.00012636184692382812
9.846687316894531e-05
2.6702880859375e-05
0.00018453598022460938
6.079673767089844e-05
0.0002849102020263672
0.00028073787689208984
0.00022220611572265625
0.0001270771026611328
7.915496826171875e-05
4.76837158203125e-05
0.00017714500427246094
1.4781951904296875e-05
7.104873657226562e-05
0.00010824203491210938
0.00015103816986083984
0.0002205371856689453
5.0187110900878906e-05
5.2928924560546875e-05
4.1961669921875e-05
3.24249267578125e-05
7.653236389160156e-05
3.0517578125e-05
2.574920654296875e-05
8.58306884765625e-06
4.863739013671875e-05
3.528594970703125e-05
3.528594970703125e-05
4.1961669921875e-05
0.00017058849334716797
1.0728836059570312e-05
6.389617919921875e-05
7.62939453125e-05
4.3392181396484375e-05
4.291534423828125e-05
0.00014591217041015625
2.0742416381835938e-05
6.306171417236328e-05
7.557868957519531e-05
2.2649765014648438e-05
7.653236389160156e-05
0.0001125335693359375
0.00012826919555664062
5.555152893066406e-05
1.1920928955078125e-05
0.000164031982421875
0.00020515918731689453
7.855892181396484e-05
0.0001354217529296875
4.3392181396484375e-05
6.222724914550781e-05
0.00014019012451171875
0.00010466575622558594
7.05718994140625e-05
0.00011277198791503906
9.715557098388672e-05
0.0002186298370361328
0.0001087188720703125
4.267692565917969e-05
0.0002592802047729492
0.00011515617370605469
7.998943328857422e-05
3.814697265625e-05
4.7206878662109375e-05
0.00025653839111328125
3.838539123535156e-05
0.0002353191375732422
0.00010597705841064453
0.00015425682067871094
9.393692016601562e-05
0.00012445449829101562
0.00010561943054199219
0.0004086494445800781
5.91278076171875e-05
0.0001246929168701172
3.647804260253906e-05
6.413459777832031e-05
1.811981201171875e-05
8.726119995117188e-05
0.00010180473327636719
3.123283386230469e-05
9.34600830078125e-05
0.00012755393981933594
0.00026667118072509766
0.00019347667694091797
8.082389831542969e-05
4.112720489501953e-05
2.0265579223632812e-05
2.0503997802734375e-05
1.1682510375976562e-05
0.0002429485321044922
1.811981201171875e-05
4.029273986816406e-05
6.413459777832031e-05
8.249282836914062e-05
1.4066696166992188e-05
3.1948089599609375e-05
7.05718994140625e-05
5.5789947509765625e-05
3.8623809814453125e-05
5.4955482482910156e-05
5.4836273193359375e-05
1.811981201171875e-05
2.765655517578125e-05
0.00010967254638671875
0.00011301040649414062
0.0001367330551147461
5.221366882324219e-05
9.298324584960938e-06
3.5762786865234375e-05
0.00017642974853515625
2.9325485229492188e-05
6.580352783203125e-05
0.00016009807586669922
4.8160552978515625e-05
7.224082946777344e-05
0.00013065338134765625
3.361701965332031e-05
0.00010704994201660156
6.794929504394531e-05
0.0001049041748046875
5.459785461425781e-05
0.00036013126373291016
8.273124694824219e-05
3.5762786865234375e-05
0.0001823902130126953
5.340576171875e-05
2.7894973754882812e-05
0.00011992454528808594
5.817413330078125e-05
8.225440979003906e-05
1.9550323486328125e-05
0.0003612041473388672
0.0001785755157470703
0.00011563301086425781
7.963180541992188e-05
4.5299530029296875e-06
3.0994415283203125e-05
0.00012433528900146484
9.202957153320312e-05
6.580352783203125e-05
2.3126602172851562e-05
0.00014448165893554688
0.00033104419708251953
0.0002033710479736328
3.9577484130859375e-05
0.0001201629638671875
0.00018286705017089844
0.00014591217041015625
0.00012350082397460938
8.916854858398438e-05
2.193450927734375e-05
1.3113021850585938e-05
0.00020623207092285156
0.00016260147094726562
6.008148193359375e-05
1.6689300537109375e-05
3.5762786865234375e-05
2.5510787963867188e-05
0.00021839141845703125
8.96453857421875e-05
9.1552734375e-05
5.9723854064941406e-05
0.00011181831359863281
2.384185791015625e-05
0.00011467933654785156
2.47955322265625e-05
3.266334533691406e-05
4.100799560546875e-05
1.621246337890625e-05
2.86102294921875e-05
0.00030231475830078125
4.649162292480469e-05
0.0001405477523803711
3.838539123535156e-05
7.49826431274414e-05
0.0002307891845703125
4.9591064453125e-05
1.6689300537109375e-05
1.1205673217773438e-05
3.0517578125e-05
0.0001430511474609375
3.886222839355469e-05
5.555152893066406e-05
0.0001710653305053711
2.0265579223632812e-05
9.72747802734375e-05
9.799003601074219e-05
0.00014853477478027344
9.393692016601562e-05
4.172325134277344e-05
0.00025343894958496094
0.00014472007751464844
8.96453857421875e-05
9.906291961669922e-05
0.00017380714416503906
0.00013911724090576172
0.00019502639770507812
2.7418136596679688e-05
3.24249267578125e-05
8.320808410644531e-05
4.100799560546875e-05
0.0001404285430908203
4.839897155761719e-05
1.8835067749023438e-05
0.00015723705291748047
0.0001246929168701172
0.0001571178436279297
7.033348083496094e-05
0.0001456737518310547
0.0002733469009399414
6.771087646484375e-05
2.09808349609375e-05
0.00011515617370605469
8.058547973632812e-05
7.581710815429688e-05
9.679794311523438e-05
3.337860107421875e-05
0.00021839141845703125
9.107589721679688e-05
6.842613220214844e-05
1.9788742065429688e-05
3.361701965332031e-05
3.337860107421875e-05
6.67572021484375e-05
2.9325485229492188e-05
0.00011229515075683594
0.0002168416976928711
3.314018249511719e-05
0.00012302398681640625
0.0001499652862548828
0.00012171268463134766
5.1975250244140625e-05
0.0001404285430908203
5.125999450683594e-05
9.059906005859375e-06
5.1140785217285156e-05
4.0411949157714844e-05
9.72747802734375e-05
9.751319885253906e-05
0.0003044605255126953
5.888938903808594e-05
4.410743713378906e-05
1.2636184692382812e-05
2.574920654296875e-05
8.487701416015625e-05
0.00015687942504882812
3.528594970703125e-05
3.4332275390625e-05
0.00021076202392578125
0.00020051002502441406
6.377696990966797e-05
0.00013387203216552734
8.344650268554688e-05
0.0001157522201538086
3.886222839355469e-05
4.553794860839844e-05
0.00017976760864257812
6.604194641113281e-05
7.224082946777344e-05
4.220008850097656e-05
7.557868957519531e-05
4.5299530029296875e-05
9.298324584960938e-05
0.0003432035446166992
0.00016307830810546875
9.119510650634766e-05
2.7179718017578125e-05
4.1484832763671875e-05
1.3828277587890625e-05
9.799003601074219e-05
3.695487976074219e-05
2.9325485229492188e-05
0.00017881393432617188
5.745887756347656e-05
4.1961669921875e-05
0.0001270771026611328
1.5020370483398438e-05
0.00015354156494140625
9.512901306152344e-05
6.270408630371094e-05
4.696846008300781e-05
0.00017726421356201172
0.00022983551025390625
1.049041748046875e-05
5.352497100830078e-05
4.839897155761719e-05
0.00015854835510253906
0.00010442733764648438
3.0279159545898438e-05
0.00014841556549072266
5.698204040527344e-05
2.86102294921875e-05
0.0001531839370727539
5.7816505432128906e-05
2.574920654296875e-05
0.00018835067749023438
0.00021529197692871094
7.486343383789062e-05
6.306171417236328e-05
4.267692565917969e-05
3.266334533691406e-05
0.00020766258239746094
1.8835067749023438e-05
0.00023293495178222656
0.0003292560577392578
2.9087066650390625e-05
1.5735626220703125e-05
9.584426879882812e-05
1.7404556274414062e-05
3.8623809814453125e-05
5.340576171875e-05
0.00010895729064941406
0.00011217594146728516
3.4332275390625e-05
3.337860107421875e-05
9.1552734375e-05
5.340576171875e-05
3.0517578125e-05
5.364418029785156e-05
0.00015926361083984375
2.0742416381835938e-05
6.389617919921875e-05
2.7894973754882812e-05
3.790855407714844e-05
0.00015783309936523438
8.225440979003906e-05
5.555152893066406e-05
6.0439109802246094e-05
6.651878356933594e-05
1.633167266845703e-05
0.0002524852752685547
0.00010383129119873047
2.1696090698242188e-05
0.00029730796813964844
0.00023412704467773438
4.029273986816406e-05
0.00012493133544921875
9.274482727050781e-05
9.775161743164062e-06
0.00010085105895996094
4.458427429199219e-05
0.00019872188568115234
0.00018477439880371094
2.8371810913085938e-05
5.53131103515625e-05
4.267692565917969e-05
0.0001506805419921875
9.679794311523438e-05
0.0001232624053955078
3.600120544433594e-05
0.0001628398895263672
0.0001666545867919922
6.29425048828125e-05
2.4080276489257812e-05
0.0001327991485595703
8.153915405273438e-05
2.8371810913085938e-05
2.86102294921875e-05
0.00011110305786132812
4.76837158203125e-05
1.9788742065429688e-05
0.00017523765563964844
0.00012230873107910156
9.000301361083984e-05
0.00015544891357421875
2.09808349609375e-05
3.170967102050781e-05
0.00011324882507324219
0.00010943412780761719
0.00018095970153808594
0.00011789798736572266
2.384185791015625e-05
7.176399230957031e-05
0.00014317035675048828
7.081031799316406e-05
0.00014579296112060547
2.3365020751953125e-05
1.33514404296875e-05
0.00024366378784179688
1.8596649169921875e-05
0.00017833709716796875
0.000110626220703125
4.649162292480469e-05
1.1920928955078125e-05
6.127357482910156e-05
7.283687591552734e-05
2.574920654296875e-05
3.0994415283203125e-05
6.222724914550781e-05
2.47955322265625e-05
8.463859558105469e-05
2.765655517578125e-05
4.029273986816406e-05
6.80685043334961e-05
0.000232696533203125
0.00011754035949707031
0.0002561807632446289
3.266334533691406e-05
0.0002645254135131836
7.414817810058594e-05
6.937980651855469e-05
0.00023484230041503906
0.00018155574798583984
5.078315734863281e-05
3.4332275390625e-05
0.0001767873764038086
4.8279762268066406e-05
7.843971252441406e-05
2.1696090698242188e-05
5.125999450683594e-05
0.00010633468627929688
6.866455078125e-05
5.1021575927734375e-05
0.00011968612670898438
3.218650817871094e-05
6.151199340820312e-05
0.0001499652862548828
6.949901580810547e-05
0.0003756284713745117
5.817413330078125e-05
5.841255187988281e-05
7.295608520507812e-05
8.630752563476562e-05
0.0001308917999267578
2.288818359375e-05
4.8160552978515625e-05
0.00026917457580566406
8.487701416015625e-05
9.417533874511719e-05
9.202957153320312e-05
7.867813110351562e-05
2.3603439331054688e-05
0.00011551380157470703
3.147125244140625e-05
7.653236389160156e-05
9.357929229736328e-05
0.00016236305236816406
0.00011086463928222656
1.71661376953125e-05
0.0002503395080566406
5.364418029785156e-05
0.00015175342559814453
1.4781951904296875e-05
2.3603439331054688e-05
1.5974044799804688e-05
5.4836273193359375e-05
0.0003190040588378906
1.811981201171875e-05
8.58306884765625e-05
2.5033950805664062e-05
5.0067901611328125e-05
8.368492126464844e-05
0.00012803077697753906
2.3365020751953125e-05
3.6716461181640625e-05
7.295608520507812e-05
0.00019121170043945312
0.0002353191375732422
2.1696090698242188e-05
0.00011229515075683594
4.506111145019531e-05
6.091594696044922e-05
4.2319297790527344e-05
4.875659942626953e-05
2.6226043701171875e-05
4.291534423828125e-05
0.00013208389282226562
3.0517578125e-05
0.0002758502960205078
0.0002048015594482422
6.699562072753906e-05
8.153915405273438e-05
2.1219253540039062e-05
2.7418136596679688e-05
4.1961669921875e-05
2.7894973754882812e-05
7.987022399902344e-05
0.00021767616271972656
4.38690185546875e-05
9.071826934814453e-05
9.012222290039062e-05
3.314018249511719e-05
8.58306884765625e-06
1.9311904907226562e-05
8.726119995117188e-05
0.0001379251480102539
0.0002510547637939453
6.330013275146484e-05
2.6941299438476562e-05
0.00019884109497070312
1.6927719116210938e-05
0.00012314319610595703
4.1961669921875e-05
9.918212890625e-05
3.170967102050781e-05
5.53131103515625e-05
0.0001583099365234375
0.0001125335693359375
6.866455078125e-05
0.0001952648162841797
0.00018966197967529297
7.557868957519531e-05
7.486343383789062e-05
1.9073486328125e-05
0.0002186298370361328
0.00015032291412353516
3.0279159545898438e-05
0.0001361370086669922
9.429454803466797e-05
3.886222839355469e-05
4.839897155761719e-05
2.4557113647460938e-05
8.380413055419922e-05
0.00020802021026611328
4.363059997558594e-05
7.343292236328125e-05
8.881092071533203e-05
9.036064147949219e-05
8.821487426757812e-06
0.00036704540252685547
5.7697296142578125e-05
0.00013053417205810547
2.2172927856445312e-05
8.869171142578125e-05
2.2649765014648438e-05
3.7670135498046875e-05
3.3855438232421875e-05
0.0002231597900390625
1.7642974853515625e-05
3.5762786865234375e-05
0.00028705596923828125
0.00025916099548339844
2.3126602172851562e-05
5.030632019042969e-05
2.5987625122070312e-05
9.66787338256836e-05
2.6226043701171875e-05
2.1696090698242188e-05
7.998943328857422e-05
0.00024580955505371094
4.4345855712890625e-05
0.0001016855239868164
2.6464462280273438e-05
0.00014901161193847656
0.00022077560424804688
5.0067901611328125e-05
9.059906005859375e-05
6.401538848876953e-05
0.00015115737915039062
0.0002765655517578125
4.696846008300781e-05
0.00010347366333007812
2.288818359375e-05
1.9550323486328125e-05
8.58306884765625e-06
0.0001430511474609375
9.417533874511719e-05
1.049041748046875e-05
0.00011670589447021484
1.4066696166992188e-05
0.00015342235565185547
2.8371810913085938e-05
0.0001270771026611328
0.00012445449829101562
9.274482727050781e-05
0.0001804828643798828
4.100799560546875e-05
0.0001398324966430664
0.00016021728515625
9.369850158691406e-05
1.6689300537109375e-05
1.2159347534179688e-05
0.00013637542724609375
3.8623809814453125e-05
7.295608520507812e-05
2.3126602172851562e-05
1.9788742065429688e-05
3.981590270996094e-05
7.867813110351562e-06
0.00016796588897705078
6.628036499023438e-05
0.00015687942504882812
7.474422454833984e-05
7.152557373046875e-05
1.7642974853515625e-05
0.0002086162567138672
0.00019741058349609375
8.320808410644531e-05
8.606910705566406e-05
0.0001474618911743164
4.6253204345703125e-05
9.34600830078125e-05
0.00011610984802246094
5.5789947509765625e-05
4.2438507080078125e-05
0.0001285076141357422
2.2292137145996094e-05
4.792213439941406e-05
0.00011777877807617188
1.919269561767578e-05
4.4345855712890625e-05
0.00023603439331054688
6.008148193359375e-05
0.00010442733764648438
1.811981201171875e-05
0.00022268295288085938
7.271766662597656e-05
0.00020992755889892578
0.00010371208190917969
7.331371307373047e-05
7.975101470947266e-05
4.2438507080078125e-05
4.2438507080078125e-05
6.699562072753906e-05
0.00011110305786132812
5.7697296142578125e-05
2.6464462280273438e-05
4.506111145019531e-05
6.937980651855469e-05
0.00015461444854736328
0.00011801719665527344
0.00015044212341308594
7.62939453125e-05
0.00010704994201660156
9.799003601074219e-05
1.1920928955078125e-05
5.173683166503906e-05
8.130073547363281e-05
1.3113021850585938e-05
0.000171661376953125
0.00018799304962158203
4.1961669921875e-05
0.0001437664031982422
0.00014901161193847656
3.814697265625e-05
4.38690185546875e-05
0.00025641918182373047
7.510185241699219e-05
0.00013756752014160156
1.9788742065429688e-05
0.0002200603485107422
2.7894973754882812e-05
0.00011324882507324219
0.00014019012451171875
2.3365020751953125e-05
1.0013580322265625e-05
8.094310760498047e-05
4.482269287109375e-05
5.412101745605469e-05
0.00017142295837402344
0.00020897388458251953
1.3589859008789062e-05
0.00012803077697753906
6.914138793945312e-05
0.00010418891906738281
7.915496826171875e-05
0.00012826919555664062
9.775161743164062e-06
4.3392181396484375e-05
4.315376281738281e-05
8.690357208251953e-05
6.985664367675781e-05
0.0002931356430053711
6.747245788574219e-05
0.00014972686767578125
5.316734313964844e-05
0.0001304149627685547
7.545948028564453e-05
0.00015354156494140625
0.00020694732666015625
4.9114227294921875e-05
0.00010895729064941406
0.00012493133544921875
3.3855438232421875e-05
2.5510787963867188e-05
0.0001277923583984375
8.106231689453125e-06
0.0001404285430908203
2.6464462280273438e-05
0.00013589859008789062
6.031990051269531e-05
2.1219253540039062e-05
1.5735626220703125e-05
1.9073486328125e-05
5.030632019042969e-05
6.842613220214844e-05
0.00010704994201660156
4.7206878662109375e-05
0.00036025047302246094
6.222724914550781e-05
0.00020074844360351562
2.765655517578125e-05
3.743171691894531e-05
0.00015628337860107422
8.893013000488281e-05
9.298324584960938e-06
0.00010383129119873047
0.0001468658447265625
2.1696090698242188e-05
4.291534423828125e-05
6.866455078125e-05
0.0001633167266845703
5.245208740234375e-06
6.0677528381347656e-05
7.581710815429688e-05
8.45193862915039e-05
9.5367431640625e-06
2.7418136596679688e-05
0.00022220611572265625
0.00016927719116210938
0.0002598762512207031
5.507469177246094e-05
7.05718994140625e-05
0.000179290771484375
9.322166442871094e-05
2.4318695068359375e-05
0.00013756752014160156
0.00015735626220703125
9.298324584960938e-06
0.00012993812561035156
4.410743713378906e-05
0.0001609325408935547
5.125999450683594e-05
2.6941299438476562e-05
0.00015819072723388672
6.198883056640625e-06
2.3603439331054688e-05
5.745887756347656e-05
0.00024378299713134766
7.867813110351562e-06
8.058547973632812e-05
5.364418029785156e-05
0.0002110004425048828
4.8160552978515625e-05
2.7179718017578125e-05
3.814697265625e-05
5.4836273193359375e-05
2.4080276489257812e-05
0.000141143798828125
7.200241088867188e-05
0.0001976490020751953
3.337860107421875e-05
5.1975250244140625e-05
0.00013530254364013672
0.0002779960632324219
