325.3409912586212
324.4529085159302
323.5685963630676
323.04360842704773
321.86855816841125
321.16741967201233
320.2713871002197
318.8447103500366
319.46482372283936
319.86440873146057
319.2529857158661
319.3848090171814
318.5717394351959
318.7911138534546
318.5090663433075
318.862669467926
317.08833479881287
317.84807991981506
316.2117033004761
311.576541185379
299.40430212020874
281.7180371284485
264.6318356990814
242.83805167675018
225.76036846637726
206.20976650714874
187.69878697395325
176.21022820472717
150.6714205443859
140.91342508792877
121.0370836853981
112.2123039662838
103.01962357759476
97.70565712451935
71.34636890888214
63.71155747771263
63.44871029257774
50.03873813152313
47.48754674196243
36.44803684949875
42.28144481778145
40.722050845623016
27.151200652122498
31.84047967195511
27.673501640558243
21.915976017713547
17.575880229473114
24.15573126077652
28.864640682935715
17.978081107139587
18.702918469905853
13.189378678798676
11.064137399196625
17.60577791929245
12.548505187034607
16.455013275146484
11.37279087305069
7.469266891479492
8.552234590053558
6.833319067955017
6.664070010185242
4.703768849372864
3.7155134081840515
9.517772912979126
2.0387993454933167
2.5855671167373657
7.339806497097015
3.249720871448517
3.4596582651138306
7.067093312740326
6.473741203546524
0.9439786672592163
0.28699958324432373
2.139328360557556
2.5222138166427612
6.929064452648163
2.4310771226882935
1.3926454782485962
0.5879302024841309
3.5987629294395447
2.7457027435302734
2.939552068710327
2.019497036933899
1.2557533979415894
3.3992332220077515
0.3078514337539673
1.8244712352752686
2.6644296050071716
2.8336681127548218
5.742394268512726
5.981324851512909
2.483830451965332
0.7428133487701416
0.4205220937728882
0.056899070739746094
0.19106066226959229
0.049956560134887695
0.027127981185913086
0.030500292778015137
0.026175618171691895
0.023021221160888672
0.022782444953918457
0.015747904777526855
0.014928102493286133
0.01496875286102295
0.014548420906066895
0.02176511287689209
0.01760125160217285
0.018462777137756348
0.018413662910461426
0.014884352684020996
0.012205719947814941
0.007556915283203125
0.009534597396850586
0.008380770683288574
0.011527299880981445
0.008328676223754883
0.013149857521057129
0.012336134910583496
0.009213447570800781
0.008749246597290039
0.01089179515838623
0.009086370468139648
0.007807493209838867
0.006072998046875
0.005550742149353027
0.006743431091308594
0.01345682144165039
0.009871125221252441
0.009167194366455078
0.006847381591796875
0.011699318885803223
0.0064771175384521484
0.005224347114562988
0.005349397659301758
0.004964709281921387
0.0077686309814453125
0.005627036094665527
0.005183696746826172
0.005424976348876953
0.006810426712036133
0.004995822906494141
0.006308078765869141
0.004245400428771973
0.005076050758361816
0.007237434387207031
0.004113912582397461
0.004273176193237305
0.005514383316040039
0.0043675899505615234
0.006113529205322266
0.004029750823974609
0.006204366683959961
0.004154086112976074
0.0029163360595703125
0.0029838085174560547
0.004992961883544922
0.004746675491333008
0.0053784847259521484
0.00429844856262207
0.003977656364440918
0.0038722753524780273
0.0030744075775146484
0.003400087356567383
0.0032682418823242188
0.004415750503540039
0.003648042678833008
0.003512859344482422
0.002910614013671875
0.004136323928833008
0.0030112266540527344
0.0029735565185546875
0.003228425979614258
0.0029642581939697266
0.002979278564453125
0.0036770105361938477
0.0030388832092285156
0.003300189971923828
0.003945589065551758
0.003041505813598633
0.004724025726318359
0.002827882766723633
0.0038900375366210938
0.0031381845474243164
0.003675699234008789
0.0025615692138671875
0.001432657241821289
0.003214120864868164
0.002604961395263672
0.0036737918853759766
0.003093719482421875
0.0030324459075927734
0.0035811662673950195
0.004221081733703613
0.0028786659240722656
0.0041086673736572266
0.0025022029876708984
0.0020394325256347656
0.0040090084075927734
0.002531290054321289
0.0030066967010498047
0.0029151439666748047
0.002189159393310547
0.00323486328125
0.002089262008666992
0.002582550048828125
0.0027267932891845703
0.003607034683227539
0.002277374267578125
0.002937793731689453
0.0022895336151123047
0.004197835922241211
0.0020978450775146484
0.0022749900817871094
0.002115964889526367
0.001790761947631836
0.0018739700317382812
0.002434968948364258
0.0030879974365234375
0.002326488494873047
0.0022377967834472656
0.0025328397750854492
0.0023970603942871094
0.0030744075775146484
0.0034151077270507812
0.0017888545989990234
0.002876877784729004
0.0025734901428222656
0.0021207332611083984
0.0016105175018310547
0.0023651123046875
0.0022813081741333008
0.0027878284454345703
0.0020346641540527344
0.0023717880249023438
0.0020453929901123047
0.0025472640991210938
0.0017771720886230469
0.0025463104248046875
0.0023713111877441406
0.0024039745330810547
0.002559185028076172
0.001621246337890625
0.001581430435180664
0.0020973682403564453
0.0018384456634521484
0.0015096664428710938
0.001970052719116211
0.002567768096923828
0.0018608570098876953
0.0015790462493896484
0.0022687911987304688
0.0020241737365722656
0.0015993118286132812
0.001271963119506836
0.0018035173416137695
0.002118825912475586
0.0025682449340820312
0.0023870468139648438
0.0020946264266967773
0.0016865730285644531
0.0015001296997070312
0.002641439437866211
0.0020949840545654297
0.0018668174743652344
0.0021009445190429688
0.0016055107116699219
0.002716541290283203
0.001783609390258789
0.0022237300872802734
0.001960277557373047
0.002553224563598633
0.0007979869842529297
0.002140522003173828
0.0016524791717529297
0.0026433467864990234
0.0017611980438232422
0.0026966333389282227
0.0020678043365478516
0.001893758773803711
0.0015344619750976562
0.0018284320831298828
0.0013079643249511719
0.001331329345703125
0.002018451690673828
0.0015635490417480469
0.0015141963958740234
0.0016665458679199219
0.002028226852416992
0.0016326904296875
0.0011909008026123047
0.0017352104187011719
0.0015652179718017578
0.0022444725036621094
0.0020329952239990234
0.0018835067749023438
0.0013790130615234375
0.0015854835510253906
0.0016324520111083984
0.0015769004821777344
0.001948237419128418
0.0015404224395751953
0.0020079612731933594
0.0019500255584716797
0.0015158653259277344
0.002381563186645508
0.0018701553344726562
0.0024367570877075195
0.0012805461883544922
0.001249551773071289
0.0014576911926269531
0.0012853145599365234
0.0014429092407226562
0.002371549606323242
0.0018286705017089844
0.0011556148529052734
0.0014066696166992188
0.0009393692016601562
0.0017895698547363281
0.0015761852264404297
0.001611471176147461
0.0013916492462158203
0.0015039443969726562
0.0013074874877929688
0.0018477439880371094
0.0015621185302734375
0.0017554759979248047
0.0014142990112304688
0.002341628074645996
0.0014801025390625
0.0012824535369873047
0.0013942718505859375
0.0021648406982421875
0.0019488334655761719
0.0018007755279541016
0.0011072158813476562
0.0011665821075439453
0.0018084049224853516
0.0013320446014404297
0.0016477108001708984
0.001486063003540039
0.0015158653259277344
0.001508474349975586
0.0013523101806640625
0.0012335777282714844
0.001737356185913086
0.0016024112701416016
0.0015418529510498047
0.0014395713806152344
0.0014302730560302734
0.001531839370727539
0.0015094280242919922
0.001331329345703125
0.0017757415771484375
0.0015668869018554688
0.001735687255859375
0.001300811767578125
0.001486063003540039
0.001222372055053711
0.0013515949249267578
0.0011053085327148438
0.0013728141784667969
0.0011734962463378906
0.0011029243469238281
0.002057313919067383
0.00139617919921875
0.001128554344177246
0.002165555953979492
0.0010004043579101562
0.0013680458068847656
0.0015605688095092773
0.0010800361633300781
0.0018298625946044922
0.0011706352233886719
0.0009801387786865234
0.0015156269073486328
0.0012249946594238281
0.0013113021850585938
0.001028299331665039
0.0013074874877929688
0.002039194107055664
0.0014693737030029297
0.0013015270233154297
0.0019450187683105469
0.0009653568267822266
0.0015683174133300781
0.0023789405822753906
0.0012974739074707031
0.000835418701171875
0.001071929931640625
0.0008361339569091797
0.0012671947479248047
0.0012624263763427734
0.0015766620635986328
0.0014538764953613281
0.0010721683502197266
0.0012881755828857422
0.0011663436889648438
0.0009312629699707031
0.0015648603439331055
0.0015524625778198242
0.0014123916625976562
0.0012886524200439453
0.001210927963256836
0.0012793540954589844
0.0015344619750976562
0.0017197132110595703
0.0009083747863769531
0.0008516311645507812
0.0017621517181396484
0.0012831687927246094
0.0010766983032226562
0.0010495185852050781
0.0013031959533691406
0.001050710678100586
0.0011680126190185547
0.001638174057006836
0.0010828971862792969
0.0012998580932617188
0.0012969970703125
0.0008308887481689453
0.0019078254699707031
0.001369476318359375
0.0013935565948486328
0.0013267993927001953
0.0011472702026367188
0.0010285377502441406
0.0010280609130859375
0.0010902881622314453
0.0013613700866699219
0.0012736320495605469
0.0010790824890136719
0.0013968944549560547
0.0017058849334716797
0.001237630844116211
0.0015614032745361328
0.0012469291687011719
0.0010466575622558594
0.0011527538299560547
0.0017991065979003906
0.0007948875427246094
0.0013718605041503906
0.0014412403106689453
0.0011081695556640625
0.0013942718505859375
0.0014948844909667969
0.0009851455688476562
0.001222372055053711
0.0008146762847900391
0.0009663105010986328
0.0013701915740966797
0.0013093948364257812
0.0010137557983398438
0.001331329345703125
0.0009093284606933594
0.0006136894226074219
0.0012781620025634766
0.000978231430053711
0.0014841556549072266
0.0010981559753417969
0.0016998052597045898
0.0013196468353271484
0.0016705989837646484
0.0012514591217041016
0.001161336898803711
0.0010457038879394531
0.00131988525390625
0.0009341239929199219
0.0014388561248779297
0.0014674663543701172
0.0008707046508789062
0.0012019872665405273
0.0009670257568359375
0.0013234615325927734
0.0011477470397949219
0.0010030269622802734
0.0015940666198730469
0.001619577407836914
0.001054525375366211
0.0015101432800292969
0.001499176025390625
0.0008587837219238281
0.0007328987121582031
0.0014951229095458984
0.001180410385131836
0.001058816909790039
0.0011370182037353516
0.001055002212524414
0.0012812614440917969
0.0009546279907226562
0.0011601448059082031
0.0011281967163085938
0.0009789466857910156
0.0012960433959960938
0.0009822845458984375
0.0010712146759033203
0.0012023448944091797
0.0010859966278076172
0.0011544227600097656
0.0011036396026611328
0.0012788772583007812
0.0008165836334228516
0.0013872385025024414
0.0009071826934814453
0.001039743423461914
0.0007677078247070312
0.0008988380432128906
0.001386880874633789
0.0010857582092285156
0.0010883808135986328
0.0009667873382568359
0.0010383129119873047
0.0007619857788085938
0.0007538795471191406
0.0011479854583740234
0.001260995864868164
0.001249074935913086
0.0014452934265136719
0.0015769004821777344
0.0009019374847412109
0.0008473396301269531
0.0010929107666015625
0.0010864734649658203
0.0008914470672607422
0.0013883113861083984
0.0013338327407836914
0.0009517669677734375
0.0012454986572265625
0.001178741455078125
0.001195669174194336
0.0007793903350830078
0.0008757114410400391
0.0010745525360107422
0.000993967056274414
0.001146554946899414
0.0011985301971435547
0.0009493827819824219
0.001066446304321289
0.0010559558868408203
0.001575469970703125
0.0009822845458984375
0.0010759830474853516
0.0010378360748291016
0.0011382102966308594
0.0009474754333496094
0.0008022785186767578
0.0012825727462768555
0.0012323856353759766
0.0009272098541259766
0.0009827613830566406
0.0010445117950439453
0.0009455680847167969
0.0008747577667236328
0.0004916191101074219
0.0013093948364257812
0.0007650852203369141
0.0010154247283935547
0.0010561943054199219
0.001650094985961914
0.0009944438934326172
0.0011138916015625
0.0012946128845214844
0.0009765625
0.0007309913635253906
0.0009653568267822266
0.0010335445404052734
0.0008292198181152344
0.0008397102355957031
0.0008778572082519531
0.0010694265365600586
0.0013298988342285156
0.001010894775390625
0.0015439987182617188
0.00115966796875
0.001041412353515625
0.0009136199951171875
0.0019903182983398438
0.0008556842803955078
0.0009617805480957031
0.0007531642913818359
0.0010924339294433594
0.0007305145263671875
0.0012145042419433594
0.0009317398071289062
0.0006148815155029297
0.0012845993041992188
0.0011179447174072266
0.0010559558868408203
0.001041412353515625
0.0010044574737548828
0.0011665821075439453
0.0006330013275146484
0.001100301742553711
0.0010273456573486328
0.0010576248168945312
0.0015683174133300781
0.0009617805480957031
0.0007200241088867188
0.0010650157928466797
0.0009167194366455078
0.0010035037994384766
0.0008103847503662109
0.001165628433227539
0.001306772232055664
0.0008456707000732422
0.0012478828430175781
0.0010771751403808594
0.0011074542999267578
0.0008530616760253906
0.0011217594146728516
0.0011136531829833984
0.0011582374572753906
0.0012934207916259766
0.0011262893676757812
0.0008425712585449219
0.0012440681457519531
0.0014481544494628906
0.0008273124694824219
0.0007653236389160156
0.0008370876312255859
0.0007278919219970703
0.0008826255798339844
0.0009287595748901367
0.0005826950073242188
0.0008218288421630859
0.0009385347366333008
0.0013740062713623047
0.0006220340728759766
0.0007252693176269531
0.0008351802825927734
0.00101470947265625
0.0014064311981201172
0.00086212158203125
0.0011591911315917969
0.0013165473937988281
0.0012204647064208984
0.0010571479797363281
0.0009849071502685547
0.0009229183197021484
0.0011906623840332031
0.0007367134094238281
0.0011260509490966797
0.0010199546813964844
0.0012569427490234375
0.0008862018585205078
0.0009515285491943359
0.001161336898803711
0.0011146068572998047
0.0007524490356445312
0.0007929801940917969
0.0012006759643554688
0.0009090900421142578
0.0008687973022460938
0.0011789798736572266
0.0009427070617675781
0.0011222362518310547
0.0011088848114013672
0.0006806850433349609
0.0012459754943847656
0.0009262561798095703
0.0009436607360839844
0.0010161399841308594
0.0012745857238769531
0.001032114028930664
0.0009691715240478516
0.0009026527404785156
0.0007066726684570312
0.0008242130279541016
0.0006237030029296875
0.0012240409851074219
0.0008721351623535156
0.0007162094116210938
0.0009093284606933594
0.001331329345703125
0.0003838539123535156
0.001100301742553711
0.0009827613830566406
0.0011686086654663086
0.0009238719940185547
0.0012736320495605469
0.0006840229034423828
0.0010807514190673828
0.0012471675872802734
0.0008256435394287109
0.0008842945098876953
0.0008108615875244141
0.0008370876312255859
0.0009531974792480469
0.0011379718780517578
0.0009236335754394531
0.0009512901306152344
0.0016064643859863281
0.0011572837829589844
0.0007879734039306641
0.0006139278411865234
0.000989675521850586
0.0010242462158203125
0.0006668567657470703
0.000835418701171875
0.0009045600891113281
0.0007121562957763672
0.0010838508605957031
0.0011000633239746094
0.0009860992431640625
0.0011687278747558594
0.0006996393203735352
0.0010416507720947266
0.0009822845458984375
0.0008151531219482422
0.0007925033569335938
0.001137852668762207
0.00115203857421875
0.0010552406311035156
0.0007498264312744141
0.0006949901580810547
0.0008456707000732422
0.0008299350738525391
0.0009226799011230469
0.0011093616485595703
0.0008723735809326172
0.0013425350189208984
0.0008249282836914062
0.0013175010681152344
0.0006206035614013672
0.0008852481842041016
0.0009336471557617188
0.0012600421905517578
0.0010826587677001953
0.0010645389556884766
0.0010192394256591797
0.0005882978439331055
0.0007581710815429688
0.0006883144378662109
0.0010050535202026367
0.0007641315460205078
0.0010080337524414062
0.0007421970367431641
0.0007767677307128906
0.0012483596801757812
0.001325845718383789
0.0007381439208984375
0.0010116100311279297
0.0014083385467529297
0.001079559326171875
0.0010607242584228516
0.0006685256958007812
0.0006539821624755859
0.0008172988891601562
0.0009682178497314453
0.0008013248443603516
0.0009083747863769531
0.0006785392761230469
0.0009982585906982422
0.0006511211395263672
0.0014350414276123047
0.0010712146759033203
0.0006701946258544922
0.0012898445129394531
0.0007965564727783203
0.0010371208190917969
0.0009207725524902344
0.0008478164672851562
0.00072479248046875
0.0008385181427001953
0.0010669231414794922
0.0006721019744873047
0.0011188983917236328
0.0008907318115234375
0.0007231235504150391
0.0011832714080810547
0.0011339187622070312
0.0008103847503662109
0.0006728172302246094
0.0007784366607666016
0.0009448528289794922
0.0008661746978759766
0.0010497570037841797
0.0009586811065673828
0.0010917186737060547
0.0013282299041748047
0.0006661415100097656
0.0009410381317138672
0.0009202957153320312
0.0006704330444335938
0.0011515617370605469
0.0008940696716308594
0.0006964206695556641
0.0008561611175537109
0.0006551742553710938
0.001050710678100586
0.0006055831909179688
0.0009000301361083984
0.0013966560363769531
0.0008192062377929688
0.0008034706115722656
0.0010211467742919922
0.0013151168823242188
0.0009589195251464844
0.0008320808410644531
0.0011773109436035156
0.0004999637603759766
0.0005769729614257812
0.0011523962020874023
0.0008149147033691406
0.0011413097381591797
0.001177072525024414
0.0006086826324462891
0.0009571313858032227
0.0010790824890136719
0.0009639263153076172
0.0007719993591308594
0.0009238719940185547
0.0007586479187011719
0.0008275508880615234
0.0010654926300048828
0.0010378360748291016
0.0008747577667236328
0.0007846355438232422
0.0006101131439208984
0.0014247894287109375
0.0009186267852783203
0.0008721351623535156
0.0007231235504150391
0.0007314682006835938
0.0010929107666015625
0.0009672641754150391
0.0011777877807617188
0.001161813735961914
0.000823974609375
0.0006749629974365234
0.0007336139678955078
0.0008325576782226562
0.0008213520050048828
0.0011219978332519531
0.0004532337188720703
0.0008640289306640625
0.0009567737579345703
0.0011391639709472656
0.0009768009185791016
0.0008788108825683594
0.0006952285766601562
0.001062154769897461
0.0008096694946289062
0.0011749267578125
0.0007817745208740234
0.0009312629699707031
0.0007884502410888672
0.0012431144714355469
0.0006103515625
0.0009391307830810547
0.0007011890411376953
0.0009634494781494141
0.0008423328399658203
0.0007090568542480469
0.0005598068237304688
0.0007560253143310547
0.0007348060607910156
0.0007724761962890625
0.000779271125793457
0.0010666847229003906
0.0006289482116699219
0.0007143020629882812
0.0007011890411376953
0.0007908344268798828
0.0009338855743408203
0.0005357265472412109
0.0009367465972900391
0.0008885860443115234
0.0009607076644897461
0.0015494823455810547
0.0010619163513183594
0.0009198188781738281
0.000993967056274414
0.0010361671447753906
0.0008761882781982422
0.0006411075592041016
0.001016378402709961
0.0005929470062255859
0.0009291172027587891
0.0007719993591308594
0.0014805793762207031
0.0012438297271728516
0.0005998611450195312
0.0011379718780517578
0.0011161565780639648
0.0007457733154296875
0.0007011890411376953
0.001154184341430664
0.0006468296051025391
0.0010943412780761719
0.0012140274047851562
0.0007617473602294922
0.000919342041015625
0.0010724067687988281
0.0009279251098632812
0.000823974609375
0.0008094310760498047
0.0006418228149414062
0.0009253025054931641
0.0013823509216308594
0.001058340072631836
0.0011746883392333984
0.0006740093231201172
0.0010309219360351562
0.0006692409515380859
0.0007443428039550781
0.0011153221130371094
0.0005538463592529297
0.0009431838989257812
0.0005745887756347656
0.0008194446563720703
0.0006604194641113281
0.0007033348083496094
0.0008678436279296875
0.0006015300750732422
0.0005280971527099609
0.0010983943939208984
0.0012748241424560547
0.0007731914520263672
0.0012178421020507812
0.0013573169708251953
0.0005700588226318359
0.001215219497680664
0.0008780956268310547
0.0009598731994628906
0.0009031295776367188
0.0007359981536865234
0.0009696483612060547
0.0007119178771972656
0.0010457038879394531
0.001020193099975586
0.0008600950241088867
0.0009634494781494141
0.0007469654083251953
0.0007727146148681641
0.0005130767822265625
0.0008062124252319336
0.0010492801666259766
0.0006492137908935547
0.0009469985961914062
0.0004982948303222656
0.0008375644683837891
0.0011458396911621094
0.0008428096771240234
0.0006625652313232422
0.0004699230194091797
0.0007143020629882812
0.0007441043853759766
0.0007693767547607422
0.0011515617370605469
0.0010073184967041016
0.0010371208190917969
0.0011348724365234375
0.0007631778717041016
0.0006101131439208984
0.0007791519165039062
0.0009315013885498047
0.0006084442138671875
0.0012137889862060547
0.0007963180541992188
0.0009086132049560547
0.0010300874710083008
0.0010941028594970703
0.000946044921875
0.0011180639266967773
0.0008676052093505859
0.0010378360748291016
0.001071929931640625
0.0008742809295654297
0.0009088516235351562
0.0010390281677246094
0.00069427490234375
0.0007162094116210938
0.0008623600006103516
0.00048422813415527344
0.0011265277862548828
0.0005946159362792969
0.0007371902465820312
0.0008265972137451172
0.0007333755493164062
0.0008820295333862305
0.0008463859558105469
0.0007269382476806641
0.0007364749908447266
0.0009987354278564453
0.0009093284606933594
0.0007920265197753906
0.000492095947265625
0.0007588863372802734
0.0009756088256835938
0.0009732246398925781
0.0012410879135131836
0.0007421970367431641
0.0007586479187011719
0.0007586479187011719
0.0007040500640869141
0.0008568763732910156
0.0011081695556640625
0.0011544227600097656
0.0006127357482910156
0.0011425018310546875
0.000843048095703125
0.0013723373413085938
0.0009064674377441406
0.0011620521545410156
0.0006480216979980469
0.0008833408355712891
0.0007550716400146484
0.0009095668792724609
0.0009088516235351562
0.000652313232421875
0.0012745857238769531
0.0009906291961669922
0.0010142326354980469
0.0009200572967529297
0.00043201446533203125
0.0007488727569580078
0.0005328655242919922
0.0006556510925292969
0.0008101463317871094
0.0009381771087646484
0.0007755756378173828
0.0009882450103759766
0.0009348392486572266
0.0013766288757324219
0.0007653236389160156
0.0006732940673828125
0.0007131099700927734
0.0011513233184814453
0.0010963678359985352
0.0006678104400634766
0.001203298568725586
0.0006573200225830078
0.0009393692016601562
0.0007214546203613281
0.000926971435546875
0.0008699893951416016
0.0009961128234863281
0.0009570121765136719
0.0009264945983886719
0.0007221698760986328
0.0006704330444335938
0.0007734298706054688
0.0008003711700439453
0.0006504058837890625
0.0008103847503662109
0.0007684230804443359
0.0007343292236328125
0.0008032321929931641
0.0009865760803222656
0.0006475448608398438
0.0007190704345703125
0.0009760856628417969
0.0007243156433105469
0.0011078119277954102
0.0008549690246582031
0.0009520053863525391
0.0006897449493408203
0.0007226467132568359
0.000942230224609375
0.000668644905090332
0.0008523464202880859
0.000812530517578125
0.000820159912109375
0.001081705093383789
0.0007224082946777344
0.0006120204925537109
0.00098419189453125
0.0008435249328613281
0.0007576942443847656
0.0006623268127441406
0.0009779930114746094
0.0007154941558837891
0.0010745525360107422
0.0010225772857666016
0.0007817745208740234
0.00095367431640625
0.001123189926147461
0.0007665157318115234
0.0007951259613037109
0.0006344318389892578
0.0008783340454101562
0.0006854534149169922
0.0011816024780273438
0.0006258487701416016
0.0008983612060546875
0.0011410713195800781
0.0007612705230712891
0.0009964704513549805
0.0008399486541748047
0.0007557868957519531
0.0009181499481201172
0.00124359130859375
0.0007619857788085938
0.0011211633682250977
0.0006680488586425781
0.0006399154663085938
0.0009679794311523438
0.0007665157318115234
0.00112152099609375
0.0008463859558105469
0.001001596450805664
0.0008540153503417969
0.0010089874267578125
0.0008225440979003906
0.0007426738739013672
0.0007627010345458984
0.0011138916015625
0.0006186962127685547
0.0008291006088256836
0.0007383823394775391
0.0007688999176025391
0.0011212825775146484
0.000873565673828125
0.0008997917175292969
0.0005078315734863281
0.0008029937744140625
0.0006361007690429688
0.0009407997131347656
0.0008008480072021484
0.0007371902465820312
0.0008199214935302734
0.0005536079406738281
0.0005905628204345703
0.0010080337524414062
0.0004832744598388672
0.0006308555603027344
0.0006008148193359375
0.0009469985961914062
0.0008509159088134766
0.0007677078247070312
0.0007383823394775391
0.0010106563568115234
0.0007696151733398438
0.0011894702911376953
0.0005443096160888672
0.0008232593536376953
0.0006551742553710938
0.0005533695220947266
0.0007250308990478516
0.000701904296875
0.0009486675262451172
0.001073598861694336
0.0009806156158447266
0.001001119613647461
0.0009186267852783203
0.0007541179656982422
0.0007574558258056641
0.0006401538848876953
0.0011811256408691406
0.0011219978332519531
0.0007808208465576172
0.0014613866806030273
0.0010862350463867188
0.0009870529174804688
0.000873565673828125
0.0008356571197509766
0.0010461807250976562
0.0006361007690429688
0.0006825923919677734
0.001370072364807129
0.0010645389556884766
0.0009531974792480469
0.0007903575897216797
0.0006687641143798828
0.0007967948913574219
0.0007526874542236328
0.0011463165283203125
0.0009822845458984375
0.0006842613220214844
0.0006105899810791016
0.0006444454193115234
0.0007576942443847656
0.0006804466247558594
0.0008246898651123047
0.0011022090911865234
0.0007808208465576172
0.0007452964782714844
0.0007917881011962891
0.0009703636169433594
0.0010294914245605469
0.0007479190826416016
0.0008032321929931641
0.00061798095703125
0.0006272792816162109
0.0008661746978759766
0.0008909702301025391
0.0009777545928955078
0.0009188652038574219
0.0009660720825195312
0.0012046098709106445
0.0007276535034179688
0.0006840229034423828
0.0009672641754150391
0.0007340908050537109
0.0010952949523925781
0.0007491111755371094
0.0008704662322998047
0.0005476474761962891
0.0008852481842041016
0.0006783008575439453
0.0007085800170898438
0.0010669231414794922
0.0008420944213867188
0.0006961822509765625
0.0011577606201171875
0.0007076263427734375
0.0006363391876220703
0.0009424686431884766
0.0005059242248535156
0.0005955696105957031
0.0010128021240234375
0.0007503032684326172
0.0009241104125976562
0.0007880926132202148
0.0006785392761230469
0.001065969467163086
0.0009930133819580078
0.0008754730224609375
0.0006804466247558594
0.0008463859558105469
0.0011572837829589844
0.0007376670837402344
0.001027822494506836
0.001002192497253418
0.0010976791381835938
0.0008921623229980469
0.0008282661437988281
0.0008831024169921875
0.0005748271942138672
0.0008661746978759766
0.0007500648498535156
0.0006644725799560547
0.001207590103149414
0.0007448196411132812
0.0007774829864501953
0.0009369850158691406
0.0008256435394287109
0.0009374618530273438
0.0012426376342773438
0.0008475780487060547
0.000690460205078125
0.0006070137023925781
0.0010156631469726562
0.0008111000061035156
0.0005915164947509766
0.001110076904296875
0.0005521774291992188
0.0007348060607910156
0.0007789134979248047
0.001081705093383789
0.0011088848114013672
0.0008039474487304688
0.0005514621734619141
0.0007529258728027344
0.0008206367492675781
0.0009882450103759766
0.000637054443359375
0.0009644031524658203
0.0011105537414550781
0.000720977783203125
0.0006339550018310547
0.0005784034729003906
0.0004048347473144531
0.001093149185180664
0.0008251667022705078
0.0006115436553955078
0.0005571842193603516
0.0009229183197021484
0.0006794929504394531
0.0008983612060546875
0.0008227825164794922
0.0008754730224609375
0.001138925552368164
0.0007774829864501953
0.000766754150390625
0.001073598861694336
0.0005996227264404297
0.0011365413665771484
0.0008022785186767578
0.0012021064758300781
0.0005896091461181641
0.0009987354278564453
0.0008485317230224609
0.0007039308547973633
0.0012998580932617188
0.0009722709655761719
0.0009701251983642578
0.0006988048553466797
0.0007176399230957031
0.001009821891784668
0.0005140304565429688
0.0009379386901855469
0.0007586479187011719
0.0006825923919677734
0.0008671283721923828
0.0008118152618408203
0.0006177425384521484
0.001051187515258789
0.0010988712310791016
0.0006029605865478516
0.0008058547973632812
0.0008678436279296875
0.0008690357208251953
0.0007045269012451172
0.0010981559753417969
0.0008432865142822266
0.0008678436279296875
0.0008175373077392578
0.0007739067077636719
0.0006406307220458984
0.0007455348968505859
0.0009918212890625
0.0006778240203857422
0.0007109642028808594
0.001050114631652832
0.0011148452758789062
0.00090789794921875
0.0011610984802246094
0.0007884502410888672
0.0008952617645263672
0.0005853176116943359
0.0009279251098632812
0.0008580684661865234
0.0006463527679443359
0.0007245540618896484
0.0008065700531005859
0.0005433559417724609
0.0007393360137939453
0.001238107681274414
0.000782012939453125
0.00090789794921875
0.0007827281951904297
0.0007474422454833984
0.0007469654083251953
0.00057220458984375
0.00096893310546875
0.0010368824005126953
0.0005984306335449219
0.0012722015380859375
0.00093841552734375
0.0012210607528686523
0.0007612705230712891
0.0006053447723388672
0.0006556510925292969
0.0009613037109375
0.0010783672332763672
0.0006532669067382812
0.0012542009353637695
0.000576019287109375
0.0005373954772949219
0.0008370876312255859
0.0009014606475830078
0.0011401176452636719
0.0005464553833007812
0.000823974609375
0.0008480548858642578
0.0009295940399169922
0.0009458065032958984
0.0006392002105712891
0.0009708404541015625
0.0009913444519042969
0.0007271766662597656
0.0008845329284667969
0.0009589195251464844
0.001079559326171875
0.0006608963012695312
0.0008900165557861328
0.0005524158477783203
0.0005955696105957031
0.0015091896057128906
0.0006732940673828125
0.0006911754608154297
0.0005934238433837891
0.0009524822235107422
0.0008020401000976562
0.0007297992706298828
0.0011827945709228516
0.0006258487701416016
0.0009274482727050781
0.0009777545928955078
0.0009801387786865234
0.0007131099700927734
0.0007922649383544922
0.0010578632354736328
0.0009610652923583984
0.0006966590881347656
0.0012669563293457031
0.0008678436279296875
0.0006682872772216797
0.0006811618804931641
0.0004744529724121094
0.0005047321319580078
0.0007801055908203125
0.0009049177169799805
0.000560760498046875
0.0009770393371582031
0.0010554790496826172
0.000788569450378418
0.0008111000061035156
0.000743865966796875
0.0007534027099609375
0.0008418560028076172
0.0006618499755859375
0.0007462501525878906
0.0007631778717041016
0.0010914802551269531
0.0007967948913574219
0.0005877017974853516
0.0008006095886230469
0.0011277198791503906
0.0007729530334472656
0.0008716583251953125
0.0008323192596435547
0.0006918907165527344
0.0007908344268798828
0.0009672641754150391
0.0009775161743164062
0.0007615089416503906
0.001310110092163086
0.001172780990600586
0.0007328987121582031
0.0006659030914306641
0.0007855892181396484
0.000797271728515625
0.0006554126739501953
0.0006341934204101562
0.0009334087371826172
0.0008242130279541016
0.0007486343383789062
0.0005261898040771484
0.0006570816040039062
0.0009732246398925781
0.0008754730224609375
0.001409292221069336
0.0005877017974853516
0.0006170272827148438
0.0009112358093261719
0.0007996559143066406
0.0009303092956542969
0.0012655258178710938
0.0005285739898681641
0.000698089599609375
0.0009102821350097656
0.0008726119995117188
0.0007941722869873047
0.00041031837463378906
0.00067901611328125
0.0010342597961425781
0.0010323524475097656
0.0007786750793457031
0.0005686283111572266
0.0011905431747436523
0.0009154081344604492
0.0008845329284667969
0.00079345703125
0.0006306171417236328
0.0008473396301269531
0.0008761882781982422
0.0008685588836669922
0.0008411407470703125
0.0011148452758789062
0.0005943775177001953
0.0007100105285644531
0.0005693435668945312
0.0006082057952880859
0.0006220340728759766
0.0005466938018798828
0.0007877349853515625
0.0011777877807617188
0.0007905960083007812
0.0006248950958251953
0.0006213188171386719
0.0006923675537109375
0.0006530284881591797
0.0009131431579589844
0.0008158683776855469
0.0011491775512695312
0.0006945133209228516
0.0016069412231445312
0.0009377002716064453
0.0007700920104980469
0.0006618499755859375
0.0005900859832763672
0.0013611316680908203
0.0008797645568847656
0.0007755756378173828
0.0011429786682128906
0.0010330677032470703
0.000766754150390625
0.0007200241088867188
0.0008141994476318359
0.0012142658233642578
0.0006303787231445312
0.0011010169982910156
0.0008325576782226562
0.0007333755493164062
0.0008018016815185547
0.000652313232421875
0.0009658336639404297
0.000873565673828125
0.0009291172027587891
0.001054525375366211
0.0009107589721679688
0.0008790493011474609
0.0007066726684570312
0.0007488727569580078
0.0006513595581054688
0.0008921623229980469
0.0007448196411132812
0.0007433891296386719
0.000583648681640625
0.0006215572357177734
0.0008449554443359375
0.0006585121154785156
0.0008344650268554688
0.0009419918060302734
0.0005321502685546875
0.0006551742553710938
0.001222372055053711
0.0009808540344238281
0.0007426738739013672
0.0005285739898681641
0.0013005733489990234
0.000989675521850586
0.0007255077362060547
0.0009789466857910156
0.0007898807525634766
0.0011426210403442383
0.0008885860443115234
0.0007474422454833984
0.0010356903076171875
0.0006566047668457031
0.001203298568725586
0.0008857250213623047
0.0009589195251464844
0.0005748271942138672
0.0010631084442138672
0.0006902217864990234
0.0004601478576660156
0.0008137226104736328
0.0009806156158447266
0.0012009143829345703
0.0009253025054931641
0.0011026859283447266
0.0007805824279785156
0.0006196498870849609
0.0010411739349365234
0.0010848045349121094
0.0014026165008544922
0.0005166530609130859
0.0007596015930175781
0.0007109642028808594
0.0007257461547851562
0.0004787445068359375
0.0006814002990722656
0.0009655952453613281
0.0008001327514648438
0.0007190704345703125
0.0008015632629394531
0.0007040500640869141
0.0008742809295654297
0.0006921291351318359
0.0007479190826416016
0.0005519390106201172
0.0007834434509277344
0.0008497238159179688
0.0010027885437011719
0.0007567405700683594
0.0008337497711181641
0.0006418228149414062
0.0008754730224609375
0.0009438991546630859
0.0006777048110961914
0.0007250308990478516
0.0009291172027587891
0.0006113052368164062
0.0008847713470458984
0.0006439685821533203
0.0009596347808837891
0.0007703304290771484
0.0007817745208740234
0.0005972385406494141
0.0009267330169677734
0.0008287429809570312
0.0006783008575439453
0.0008623600006103516
0.0010194778442382812
0.0010099411010742188
0.0011615753173828125
0.0007605552673339844
0.0007047653198242188
0.0010279417037963867
0.0008759498596191406
0.0011239051818847656
0.0008053779602050781
0.0011055469512939453
0.0006914138793945312
0.0008935928344726562
0.0011591911315917969
0.0006492137908935547
0.0009214878082275391
0.0010466575622558594
0.0004909038543701172
0.0006880760192871094
0.0007312297821044922
0.0006933212280273438
0.0004935264587402344
0.0009076595306396484
0.0011241436004638672
0.0010886192321777344
0.0011060237884521484
0.0007004737854003906
0.0007121562957763672
0.0008370876312255859
0.0010385513305664062
0.0010790824890136719
0.001207113265991211
0.0004563331604003906
0.0009024143218994141
0.0012170076370239258
0.0006411075592041016
0.0005640983581542969
0.0007026195526123047
0.0010383129119873047
0.0006823539733886719
0.0009686946868896484
0.0009058713912963867
0.0006430149078369141
0.0006515979766845703
0.0006663799285888672
0.0007770061492919922
0.0010193586349487305
0.0014264583587646484
0.0008456707000732422
0.00078582763671875
0.0011293888092041016
0.0008764266967773438
0.0006494522094726562
0.0011641979217529297
0.0010900497436523438
0.0008513927459716797
0.0009477138519287109
0.0009984970092773438
0.0006518363952636719
0.0009467601776123047
0.0006954669952392578
0.0011076927185058594
0.0006997585296630859
0.0005705356597900391
0.000972747802734375
0.0005717277526855469
0.0007603168487548828
0.0008535385131835938
0.0005741119384765625
0.0005779266357421875
0.0011990070343017578
0.0008447170257568359
0.0006542205810546875
0.0005743503570556641
0.00066375732421875
0.0006740093231201172
0.0007996559143066406
0.0005948543548583984
0.0007021427154541016
0.0008306503295898438
0.0006742477416992188
0.0005807876586914062
0.0011353492736816406
0.0007183551788330078
0.0008680820465087891
0.0010457038879394531
0.000843048095703125
0.0008585453033447266
0.0006306171417236328
0.0007152557373046875
0.0007687807083129883
0.0009047985076904297
0.0007147789001464844
0.0008356571197509766
0.0008733272552490234
0.0009174346923828125
0.0009553432464599609
0.0006768703460693359
0.0009205341339111328
0.0006844997406005859
0.0011572837829589844
0.0005543231964111328
0.0008728504180908203
0.0006895065307617188
0.0008077621459960938
0.0007882118225097656
0.0009157657623291016
0.0009410381317138672
0.000990152359008789
0.0010530948638916016
0.0005939006805419922
0.0007557868957519531
0.0009462833404541016
0.0007312297821044922
