324.91773772239685
323.65686678886414
322.76239252090454
321.9595489501953
320.9427161216736
319.95857214927673
319.4375786781311
318.8580393791199
318.8727777004242
319.5674910545349
319.3528039455414
318.5535409450531
318.7415382862091
318.845764875412
317.8694803714752
317.4095528125763
315.4605095386505
304.3426704406738
289.32768416404724
266.6103183031082
246.21362709999084
225.64620912075043
202.72197079658508
183.46165096759796
168.9866111278534
138.19640678167343
116.20488983392715
92.87489858269691
76.42612022161484
77.97484362125397
61.26224613189697
60.447145730257034
52.758099257946014
42.76105406880379
29.81667947769165
31.220253825187683
26.03446927666664
20.69107735157013
21.94169384241104
21.91626363992691
22.389512419700623
11.581642746925354
11.313100278377533
20.991656988859177
20.607065498828888
8.093686997890472
16.42624521255493
7.999329507350922
4.225531816482544
4.543874979019165
11.784976840019226
5.4927749037742615
5.9750301241874695
7.8921719789505005
3.9406349062919617
7.377749145030975
1.6341760754585266
0.7267241477966309
0.1216965913772583
0.0820620059967041
0.07045722007751465
0.12341034412384033
0.02975940704345703
0.020717382431030273
0.025439977645874023
0.02288210391998291
0.02058696746826172
0.16259479522705078
0.20529425144195557
0.03414511680603027
0.01744866371154785
1.8341251611709595
6.974321961402893
0.25597119331359863
1.7724673748016357
0.21378159523010254
0.17886888980865479
0.05685853958129883
0.04349696636199951
0.06685566902160645
0.025980591773986816
0.04333007335662842
0.06548750400543213
0.03622305393218994
0.017337918281555176
0.023934245109558105
0.01859283447265625
0.014461517333984375
0.012298107147216797
0.01614665985107422
0.019291043281555176
0.009422063827514648
0.013206720352172852
0.01019299030303955
0.011110186576843262
0.017463088035583496
0.008604288101196289
0.011370420455932617
0.0071038007736206055
0.008112430572509766
0.007972359657287598
0.00405430793762207
0.009266972541809082
0.005918979644775391
0.0074318647384643555
0.005430936813354492
0.004771709442138672
0.00774073600769043
0.0057103633880615234
0.006761074066162109
0.00574803352355957
0.005141735076904297
0.006100893020629883
0.004851341247558594
0.004265308380126953
0.005131959915161133
0.004669189453125
0.0046308040618896484
0.0058460235595703125
0.005121707916259766
0.0037109851837158203
0.0031533241271972656
0.004994630813598633
0.0049239397048950195
0.00532221794128418
0.003515005111694336
0.0048285722732543945
0.004652500152587891
0.003919363021850586
0.004285335540771484
0.005011320114135742
0.004365444183349609
0.0032796859741210938
0.004673004150390625
0.004731893539428711
0.0033550262451171875
0.003484964370727539
0.002912282943725586
0.00489354133605957
0.002269268035888672
0.00386202335357666
0.002694845199584961
0.0032546520233154297
0.0037031173706054688
0.002958059310913086
0.003889918327331543
0.0021610260009765625
0.0037376880645751953
0.002947568893432617
0.002850770950317383
0.0032532215118408203
0.0025641918182373047
0.0021843910217285156
0.003797173500061035
0.002700209617614746
0.0030133724212646484
0.0031638145446777344
0.0015740394592285156
0.0031790733337402344
0.002768993377685547
0.0022535324096679688
0.0032727718353271484
0.002658367156982422
0.0023174285888671875
0.0034999847412109375
0.003687620162963867
0.002534151077270508
0.0020933151245117188
0.0021505355834960938
0.0022017955780029297
0.002300262451171875
0.0023500919342041016
0.002511262893676758
0.0018262863159179688
0.0019855499267578125
0.0018565654754638672
0.002513408660888672
0.0026106834411621094
0.001889944076538086
0.0031468868255615234
0.002308368682861328
0.001966714859008789
0.0021528005599975586
0.0027968883514404297
0.002333402633666992
0.0029211044311523438
0.002147197723388672
0.0021071434020996094
0.0016393661499023438
0.0015175342559814453
0.002101898193359375
0.0022313594818115234
0.0019073486328125
0.0020074844360351562
0.0013763904571533203
0.0022721290588378906
0.002198934555053711
0.0016088485717773438
0.0020034313201904297
0.0020825862884521484
0.0025998353958129883
0.0020461082458496094
0.002103090286254883
0.002351045608520508
0.001909494400024414
0.0015935897827148438
0.0015020370483398438
0.002683877944946289
0.0017676353454589844
0.0018963813781738281
0.0011788606643676758
0.0020160675048828125
0.0013995170593261719
0.0016109943389892578
0.0019381046295166016
0.0023949146270751953
0.0012803077697753906
0.002076864242553711
0.0016257762908935547
0.0019617080688476562
0.001955747604370117
0.0018014907836914062
0.002261638641357422
0.0015482902526855469
0.0017688274383544922
0.0011446475982666016
0.0012242794036865234
0.00311434268951416
0.0012927055358886719
0.0011148452758789062
0.001463174819946289
0.001390218734741211
0.0014393329620361328
0.0019423961639404297
0.0017161369323730469
0.0015950202941894531
0.002053976058959961
0.001257181167602539
0.0012900829315185547
0.0011210441589355469
0.0020513534545898438
0.0014525651931762695
0.0017437934875488281
0.0015587806701660156
0.0012767314910888672
0.0020220279693603516
0.0014390945434570312
0.0013115406036376953
0.0020711421966552734
0.001392364501953125
0.001416921615600586
0.0017061233520507812
0.0012831687927246094
0.001827836036682129
0.0012581348419189453
0.0015108585357666016
0.0012118816375732422
0.0011780261993408203
0.0014581680297851562
0.001260995864868164
0.0013277530670166016
0.00107574462890625
0.0016598701477050781
0.0016231536865234375
0.0011205673217773438
0.002320528030395508
0.0017638206481933594
0.0015769004821777344
0.0011975765228271484
0.0011949539184570312
0.0011882781982421875
0.0013222694396972656
0.001219034194946289
0.001356363296508789
0.001447439193725586
0.0011205673217773438
0.001489877700805664
0.0013132095336914062
0.0014507770538330078
0.001218557357788086
0.0012519359588623047
0.0013418197631835938
0.0013473033905029297
0.0012187957763671875
0.0012209415435791016
0.0012288093566894531
0.0012443065643310547
0.0011680126190185547
0.0013113021850585938
0.0018050670623779297
0.0012431144714355469
0.0014090538024902344
0.001188516616821289
0.0010142326354980469
0.0008602142333984375
0.0011584758758544922
0.0015797615051269531
0.0010983943939208984
0.0012521743774414062
0.0010764598846435547
0.001438140869140625
0.0016772747039794922
0.0013606548309326172
0.0012165307998657227
0.0012595653533935547
0.0011484622955322266
0.0011088848114013672
0.0012354850769042969
0.0018281936645507812
0.0009453296661376953
0.000972747802734375
0.0015006065368652344
0.0007913112640380859
0.0013414621353149414
0.0010633468627929688
0.0010137557983398438
0.0009839534759521484
0.001314401626586914
0.00084686279296875
0.001068115234375
0.0010247230529785156
0.0010328292846679688
0.0012679100036621094
0.0011286735534667969
0.0010986328125
0.0011131763458251953
0.0010724067687988281
0.0009717941284179688
0.0015361309051513672
0.0017642974853515625
0.0009093284606933594
0.001374959945678711
0.001188516616821289
0.0011432170867919922
0.0015997886657714844
0.0009660720825195312
0.0010950565338134766
0.0010106563568115234
0.001069784164428711
0.0009171962738037109
0.0011920928955078125
0.001203775405883789
0.0017771720886230469
0.0008807182312011719
0.0005650520324707031
0.0008792877197265625
0.0012316703796386719
0.0009436607360839844
0.0012819766998291016
0.0011005401611328125
0.0010178089141845703
0.0016069412231445312
0.0011882781982421875
0.0010020732879638672
0.0008368492126464844
0.0012438297271728516
0.0009026527404785156
0.0008590221405029297
0.0007860660552978516
0.0010585784912109375
0.0010819435119628906
0.001032114028930664
0.001107931137084961
0.0014636516571044922
0.0012061595916748047
0.001096487045288086
0.0015659332275390625
0.0008695125579833984
0.0008671283721923828
0.0009307861328125
0.0005495548248291016
0.0011839866638183594
0.0011401176452636719
0.0007736682891845703
0.0011935234069824219
0.0009379386901855469
0.0009937286376953125
0.0006411075592041016
0.0013458728790283203
0.0009729862213134766
0.0008788108825683594
0.0008935928344726562
0.0011065006256103516
0.0009667873382568359
0.0012042522430419922
0.000904083251953125
0.0008835792541503906
0.00096893310546875
0.0008151531219482422
0.0009987354278564453
0.0015912055969238281
0.0009839534759521484
0.0006859302520751953
0.001010894775390625
0.0007047653198242188
0.0005674362182617188
0.0010335445404052734
0.0011000633239746094
0.0008594989776611328
0.0009212493896484375
0.0012409687042236328
0.0010099411010742188
0.0013666152954101562
0.0009319782257080078
0.0009088516235351562
0.0012836456298828125
0.0007395744323730469
0.0010943412780761719
0.0009610652923583984
0.0011439323425292969
0.0010023117065429688
0.0007808208465576172
0.0010230541229248047
0.0009291172027587891
0.0012874603271484375
0.0010447502136230469
0.0008220672607421875
0.0008208751678466797
0.0007648468017578125
0.0008795261383056641
0.0008831024169921875
0.0011615753173828125
0.0009241104125976562
0.0009751319885253906
0.0010739564895629883
0.0007293224334716797
0.0009109973907470703
0.0008020401000976562
0.0013225078582763672
0.0007336139678955078
0.0006883144378662109
0.0009069442749023438
0.0008034706115722656
0.0010006427764892578
0.0009746551513671875
0.0006957054138183594
0.0010194778442382812
0.0008554458618164062
0.0006661415100097656
0.0010056495666503906
0.0013284683227539062
0.001055002212524414
0.0009484291076660156
0.0009493827819824219
0.000701904296875
0.0007383823394775391
0.0008404254913330078
0.0012545585632324219
0.0008902549743652344
0.0008687973022460938
0.0008294582366943359
0.0008251667022705078
0.0008287429809570312
0.0010802745819091797
0.0010042190551757812
0.0007960796356201172
0.0008254051208496094
0.0007801055908203125
0.0007085800170898438
0.0007071495056152344
0.0011782646179199219
0.0009484291076660156
0.0010166168212890625
0.0008149147033691406
0.0007352828979492188
0.0007090568542480469
0.0010614395141601562
0.0010073184967041016
0.0008924007415771484
0.0009999275207519531
0.0009372234344482422
0.0008013248443603516
0.0005898475646972656
0.0009512901306152344
0.0009326934814453125
0.000972747802734375
0.0011317729949951172
0.0008730888366699219
0.0004971027374267578
0.0006499290466308594
0.0009342432022094727
0.0010173320770263672
0.0010464191436767578
0.0008225440979003906
0.0008554458618164062
0.0010750293731689453
0.0006351470947265625
0.0009837150573730469
0.0007612705230712891
0.0008347034454345703
0.0008139610290527344
0.0009059906005859375
0.000850677490234375
0.0006320476531982422
0.0006175041198730469
0.0007276535034179688
0.0009570121765136719
0.0008308887481689453
0.0006229877471923828
0.0009479522705078125
0.0009899139404296875
0.0010573863983154297
0.0009050369262695312
0.0008289813995361328
0.0008502006530761719
0.0009486675262451172
0.000713348388671875
0.0007436275482177734
0.0009818077087402344
0.0008814334869384766
0.0010058879852294922
0.0012500286102294922
0.0005578994750976562
0.0008666515350341797
0.0011525154113769531
0.000827789306640625
0.0008287429809570312
0.0008335113525390625
0.0006361007690429688
0.0006656646728515625
0.0008068084716796875
0.0004012584686279297
0.0011417865753173828
0.0009601116180419922
0.0007774829864501953
0.0005483627319335938
0.0009450912475585938
0.0004737377166748047
0.0007355213165283203
0.0008251667022705078
0.0008032321929931641
0.0006310939788818359
0.0011739730834960938
0.0010898113250732422
0.0008258819580078125
0.0005998611450195312
0.0008337497711181641
0.0006475448608398438
0.0006465911865234375
0.0009098052978515625
0.0006084442138671875
0.0010633468627929688
0.0008547306060791016
0.0009145736694335938
0.0008001327514648438
0.0005786418914794922
0.0008208751678466797
0.0007183551788330078
0.0006453990936279297
0.001112222671508789
0.0007631778717041016
0.0006930828094482422
0.0010180473327636719
0.0009086132049560547
0.0009195804595947266
0.0007393360137939453
0.0009210109710693359
0.0006356239318847656
0.000698089599609375
0.0006382465362548828
0.0008220672607421875
0.0008912086486816406
0.0007188320159912109
0.0005359649658203125
0.0005843639373779297
0.0008221864700317383
0.0008342266082763672
0.0006597042083740234
0.0010418891906738281
0.0007874965667724609
0.00045680999755859375
0.0007498264312744141
0.0012879371643066406
0.0008003711700439453
0.0007843971252441406
0.0009112358093261719
0.0009138584136962891
0.0007154941558837891
0.0005848407745361328
0.0005605220794677734
0.0007574558258056641
0.0005567073822021484
0.0006537437438964844
0.0007619857788085938
0.0009260177612304688
0.0009222030639648438
0.0010769367218017578
0.0008625984191894531
0.0006670951843261719
0.0008988380432128906
0.0007474422454833984
0.0007860660552978516
0.0008053779602050781
0.0010030269622802734
0.0007059574127197266
0.0009682178497314453
0.0008382797241210938
0.0008487701416015625
0.0008132457733154297
0.0008754730224609375
0.0007503032684326172
0.0006663799285888672
0.0006451606750488281
0.0007879734039306641
0.0004127025604248047
0.0007658004760742188
0.000629425048828125
0.0006060600280761719
0.0006158351898193359
0.0007588863372802734
0.0009150505065917969
0.0007414817810058594
0.0005667209625244141
0.0006766319274902344
0.00047206878662109375
0.0009958744049072266
0.0008323192596435547
0.0005459785461425781
0.0008003711700439453
0.0006616115570068359
0.0007462501525878906
0.0007278919219970703
0.0006740093231201172
0.0008401870727539062
0.0008008480072021484
0.0008199214935302734
0.0005190372467041016
0.000762939453125
0.0006659030914306641
0.0007650852203369141
0.0005393028259277344
0.0006453990936279297
0.0009191036224365234
0.0007185935974121094
0.0007927417755126953
0.0006210803985595703
0.0010304450988769531
0.0008153915405273438
0.0006203651428222656
0.0007493495941162109
0.0007183551788330078
0.0007045269012451172
0.0008575916290283203
0.0006289482116699219
0.0013966560363769531
0.0008723735809326172
0.0005033016204833984
0.0007498264312744141
0.0006139278411865234
0.000705718994140625
0.0009684562683105469
0.0006394386291503906
0.000713348388671875
0.0007135868072509766
0.0003800392150878906
0.0006692409515380859
0.0008301734924316406
0.0007545948028564453
0.0007250308990478516
0.0006110668182373047
0.0005793571472167969
0.0008587837219238281
0.0006830692291259766
0.0005555152893066406
0.0007863044738769531
0.0012629032135009766
0.0007560253143310547
0.0007331371307373047
0.0004994869232177734
0.0005843639373779297
0.0008225440979003906
0.0011188983917236328
0.0008380413055419922
0.0008041858673095703
0.0006303787231445312
0.0006585121154785156
0.0008332729339599609
0.0009818077087402344
0.000789642333984375
0.0006532669067382812
0.0006041526794433594
0.0008015632629394531
0.0006277561187744141
0.0009701251983642578
0.0006852149963378906
0.0009477138519287109
0.0008907318115234375
0.0009942054748535156
0.0005567073822021484
0.0004055500030517578
0.0008552074432373047
0.0007882118225097656
0.0005609989166259766
0.0007548332214355469
0.0010471343994140625
0.0003974437713623047
0.0005147457122802734
0.0008594989776611328
0.0005221366882324219
0.0005781650543212891
0.0005946159362792969
0.0005397796630859375
0.0005614757537841797
0.00077056884765625
0.0009100437164306641
0.0008618831634521484
0.0010800361633300781
0.0006368160247802734
0.0011301040649414062
0.0006663799285888672
0.0006394386291503906
0.0006358623504638672
0.0005795955657958984
0.0004220008850097656
0.0004725456237792969
0.0007855892181396484
0.0006463527679443359
0.0007364749908447266
0.0009412765502929688
0.0006320476531982422
0.0006890296936035156
0.00047397613525390625
0.0007143020629882812
0.0008554458618164062
0.0006988048553466797
0.0006215572357177734
0.0009448528289794922
0.0007476806640625
0.000675201416015625
0.0006015300750732422
0.0005164146423339844
0.0006744861602783203
0.0009405612945556641
0.000621795654296875
0.0005488395690917969
0.0007734298706054688
0.0004913806915283203
0.0006797313690185547
0.0006368160247802734
0.0007138252258300781
0.0006124973297119141
0.0008151531219482422
0.0010590553283691406
0.0005254745483398438
0.0009191036224365234
0.0009181499481201172
0.0006010532379150391
0.0007407665252685547
0.0006098747253417969
0.0007390975952148438
0.0006420612335205078
0.0005414485931396484
0.0005927085876464844
0.0013606548309326172
0.0006337165832519531
0.0006742477416992188
0.0005247592926025391
0.0005009174346923828
0.0008518695831298828
0.0007760524749755859
0.0008792877197265625
0.0008482933044433594
0.0008924007415771484
0.0006959438323974609
0.0005500316619873047
0.0003998279571533203
0.0007841587066650391
0.0006597042083740234
0.0008418560028076172
0.0006608963012695312
0.000553131103515625
0.0005824565887451172
0.0004868507385253906
0.0005588531494140625
0.0007116794586181641
0.0005667209625244141
0.0005507469177246094
0.0006911754608154297
0.0007021427154541016
0.0005795955657958984
0.0009491443634033203
0.0008540153503417969
0.000614166259765625
0.0008287429809570312
0.0005490779876708984
0.00046515464782714844
0.0006911754608154297
0.0005946159362792969
0.0008873939514160156
0.0006468296051025391
0.0007205009460449219
0.0007700920104980469
0.0009105205535888672
0.0007550716400146484
0.0009555816650390625
0.0008153915405273438
0.0005507469177246094
0.0005292892456054688
0.0010180473327636719
0.0005497932434082031
0.0008478164672851562
0.0006017684936523438
0.0006611347198486328
0.0005621910095214844
0.0006604194641113281
0.0004818439483642578
0.0006318092346191406
0.0008027553558349609
0.0005214214324951172
0.0007097721099853516
0.00048828125
0.0007045269012451172
0.0005676746368408203
0.0006229877471923828
0.0008113384246826172
0.0008008480072021484
0.0006780624389648438
0.0007274150848388672
0.0006184577941894531
0.0010120868682861328
0.00055694580078125
0.0004696846008300781
0.0006582736968994141
0.0008804798126220703
0.0007519721984863281
0.0005528926849365234
0.0004990100860595703
0.0008540153503417969
0.0005834102630615234
0.0007522106170654297
0.0004127025604248047
0.0005269050598144531
0.0005674362182617188
0.0007190704345703125
0.0009248256683349609
0.0006489753723144531
0.0004589557647705078
0.0007274150848388672
0.0010304450988769531
0.0005292892456054688
0.0008118152618408203
0.000579833984375
0.0005168914794921875
0.0005133152008056641
0.0010349750518798828
0.000978231430053711
0.00041484832763671875
0.0004887580871582031
0.0006310939788818359
0.0007917881011962891
0.00067901611328125
0.0006387233734130859
0.0007452964782714844
0.0007951259613037109
0.0010328292846679688
0.00045299530029296875
0.000751495361328125
0.0005371570587158203
0.0006260871887207031
0.0008716583251953125
0.0008366107940673828
0.0005307197570800781
0.0006973743438720703
0.000667572021484375
0.00043964385986328125
0.0007028579711914062
0.0006272792816162109
0.0007047653198242188
0.0005638599395751953
0.0007193088531494141
0.0005080699920654297
0.0008759498596191406
0.0006020069122314453
0.0005629062652587891
0.0005614757537841797
0.0005269050598144531
0.0007338523864746094
0.0009276866912841797
0.0006995201110839844
0.0006763935089111328
0.0005171298980712891
0.0006411075592041016
0.0004901885986328125
0.0005505084991455078
0.000453948974609375
0.0005373954772949219
0.0005803108215332031
0.0007176399230957031
0.0008649826049804688
0.0005278587341308594
0.0008099079132080078
0.0007300376892089844
0.0007507801055908203
0.0007946491241455078
0.0006537437438964844
0.00047707557678222656
0.0007259845733642578
0.000606536865234375
0.0008273124694824219
0.0006508827209472656
0.000705718994140625
0.0005717277526855469
0.0006396770477294922
0.0007059574127197266
0.0005853176116943359
0.0004248619079589844
0.0006949901580810547
0.0005056858062744141
0.00041747093200683594
0.0009095668792724609
0.0008370876312255859
0.0005834102630615234
0.0005536079406738281
0.001033782958984375
0.0007307529449462891
0.0008153915405273438
0.0004570484161376953
0.0006866455078125
0.0006399154663085938
0.0006031990051269531
0.000537872314453125
0.0005981922149658203
0.0006721019744873047
0.0005617141723632812
0.0006091594696044922
0.0005805492401123047
0.0007677078247070312
0.0006024837493896484
0.0005552768707275391
0.0008356571197509766
0.0005676746368408203
0.0008482933044433594
0.0006079673767089844
0.0007641315460205078
0.0007550716400146484
0.0006146430969238281
0.0005557537078857422
0.0007615089416503906
0.0005769729614257812
0.0004990100860595703
0.0004909038543701172
0.0005600452423095703
0.0005333423614501953
0.0008342266082763672
0.000705718994140625
0.0008080005645751953
0.0006725788116455078
0.0009160041809082031
0.0009250640869140625
0.0006246566772460938
0.0008647441864013672
0.0004820823669433594
0.0005338191986083984
0.0006649494171142578
0.0007197856903076172
0.0005762577056884766
0.000827789306640625
0.0006117820739746094
0.0005965232849121094
0.0005342960357666016
0.0006108283996582031
0.0008752346038818359
0.0007038116455078125
0.0005829334259033203
0.0005795955657958984
0.0007855892181396484
0.0007927417755126953
0.0008118152618408203
0.0005657672882080078
0.0007586479187011719
0.0005490779876708984
0.0004405975341796875
0.0009677410125732422
0.0005366802215576172
0.0007772445678710938
0.0005841255187988281
0.0005815029144287109
0.0005521774291992188
0.0006263256072998047
0.0005545616149902344
0.0005049705505371094
0.0006635189056396484
0.0006310939788818359
0.0007283687591552734
0.0007824897766113281
0.0006740093231201172
0.0009672641754150391
0.0008895397186279297
0.00047326087951660156
0.0007610321044921875
0.0006194114685058594
0.0007219314575195312
0.0008435249328613281
0.0005602836608886719
0.0006470680236816406
0.0005977153778076172
0.0005006790161132812
0.0008444786071777344
0.0006809234619140625
0.0008509159088134766
0.000797271728515625
0.0006000995635986328
0.000396728515625
0.0006029605865478516
0.0006709098815917969
0.0006527900695800781
0.00069427490234375
0.0006690025329589844
0.0004856586456298828
0.0004935264587402344
0.0004467964172363281
0.0006036758422851562
0.0005638599395751953
0.0006659030914306641
0.0006778240203857422
0.0007712841033935547
0.0005369186401367188
0.0006392002105712891
0.0006248950958251953
0.0005466938018798828
0.0006442070007324219
0.0009813308715820312
0.0006463527679443359
0.00058746337890625
0.00044274330139160156
0.0007340908050537109
0.0005850791931152344
0.0005633831024169922
0.0007185935974121094
0.0006303787231445312
0.0004589557647705078
0.0005042552947998047
0.0007550716400146484
0.0006887912750244141
0.0005688667297363281
0.0006837844848632812
0.0004267692565917969
0.0007011890411376953
0.0006334781646728516
0.0008280277252197266
0.0005238056182861328
0.0008826255798339844
0.0008211135864257812
0.0004646778106689453
0.0004875659942626953
0.0006349086761474609
0.0009272098541259766
0.0006737709045410156
0.0007293224334716797
0.0004942417144775391
0.0008294582366943359
0.00044536590576171875
0.0006771087646484375
0.0006823539733886719
0.0005712509155273438
0.0006773471832275391
0.0005290508270263672
0.0006976127624511719
0.0006911754608154297
0.0005319118499755859
0.0006172657012939453
0.0004076957702636719
0.0006551742553710938
0.0005795955657958984
0.0008263587951660156
0.0006594657897949219
0.0005133152008056641
0.0008916854858398438
0.00039124488830566406
0.0007874965667724609
0.0004277229309082031
0.0005457401275634766
0.0006330013275146484
0.00046062469482421875
0.0006155967712402344
0.0005939006805419922
0.0007998943328857422
0.0006103515625
0.0006885528564453125
0.0005829334259033203
0.0008451938629150391
0.0007643699645996094
0.0006783008575439453
0.0006339550018310547
0.0010066032409667969
0.0006768703460693359
0.0003311634063720703
0.0008826255798339844
0.0005102157592773438
0.0005548000335693359
0.0006477832794189453
0.0006768703460693359
0.0004889965057373047
0.0005397796630859375
0.000431060791015625
0.0004856586456298828
0.0006873607635498047
0.000606536865234375
0.0006456375122070312
0.00034737586975097656
0.00046706199645996094
0.00045299530029296875
0.0008997917175292969
0.0007822513580322266
0.0005543231964111328
0.0007221698760986328
0.0009148120880126953
0.0006046295166015625
0.0006794929504394531
0.0005614757537841797
0.0009415149688720703
0.0007262229919433594
0.0008921623229980469
0.0005903244018554688
0.0006330013275146484
0.0007941722869873047
0.000431060791015625
0.0006780624389648438
0.0010027885437011719
0.0005495548248291016
0.0008001327514648438
0.0005481243133544922
0.0006277561187744141
0.0007865428924560547
0.0005319118499755859
0.0007753372192382812
0.0006864070892333984
0.0005846023559570312
0.0005121231079101562
0.0007989406585693359
0.0008311271667480469
0.0009872913360595703
0.0006635189056396484
0.0006799697875976562
0.00043582916259765625
0.0004329681396484375
0.0006611347198486328
0.0006365776062011719
0.0006456375122070312
0.0006766319274902344
0.0006654262542724609
0.0006971359252929688
0.0005857944488525391
0.0004942417144775391
0.0006480216979980469
0.0005953311920166016
0.0005500316619873047
0.0007436275482177734
0.0007736682891845703
0.0004813671112060547
0.0006086826324462891
0.0006151199340820312
0.0006911754608154297
0.0005388259887695312
0.0004973411560058594
0.0006055831909179688
0.0008299350738525391
0.0007503032684326172
0.0006771087646484375
0.0005321502685546875
0.0004999637603759766
0.0005614757537841797
0.000789642333984375
0.0006859302520751953
0.0004582405090332031
0.0007283687591552734
0.0005638599395751953
0.0008273124694824219
0.0009238719940185547
0.0005848407745361328
0.0005657672882080078
0.0005025863647460938
0.0007276535034179688
0.0006878376007080078
0.0003654956817626953
0.0006387233734130859
0.0008337497711181641
0.0007479190826416016
0.0007178783416748047
0.00040984153747558594
0.0007307529449462891
0.0004558563232421875
0.0005619525909423828
0.0006234645843505859
0.0004904270172119141
0.0005316734313964844
0.0006670951843261719
0.0006854534149169922
0.0006530284881591797
0.0006716251373291016
0.0007183551788330078
0.0006620883941650391
0.0005042552947998047
0.00086212158203125
0.0007066726684570312
0.0005059242248535156
0.0004968643188476562
0.0005331039428710938
0.0008635520935058594
0.000997304916381836
0.0006935596466064453
0.0006029605865478516
0.0005588531494140625
0.00047659873962402344
0.0006692409515380859
0.0007193088531494141
0.0006887912750244141
0.00042629241943359375
0.0008327960968017578
0.0005626678466796875
0.0006139278411865234
0.0005135536193847656
0.0006260871887207031
0.0007383823394775391
0.0006129741668701172
0.0005393028259277344
0.0009140968322753906
0.0006384849548339844
0.0006084442138671875
0.0005865097045898438
0.0004603862762451172
0.0006864070892333984
0.0006604194641113281
0.000385284423828125
0.0005800724029541016
0.0006928443908691406
0.0009398460388183594
0.0007393360137939453
0.0006287097930908203
0.0003654956817626953
0.0008656978607177734
0.0004761219024658203
0.0005848407745361328
0.0008230209350585938
0.00047326087951660156
0.0008072853088378906
0.0007135868072509766
0.00046896934509277344
0.0005660057067871094
0.00047707557678222656
0.0007429122924804688
0.0005743503570556641
0.0005412101745605469
0.0005252361297607422
0.0005424022674560547
0.0006825923919677734
0.000804901123046875
0.0005700588226318359
0.0005402565002441406
0.0005948543548583984
0.0008087158203125
0.000640869140625
0.0008518695831298828
0.0005562305450439453
0.0006349086761474609
0.0005142688751220703
0.0005891323089599609
0.0006356239318847656
0.0008652210235595703
0.0009412765502929688
0.0007982254028320312
0.0007021427154541016
0.0006115436553955078
0.0005838871002197266
0.0006377696990966797
0.0005776882171630859
0.00046062469482421875
0.0006856918334960938
0.000701904296875
0.0007545948028564453
0.0007631778717041016
0.0005116462707519531
0.0007805824279785156
0.0006315708160400391
0.00043129920959472656
0.0003924369812011719
0.0004949569702148438
0.0005960464477539062
0.0005266666412353516
0.0004413127899169922
0.0006480216979980469
0.0006284713745117188
0.0004050731658935547
0.0009601116180419922
0.0006411075592041016
0.0006153583526611328
0.0005540847778320312
0.00040650367736816406
0.0007851123809814453
0.0007081031799316406
0.000568389892578125
0.0005993843078613281
0.0006537437438964844
0.0006160736083984375
0.000629425048828125
0.0006468296051025391
0.00040149688720703125
0.0009088516235351562
0.0006563663482666016
0.0003986358642578125
0.0006704330444335938
0.0006346702575683594
0.0005834102630615234
0.0006844997406005859
0.0005323886871337891
0.0004966259002685547
0.0006535053253173828
0.0004961490631103516
0.0005917549133300781
0.0007441043853759766
0.0006256103515625
0.00047898292541503906
0.0005464553833007812
0.0006539821624755859
0.0004506111145019531
0.0009121894836425781
0.0005831718444824219
0.0006189346313476562
0.0008409023284912109
0.0005254745483398438
0.0009260177612304688
0.0006530284881591797
0.0007598400115966797
0.0007576942443847656
0.0005450248718261719
0.0006139278411865234
0.0005548000335693359
0.0007867813110351562
0.0006997585296630859
0.0007257461547851562
0.0006015300750732422
0.0006656646728515625
0.0008804798126220703
0.0006699562072753906
0.0005080699920654297
0.0005235671997070312
0.0006155967712402344
0.0005304813385009766
0.0007119178771972656
0.0006434917449951172
0.0003905296325683594
0.0006108283996582031
0.0006287097930908203
0.0006515979766845703
0.0005590915679931641
0.0005393028259277344
0.0007686614990234375
0.0004723072052001953
0.0008678436279296875
0.0004742145538330078
0.0004954338073730469
0.0006222724914550781
0.0008063316345214844
0.0007314682006835938
0.0006172657012939453
0.0004851818084716797
0.0005712509155273438
0.0008103847503662109
0.0004909038543701172
0.0006947517395019531
0.0006451606750488281
0.0005612373352050781
0.0008673667907714844
0.0005705356597900391
0.0005745887756347656
0.00038313865661621094
0.0007681846618652344
0.000698089599609375
0.00048828125
0.0008189678192138672
0.0007579326629638672
0.0005059242248535156
0.0005970001220703125
0.0004208087921142578
0.0007231235504150391
0.0008721351623535156
0.0006926059722900391
0.00048041343688964844
0.000545501708984375
0.0005247592926025391
0.0005450248718261719
0.0004825592041015625
0.0005855560302734375
0.0005686283111572266
0.0005676746368408203
0.0006234645843505859
0.0008890628814697266
0.0007789134979248047
0.0006513595581054688
0.0005772113800048828
0.0005192756652832031
0.0006692409515380859
0.0007460117340087891
0.00054168701171875
0.0005850791931152344
0.0005135536193847656
0.0005962848663330078
0.0006704330444335938
0.0006082057952880859
0.0004856586456298828
0.0005483627319335938
0.0008108615875244141
0.0006816387176513672
0.0004627704620361328
0.0008294582366943359
0.00042247772216796875
0.0008132457733154297
0.0007712841033935547
0.0007290840148925781
0.00046896934509277344
0.000629425048828125
0.0002853870391845703
0.0006399154663085938
0.0008175373077392578
0.0005037784576416016
0.0006725788116455078
0.0007915496826171875
0.0004253387451171875
0.0007364749908447266
0.0007100105285644531
0.0005714893341064453
0.00041985511779785156
0.0007143020629882812
0.0007426738739013672
0.000823974609375
0.0006380081176757812
0.0006113052368164062
0.0006344318389892578
0.0005927085876464844
0.0005688667297363281
0.0009720325469970703
0.0010287761688232422
0.0007994174957275391
0.0005741119384765625
0.0007960796356201172
0.0005471706390380859
0.0004260540008544922
0.0006539821624755859
0.0007345676422119141
0.00052642822265625
0.0005679130554199219
0.0006296634674072266
0.0005116462707519531
0.0005726814270019531
0.0007083415985107422
0.0004286766052246094
0.0005223751068115234
0.00047278404235839844
0.0008881092071533203
0.0006692409515380859
0.0006704330444335938
0.0005161762237548828
0.0005855560302734375
0.0005533695220947266
0.0007357597351074219
0.0006525516510009766
0.0003452301025390625
0.0010061264038085938
0.0006198883056640625
0.00047135353088378906
0.0005123615264892578
0.0004994869232177734
0.0007610321044921875
0.000701904296875
0.0004994869232177734
0.0007863044738769531
0.0005738735198974609
0.0006687641143798828
0.0005028247833251953
0.0004940032958984375
0.00046181678771972656
0.0005655288696289062
0.0007824897766113281
0.0006337165832519531
0.0005548000335693359
0.0006721019744873047
0.0004432201385498047
0.0005381107330322266
0.0006442070007324219
0.0005223751068115234
0.0006926059722900391
0.000820159912109375
0.0008709430694580078
0.0005171298980712891
0.0006198883056640625
0.00038433074951171875
0.0007274150848388672
0.0005679130554199219
0.0007467269897460938
0.0006916522979736328
0.0008301734924316406
0.0005931854248046875
0.0007679462432861328
0.0005652904510498047
0.00046634674072265625
0.0007357597351074219
0.0005428791046142578
0.0006785392761230469
0.0006964206695556641
0.0007867813110351562
0.0008909702301025391
0.00046753883361816406
0.0005753040313720703
0.0007197856903076172
0.0007772445678710938
0.0005939006805419922
0.0006024837493896484
0.0007305145263671875
0.0005676746368408203
0.0004405975341796875
0.0006623268127441406
0.0006191730499267578
0.0007915496826171875
0.000698089599609375
0.0005350112915039062
0.0006968975067138672
0.0005860328674316406
0.0007615089416503906
0.0005254745483398438
0.0007956027984619141
0.0004496574401855469
0.0005397796630859375
0.0003829002380371094
0.0005433559417724609
0.0004627704620361328
0.0007011890411376953
0.0006334781646728516
0.0008449554443359375
0.0005953311920166016
0.0005040168762207031
0.0006067752838134766
0.0005903244018554688
0.0007550716400146484
0.0005712509155273438
0.0005908012390136719
0.0005469322204589844
0.00043320655822753906
0.0006930828094482422
0.0009779930114746094
0.0009348392486572266
0.0006339550018310547
0.0006110668182373047
0.0005035400390625
0.0006585121154785156
0.0006375312805175781
0.0008704662322998047
0.0007688999176025391
0.0006213188171386719
0.0004639625549316406
0.0004019737243652344
0.0007326602935791016
0.0004951953887939453
0.0005917549133300781
0.000667572021484375
0.00044417381286621094
0.0005469322204589844
0.0005824565887451172
0.0006730556488037109
0.00040411949157714844
0.0009319782257080078
0.0007574558258056641
0.000499725341796875
0.00048232078552246094
0.0005784034729003906
0.0005557537078857422
0.0005774497985839844
0.0007452964782714844
0.0007181167602539062
0.0007398128509521484
0.000553131103515625
0.0004432201385498047
0.0007762908935546875
0.0005984306335449219
0.0007488727569580078
0.0006983280181884766
0.0005888938903808594
0.0007028579711914062
0.0007793903350830078
0.0005373954772949219
0.0005643367767333984
0.0005443096160888672
0.0007860660552978516
0.0005359649658203125
0.0005075931549072266
0.0005331039428710938
0.0008535385131835938
0.0005352497100830078
0.00035500526428222656
0.0009348392486572266
0.00041294097900390625
0.0006463527679443359
0.0004506111145019531
0.0006167888641357422
0.0006875991821289062
0.00047206878662109375
0.0008137226104736328
0.000652313232421875
0.0006899833679199219
0.0009026527404785156
0.0005879402160644531
0.0005738735198974609
0.0005099773406982422
0.0004532337188720703
0.0005860328674316406
0.0009465217590332031
0.0004239082336425781
0.0004570484161376953
0.0006182193756103516
0.0008699893951416016
0.00061798095703125
0.0006163120269775391
0.0005271434783935547
0.0008256435394287109
0.0006453990936279297
0.0007214546203613281
0.0004279613494873047
0.0004811286926269531
0.000774383544921875
0.0008714199066162109
0.0007500648498535156
0.0004634857177734375
0.0005681514739990234
0.0007193088531494141
0.0005731582641601562
0.0006616115570068359
0.0005114078521728516
0.0003898143768310547
0.0004906654357910156
0.0007557868957519531
0.0007891654968261719
0.0004830360412597656
0.0007781982421875
0.0005528926849365234
0.0005426406860351562
0.0005724430084228516
0.0004892349243164062
0.0006952285766601562
0.0005652904510498047
0.0005917549133300781
0.0005931854248046875
0.0004930496215820312
0.000728607177734375
0.0005545616149902344
0.00045037269592285156
0.00041413307189941406
0.0004055500030517578
0.0007624626159667969
0.0006158351898193359
0.0007500648498535156
0.0005266666412353516
0.0004932880401611328
0.0005888938903808594
0.0007493495941162109
0.0007903575897216797
0.0005185604095458984
0.0006108283996582031
0.0009701251983642578
0.0008132457733154297
0.0007405281066894531
0.0008130073547363281
0.0011167526245117188
0.0008714199066162109
0.00040793418884277344
0.0004940032958984375
0.0005140304565429688
0.0004971027374267578
0.00041866302490234375
0.0006814002990722656
0.0007569789886474609
0.0008945465087890625
0.0004787445068359375
0.0005984306335449219
0.0005393028259277344
0.0006189346313476562
0.0005285739898681641
0.0005860328674316406
0.0005035400390625
0.0010373592376708984
0.00047516822814941406
0.0006582736968994141
0.0006389617919921875
0.00039839744567871094
0.0006909370422363281
0.0005397796630859375
0.000583648681640625
0.0005936622619628906
0.0006487369537353516
0.0006525516510009766
0.0007154941558837891
0.0003745555877685547
0.0007805824279785156
0.0007779598236083984
0.0007488727569580078
0.0005981922149658203
0.0007455348968505859
0.0006191730499267578
0.0006473064422607422
0.0005681514739990234
0.0005919933319091797
0.0005538463592529297
