324.4891037940979
322.6039180755615
322.23796343803406
320.3573954105377
320.2747550010681
320.500563621521
318.38861894607544
319.63781237602234
319.19369173049927
318.0756869316101
316.3669168949127
304.97296714782715
285.30554461479187
252.0238300561905
214.2580817937851
190.6042230129242
168.3354971408844
142.241306245327
115.20440530776978
100.71059718728065
89.27709573507309
73.96176600456238
66.30238744616508
59.71853658556938
46.23836427927017
46.492592960596085
44.99224442243576
29.054771453142166
27.646361261606216
22.021206974983215
24.798222988843918
18.2355255484581
22.890911638736725
16.087328732013702
17.91514492034912
13.70121419429779
8.753667056560516
8.883584588766098
4.373585104942322
7.245472073554993
3.534386098384857
18.41279888153076
4.615807592868805
1.1495420932769775
20.954438149929047
2.11260586977005
3.0153952836990356
10.588352501392365
6.616094350814819
2.2958277463912964
4.833745718002319
0.7500335574150085
0.11588335037231445
7.259113848209381
2.3041898012161255
0.19374620914459229
0.07741045951843262
0.06932640075683594
0.043387651443481445
0.034656524658203125
0.038152337074279785
0.033692240715026855
0.02045750617980957
0.012668728828430176
0.01196146011352539
0.015643000602722168
0.016979336738586426
0.02060556411743164
0.011773228645324707
0.011453509330749512
0.01104128360748291
0.010085463523864746
0.007585883140563965
0.006924629211425781
0.0062493085861206055
0.009694695472717285
0.09426999092102051
3.7326533794403076
2.1377235651016235
1.5141680240631104
0.10707235336303711
1.2632551193237305
8.358725726604462
0.7087991237640381
0.054880738258361816
0.29420506954193115
0.19401967525482178
0.038199782371520996
0.029773712158203125
0.030768752098083496
0.02440965175628662
0.015087008476257324
0.012123942375183105
0.01880669593811035
0.008628368377685547
0.00749814510345459
0.00705718994140625
0.008836030960083008
0.008826017379760742
0.006510734558105469
0.005952119827270508
0.00880122184753418
0.004829883575439453
0.005059480667114258
0.0057888031005859375
0.0074536800384521484
0.004827022552490234
0.0038384199142456055
0.002991914749145508
0.0044623613357543945
0.0024747848510742188
0.003738999366760254
0.00411379337310791
0.004821300506591797
0.006205320358276367
0.0035767555236816406
0.00246429443359375
0.004023313522338867
0.0028083324432373047
0.003480672836303711
0.0029764175415039062
0.0038716793060302734
0.0037817955017089844
0.003197193145751953
0.0026203393936157227
0.002985239028930664
0.0025821924209594727
0.0019295215606689453
0.0033948421478271484
0.005848050117492676
0.0034034252166748047
0.0022673606872558594
0.001958131790161133
0.0025376081466674805
0.0046041011810302734
0.0018396377563476562
0.002879619598388672
0.002666950225830078
0.0017943382263183594
0.0018188953399658203
0.002624988555908203
0.0019989013671875
0.0018527507781982422
0.0024557113647460938
0.001983165740966797
0.002419710159301758
0.0020238161087036133
0.001127004623413086
0.0022230148315429688
0.0013251304626464844
0.0019254684448242188
0.0016717910766601562
0.00162506103515625
0.0019555091857910156
0.0013654232025146484
0.002382516860961914
0.0019115209579467773
0.0017493963241577148
0.0022797584533691406
0.0016465187072753906
0.002343893051147461
0.0020096302032470703
0.0015528202056884766
0.0015370845794677734
0.0012593269348144531
0.0015215873718261719
0.001845240592956543
0.001434326171875
0.0008745193481445312
0.0021140575408935547
0.0013949871063232422
0.001241445541381836
0.0016412734985351562
0.001100301742553711
0.0012371540069580078
0.001703500747680664
0.0010099411010742188
0.0014450550079345703
0.0014712810516357422
0.0019960403442382812
0.0014547109603881836
0.0012080669403076172
0.001330733299255371
0.0011944770812988281
0.0013782978057861328
0.0014202594757080078
0.0013554096221923828
0.0015451908111572266
0.0008251667022705078
0.0014058351516723633
0.0008449554443359375
0.0012869834899902344
0.0013303756713867188
0.0011391639709472656
0.0011985301971435547
0.0012068748474121094
0.0007605552673339844
0.0011630058288574219
0.0009961128234863281
0.00232696533203125
0.0012996196746826172
0.0006453990936279297
0.0024292469024658203
0.0011963844299316406
0.0015947818756103516
0.0013966560363769531
0.0011060237884521484
0.0016765594482421875
0.001093149185180664
0.0013692378997802734
0.0012216567993164062
0.001216888427734375
0.0012760162353515625
0.0006422996520996094
0.0012524127960205078
0.0010488033294677734
0.0011332035064697266
0.001276254653930664
0.0006723403930664062
0.0009317398071289062
0.001064300537109375
0.0016629695892333984
0.0007231235504150391
0.0006740093231201172
0.0011161565780639648
0.0012295246124267578
0.0007932186126708984
0.0010864734649658203
0.0008697509765625
0.0006983280181884766
0.0008175373077392578
0.0008695125579833984
0.0007116794586181641
0.0006959438323974609
0.0009372234344482422
0.0007991790771484375
0.0014870166778564453
0.0006694793701171875
0.0008146762847900391
0.0007314682006835938
0.0011491775512695312
0.0013010501861572266
0.0006737709045410156
0.001104593276977539
0.0010154247283935547
0.0006999969482421875
0.0008673667907714844
0.0011081695556640625
0.0006852149963378906
0.0011162757873535156
0.0010192394256591797
0.0007457733154296875
0.0008635520935058594
0.0008893013000488281
0.0006406307220458984
0.0008249282836914062
0.0007605552673339844
0.0008590221405029297
0.000820159912109375
0.0011882781982421875
0.0011459589004516602
0.0008330345153808594
0.0011224746704101562
0.0009026527404785156
0.001077413558959961
0.0009114742279052734
0.0009639263153076172
0.0008189678192138672
0.0005705356597900391
0.0005395412445068359
0.0005469322204589844
0.0008077621459960938
0.0008685588836669922
0.00101470947265625
0.00101470947265625
0.0007512569427490234
0.0007343292236328125
0.0005395412445068359
0.0011813640594482422
0.0010943412780761719
0.0006892681121826172
0.0004534721374511719
0.00046062469482421875
0.0007777214050292969
0.0007853507995605469
0.0008050203323364258
0.0007107257843017578
0.0011715888977050781
0.001016855239868164
0.0009181499481201172
0.0006914138793945312
0.0008332729339599609
0.0007722377777099609
0.0005600452423095703
0.0010352134704589844
0.0008738040924072266
0.0005919933319091797
0.0006186962127685547
0.0006759166717529297
0.0006922483444213867
0.0006043910980224609
0.0008196830749511719
0.0004184246063232422
0.000812530517578125
0.000644683837890625
0.0006957054138183594
0.0005326271057128906
0.00048232078552246094
0.0014407634735107422
0.0007452964782714844
0.0006647109985351562
0.00041222572326660156
0.0007905960083007812
0.0007638931274414062
0.0005643367767333984
0.0005544424057006836
0.0006000995635986328
0.0009987354278564453
0.0007781982421875
0.0005257129669189453
0.0007863044738769531
0.0005505084991455078
0.0006928443908691406
0.0006299018859863281
0.0007765293121337891
0.0006709098815917969
0.0009667873382568359
0.0007660388946533203
0.0007164478302001953
0.0005877017974853516
0.0009629726409912109
0.0005536079406738281
0.0006644725799560547
0.0005340576171875
0.0008329153060913086
0.0005712509155273438
0.0006990432739257812
0.0006549358367919922
0.0006680488586425781
0.0004336833953857422
0.0007441043853759766
0.0009484291076660156
0.0006835460662841797
0.0004391670227050781
0.0006587505340576172
0.0006382465362548828
0.00044536590576171875
0.0008058547973632812
0.0004000663757324219
0.0005273818969726562
0.0007731914520263672
0.0003592967987060547
0.0007314682006835938
0.0010955333709716797
0.00026917457580566406
0.0008602142333984375
0.0005764961242675781
0.0003857612609863281
0.0007226467132568359
0.0006988048553466797
0.00046515464782714844
0.0007512569427490234
0.0005137920379638672
0.0008084774017333984
0.0006384849548339844
0.000690460205078125
0.0007224082946777344
0.0005776882171630859
0.0006880760192871094
0.0004496574401855469
0.00043511390686035156
0.000942230224609375
0.0005335807800292969
0.0006303787231445312
0.0006136894226074219
0.0007333755493164062
0.0005390644073486328
0.0006732940673828125
0.00047969818115234375
0.0007066726684570312
0.0005476474761962891
0.00039696693420410156
0.0007977485656738281
0.0006947517395019531
0.0002942085266113281
0.0007491111755371094
0.0005059242248535156
0.0004062652587890625
0.0007967948913574219
0.0005040168762207031
0.0006930828094482422
0.0009038448333740234
0.0005064010620117188
0.0006425380706787109
0.0007078647613525391
0.0004336833953857422
0.0003674030303955078
0.0005860328674316406
0.0007243156433105469
0.000644683837890625
0.00041103363037109375
0.0005004405975341797
0.0005154609680175781
0.0008006095886230469
0.0005965232849121094
0.0005247592926025391
0.00047707557678222656
0.0005617141723632812
0.0008311271667480469
0.0004863739013671875
0.0004127025604248047
0.0007731914520263672
0.00046253204345703125
0.0003936290740966797
0.00045490264892578125
0.0009925365447998047
0.0004634857177734375
0.0009226799011230469
0.0007016658782958984
0.00064849853515625
0.00047969818115234375
0.0006518363952636719
0.00035071372985839844
0.0004756450653076172
0.0008699893951416016
0.0003540515899658203
0.0005271434783935547
0.0004391670227050781
0.0006315708160400391
0.0004591941833496094
0.0003609657287597656
0.0005612373352050781
0.0004563331604003906
0.0005345344543457031
0.000598907470703125
0.0005350112915039062
0.0005764961242675781
0.00034046173095703125
0.0004394054412841797
0.0006573200225830078
0.0005900859832763672
0.0004925727844238281
0.0006356239318847656
0.0004572868347167969
0.0003943443298339844
0.0004889965057373047
0.0004978179931640625
0.0006210803985595703
0.0006206035614013672
0.0006339550018310547
0.0005049705505371094
0.0006189346313476562
0.00032329559326171875
0.00047135353088378906
0.0004341602325439453
0.0004138946533203125
0.0003399848937988281
0.00044798851013183594
0.0004432201385498047
0.0006139278411865234
0.0003497600555419922
0.00042438507080078125
0.0004534721374511719
0.0006053447723388672
0.000782012939453125
0.00058746337890625
0.0004031658172607422
0.0006067752838134766
0.00040221214294433594
0.00031948089599609375
0.0008866786956787109
0.00033974647521972656
0.0007824897766113281
0.0006892681121826172
0.0005662441253662109
0.0007724761962890625
0.0007879734039306641
0.0004608631134033203
0.00045299530029296875
0.0003135204315185547
0.0005578994750976562
0.0003972053527832031
0.00041413307189941406
0.0005028247833251953
0.00074005126953125
0.0005309581756591797
0.00041866302490234375
0.0005383491516113281
0.00034737586975097656
0.0006320476531982422
0.0004515647888183594
0.0003962516784667969
0.0005970001220703125
0.00042939186096191406
0.0005373954772949219
0.0005388259887695312
0.00032520294189453125
0.00049591064453125
0.0003330707550048828
0.0007035732269287109
0.0005626678466796875
0.0005249977111816406
0.0007097721099853516
0.0005319118499755859
0.00038743019104003906
0.0004913806915283203
0.0005991458892822266
0.0005521774291992188
0.00041866302490234375
0.0005133152008056641
0.0005457401275634766
0.0006101131439208984
0.0004363059997558594
0.0005390644073486328
0.0007252693176269531
0.00042247772216796875
0.0002779960632324219
0.0003113746643066406
0.0005164146423339844
0.00022172927856445312
0.0005934238433837891
0.00043082237243652344
0.0007040500640869141
0.0004913806915283203
0.00048661231994628906
0.0006556510925292969
0.0002834796905517578
0.0005474090576171875
0.0004684925079345703
0.00046563148498535156
0.0006413459777832031
0.0005567073822021484
0.00033664703369140625
0.0005800724029541016
0.00040435791015625
0.0004897117614746094
0.0005843639373779297
0.00045752525329589844
0.0005159378051757812
0.00047850608825683594
0.00032830238342285156
0.0005285739898681641
0.00042510032653808594
0.0004999637603759766
0.00038313865661621094
0.0004448890686035156
0.0005657672882080078
0.0007266998291015625
0.0003180503845214844
0.0005955696105957031
0.00032448768615722656
0.00032973289489746094
0.0008180141448974609
0.00026869773864746094
0.0005052089691162109
0.0005710124969482422
0.0006139278411865234
0.00044417381286621094
0.00037288665771484375
0.0003960132598876953
0.0005199909210205078
0.0003910064697265625
0.00035119056701660156
0.0002770423889160156
0.0002999305725097656
0.0003783702850341797
0.0005528926849365234
0.0005013942718505859
0.0005602836608886719
0.0005083084106445312
0.0005993843078613281
0.0005300045013427734
0.0003299713134765625
0.0003504753112792969
0.0005733966827392578
0.0006661415100097656
0.0004627704620361328
0.00020599365234375
0.00023865699768066406
0.0004055500030517578
0.0003998279571533203
0.00030422210693359375
0.0003993511199951172
0.0002903938293457031
0.0003376007080078125
0.0003643035888671875
0.000324249267578125
0.00045800209045410156
0.00040721893310546875
0.0004305839538574219
0.00032138824462890625
0.0005395412445068359
0.0007877349853515625
0.0008449554443359375
0.0003902912139892578
0.0004611015319824219
0.0004410743713378906
0.0006177425384521484
0.0006194114685058594
0.0004966259002685547
0.0002918243408203125
0.0006415843963623047
0.0003895759582519531
0.0005071163177490234
0.0005207061767578125
0.0004544258117675781
0.00041747093200683594
0.000446319580078125
0.0004956722259521484
0.0005021095275878906
0.00039577484130859375
0.0005366802215576172
0.0003733634948730469
0.0008378028869628906
0.0003581047058105469
0.0004153251647949219
0.0004334449768066406
0.00036907196044921875
0.00020384788513183594
0.0003325939178466797
0.00047588348388671875
0.0005152225494384766
0.0003867149353027344
0.00058746337890625
0.0004382133483886719
0.0006468296051025391
0.0004553794860839844
0.00022363662719726562
0.0005278587341308594
0.00030303001403808594
0.0005979537963867188
0.00048661231994628906
0.0006232261657714844
0.0005066394805908203
0.0002999305725097656
0.0003402233123779297
0.0003495216369628906
0.0003249645233154297
0.0005865097045898438
0.0005021095275878906
0.0005822181701660156
0.0005712509155273438
0.0002522468566894531
0.0002510547637939453
0.0004131793975830078
0.0004928112030029297
0.0004329681396484375
0.00044989585876464844
0.0003039836883544922
0.0003199577331542969
0.0004868507385253906
0.00023508071899414062
0.00028252601623535156
0.0004715919494628906
0.0002913475036621094
0.0004417896270751953
0.00048661231994628906
0.0003650188446044922
0.0002727508544921875
0.00042629241943359375
0.0004210472106933594
0.00037550926208496094
0.0004448890686035156
0.0005509853363037109
0.0004467964172363281
0.0005598068237304688
0.00044155120849609375
0.00039887428283691406
0.00032901763916015625
0.0005412101745605469
0.00043392181396484375
0.0006864070892333984
0.00039196014404296875
0.0004055500030517578
0.00041413307189941406
0.0004794597625732422
0.0006895065307617188
0.00039076805114746094
0.0004782676696777344
0.0006270408630371094
0.00024819374084472656
0.0003871917724609375
0.0006029605865478516
0.0003952980041503906
0.0005588531494140625
0.00048470497131347656
0.0003848075866699219
0.0007486343383789062
0.00041747093200683594
0.00030803680419921875
0.0003638267517089844
0.0003402233123779297
0.000308990478515625
0.00035119056701660156
0.0003581047058105469
0.0003299713134765625
0.00029730796813964844
0.0006859302520751953
0.000438690185546875
0.0003504753112792969
0.0003287792205810547
0.0005588531494140625
0.0007445812225341797
0.00040149688720703125
0.00043463706970214844
0.000499725341796875
0.0003337860107421875
0.00040149688720703125
0.0004050731658935547
0.00023651123046875
0.00025272369384765625
0.0003783702850341797
0.0005142688751220703
0.0005600452423095703
0.0004246234893798828
0.0004413127899169922
0.0003261566162109375
0.00035953521728515625
0.0004100799560546875
0.00040912628173828125
0.0007026195526123047
0.0003261566162109375
0.00027108192443847656
0.00041031837463378906
0.0004894733428955078
0.0003571510314941406
0.00029087066650390625
0.0005581378936767578
0.0006449222564697266
0.00045037269592285156
0.000446319580078125
0.00023126602172851562
0.0003795623779296875
0.00037598609924316406
0.00042128562927246094
0.00045299530029296875
0.0004341602325439453
0.0005025863647460938
0.0004248619079589844
0.00024127960205078125
0.0004379749298095703
0.0004191398620605469
0.0005676746368408203
0.0002963542938232422
0.0004341602325439453
0.0003952980041503906
0.00043320655822753906
0.0005335807800292969
0.00035762786865234375
0.00044727325439453125
0.0004982948303222656
0.0005047321319580078
0.0004134178161621094
0.0003161430358886719
0.0003159046173095703
0.00019049644470214844
0.0003838539123535156
0.00047016143798828125
0.0003521442413330078
0.00048422813415527344
0.0003001689910888672
0.0004305839538574219
0.00041985511779785156
0.0003504753112792969
0.0004439353942871094
0.0008912086486816406
0.0006954669952392578
0.0002703666687011719
0.0004100799560546875
0.00029158592224121094
0.00046515464782714844
0.000316619873046875
0.0005197525024414062
0.00033593177795410156
0.0003101825714111328
0.00028586387634277344
0.0002410411834716797
0.0005922317504882812
0.00042724609375
0.0003046989440917969
0.0002841949462890625
0.000705718994140625
0.0003380775451660156
0.0003383159637451172
0.00029087066650390625
0.0002624988555908203
0.00027298927307128906
0.0004298686981201172
0.00042557716369628906
0.0003921985626220703
0.00048470497131347656
0.00029850006103515625
0.0006346702575683594
0.000270843505859375
0.00032258033752441406
0.0003018379211425781
0.0002377033233642578
0.0003490447998046875
0.0005307197570800781
0.00039458274841308594
0.00048828125
0.0004642009735107422
0.00034427642822265625
0.0003616809844970703
0.0004086494445800781
0.00032711029052734375
0.0008294582366943359
0.000637054443359375
0.00038933753967285156
0.00020170211791992188
0.00033855438232421875
0.0006563663482666016
0.0005009174346923828
0.00035190582275390625
0.0003871917724609375
0.0005135536193847656
0.0005631446838378906
0.0004050731658935547
0.000278472900390625
0.0005393028259277344
0.0003788471221923828
0.0003733634948730469
0.00044465065002441406
0.00045013427734375
0.0005130767822265625
0.000347137451171875
0.00035119056701660156
0.00027298927307128906
0.00031876564025878906
0.0005125999450683594
0.0003459453582763672
0.00036525726318359375
0.0004363059997558594
0.0003268718719482422
0.0003135204315185547
0.0004200935363769531
0.0003001689910888672
0.0004150867462158203
0.0003457069396972656
0.0003237724304199219
0.00046253204345703125
0.0005700588226318359
0.0004787445068359375
0.0004227161407470703
0.0004487037658691406
0.00031685829162597656
0.00025582313537597656
0.0003178119659423828
0.0003142356872558594
0.0007481575012207031
0.0005815029144287109
0.000492095947265625
0.0004744529724121094
0.00044035911560058594
0.0003604888916015625
0.00034308433532714844
0.0003190040588378906
0.00044989585876464844
0.0005676746368408203
0.0004353523254394531
0.0007610321044921875
0.00030231475830078125
0.00036025047302246094
0.00041604042053222656
0.00044274330139160156
0.000431060791015625
0.0002574920654296875
0.0002856254577636719
0.00031304359436035156
0.0004239082336425781
0.0005621910095214844
0.00041604042053222656
0.0003542900085449219
0.0003018379211425781
0.0003056526184082031
0.0004131793975830078
0.00025272369384765625
0.0003180503845214844
0.0002543926239013672
0.00030612945556640625
0.0002598762512207031
0.0004935264587402344
0.00048041343688964844
0.0003712177276611328
0.00021958351135253906
0.0004215240478515625
0.0005793571472167969
0.0003886222839355469
0.00028896331787109375
0.0002956390380859375
0.0003116130828857422
0.0005588531494140625
0.000659942626953125
0.0005178451538085938
0.00037860870361328125
0.0004451274871826172
0.0002193450927734375
0.0002779960632324219
0.0002846717834472656
0.00045108795166015625
0.0002884864807128906
0.0003478527069091797
0.0004208087921142578
0.0003998279571533203
0.00026607513427734375
0.0004699230194091797
0.0004315376281738281
0.0003428459167480469
0.0003962516784667969
0.00034999847412109375
0.00048351287841796875
0.00038361549377441406
0.00047588348388671875
0.00048160552978515625
0.0004329681396484375
0.0003457069396972656
0.0005450248718261719
0.0002193450927734375
0.0003867149353027344
0.0003376007080078125
0.00044345855712890625
0.00041961669921875
0.0004622936248779297
0.00022864341735839844
0.00030517578125
0.00025963783264160156
0.00029540061950683594
0.0005049705505371094
0.0004940032958984375
0.0002892017364501953
0.00044155120849609375
0.0003743171691894531
0.0003032684326171875
0.00035691261291503906
0.0004324913024902344
0.0005664825439453125
0.00042629241943359375
0.0003840923309326172
0.0005044937133789062
0.00032258033752441406
0.0003955364227294922
0.0002589225769042969
0.00037598609924316406
0.00040411949157714844
0.0005052089691162109
0.0004546642303466797
0.0004317760467529297
0.00046372413635253906
0.0002543926239013672
0.00026798248291015625
0.00041604042053222656
0.0005106925964355469
0.0004379749298095703
0.00021719932556152344
0.00042819976806640625
0.00032448768615722656
0.0005254745483398438
0.000347137451171875
0.0003840923309326172
0.00037217140197753906
0.0004642009735107422
0.00036907196044921875
0.00032210350036621094
0.00039839744567871094
0.00031280517578125
0.0005192756652832031
0.00019860267639160156
0.0003657341003417969
0.0003590583801269531
0.00035119056701660156
0.0004146099090576172
0.0003848075866699219
0.0003809928894042969
0.00047516822814941406
0.0002570152282714844
0.0004761219024658203
0.00035691261291503906
0.0003445148468017578
0.0006206035614013672
0.00024247169494628906
0.00034737586975097656
0.0003802776336669922
0.00039076805114746094
0.0006582736968994141
0.0002982616424560547
0.0005092620849609375
0.0003325939178466797
0.00046753883361816406
0.0005288124084472656
0.0002930164337158203
0.00037479400634765625
0.0004668235778808594
0.0004150867462158203
0.0006043910980224609
0.0003600120544433594
0.0003418922424316406
0.00025582313537597656
0.0002727508544921875
0.0005674362182617188
0.00048089027404785156
0.00031638145446777344
0.00041556358337402344
0.0003876686096191406
0.00038242340087890625
0.00026988983154296875
0.0003867149353027344
0.0004191398620605469
0.0004420280456542969
0.00039267539978027344
0.0007293224334716797
0.0002930164337158203
0.00040531158447265625
0.00019621849060058594
0.00048470497131347656
0.00027251243591308594
0.00029015541076660156
0.0003170967102050781
0.0004436969757080078
0.0003082752227783203
0.00023674964904785156
0.0004184246063232422
0.0004775524139404297
0.00016188621520996094
0.0005002021789550781
0.0003418922424316406
0.000225067138671875
0.0003235340118408203
0.000507354736328125
0.0003376007080078125
0.00034618377685546875
0.0002536773681640625
0.0003764629364013672
0.00025963783264160156
0.00041985511779785156
0.00028824806213378906
0.00035858154296875
0.00044536590576171875
0.0004489421844482422
0.0002803802490234375
0.00043272972106933594
0.00035262107849121094
0.0005142688751220703
0.000354766845703125
0.0003833770751953125
0.00041794776916503906
0.00040912628173828125
0.00037741661071777344
0.0006690025329589844
0.00032520294189453125
0.0005273818969726562
0.0004248619079589844
0.00032520294189453125
0.00048804283142089844
0.00035381317138671875
0.0002949237823486328
0.00039196014404296875
0.00043272972106933594
0.0005476474761962891
0.00045490264892578125
0.00024175643920898438
0.0002307891845703125
0.00032782554626464844
0.0003886222839355469
0.0005104541778564453
0.0003495216369628906
0.00036787986755371094
0.00031256675720214844
0.0005049705505371094
0.0002799034118652344
0.00041103363037109375
0.0003337860107421875
0.00021457672119140625
0.00028061866760253906
0.0004901885986328125
0.0004868507385253906
0.000225067138671875
0.0002624988555908203
0.0004394054412841797
0.0003829002380371094
0.0003712177276611328
0.0003604888916015625
0.0004253387451171875
0.00039887428283691406
0.0004012584686279297
0.0005536079406738281
0.0006117820739746094
0.0003619194030761719
0.0003199577331542969
0.00038170814514160156
0.0005133152008056641
0.0004391670227050781
0.0006392002105712891
0.0003676414489746094
0.00037384033203125
0.0003769397735595703
0.00044155120849609375
0.0003743171691894531
0.0002970695495605469
0.0003421306610107422
0.0002903938293457031
0.0002319812774658203
0.0004260540008544922
0.0002448558807373047
0.0003905296325683594
0.0004062652587890625
0.0004534721374511719
0.00027871131896972656
0.00019693374633789062
0.0003790855407714844
0.00035452842712402344
0.00023293495178222656
0.0005290508270263672
0.00031495094299316406
0.00036644935607910156
0.00026917457580566406
0.00043487548828125
0.0005428791046142578
0.0002872943878173828
0.0005235671997070312
0.0003540515899658203
0.000461578369140625
0.0003643035888671875
0.00030231475830078125
0.0004374980926513672
0.00038433074951171875
0.0003669261932373047
0.00041174888610839844
0.0003833770751953125
0.0003540515899658203
0.00040793418884277344
0.00026226043701171875
0.0006029605865478516
0.0003936290740966797
0.00030422210693359375
0.00028705596923828125
0.0003819465637207031
0.0004258155822753906
0.0005228519439697266
0.0004248619079589844
0.0003731250762939453
0.00048351287841796875
0.00023412704467773438
0.00038433074951171875
0.000476837158203125
0.0002586841583251953
0.0003025531768798828
0.0003046989440917969
0.00026535987854003906
0.00020074844360351562
0.0005676746368408203
0.0005803108215332031
0.0004189014434814453
0.00041866302490234375
0.0002849102020263672
0.00036978721618652344
0.00034356117248535156
0.0003247261047363281
0.0003714561462402344
0.0005028247833251953
0.0005459785461425781
0.0003116130828857422
0.0005054473876953125
0.0002677440643310547
0.00027823448181152344
0.0005846023559570312
0.0003631114959716797
0.000293731689453125
0.00032401084899902344
0.00027441978454589844
0.0003485679626464844
0.0003123283386230469
0.0003509521484375
0.0002703666687011719
0.00038433074951171875
0.00043082237243652344
0.0008008480072021484
0.0003905296325683594
0.000354766845703125
0.00039267539978027344
0.0003063678741455078
0.00039839744567871094
0.0003685951232910156
0.00034689903259277344
0.0002467632293701172
0.00032520294189453125
0.0002913475036621094
0.000461578369140625
0.00035309791564941406
0.0003516674041748047
0.00045800209045410156
0.0003509521484375
0.0004248619079589844
0.000324249267578125
0.0003857612609863281
0.0003147125244140625
0.0005373954772949219
0.0003521442413330078
0.0005400180816650391
0.0004296302795410156
0.0005104541778564453
0.0002930164337158203
0.0003771781921386719
0.00034308433532714844
0.0004489421844482422
0.00029587745666503906
0.00042748451232910156
0.00041747093200683594
0.00036716461181640625
0.0003440380096435547
0.0004956722259521484
0.0003039836883544922
0.0002486705780029297
0.00047326087951660156
0.00030612945556640625
0.00032138824462890625
0.0002970695495605469
0.00029158592224121094
0.0003437995910644531
0.000331878662109375
0.0004925727844238281
0.0005116462707519531
0.0002713203430175781
0.00025844573974609375
0.0003521442413330078
0.00033354759216308594
0.0003726482391357422
0.00032711029052734375
0.00041604042053222656
0.0002532005310058594
0.0003490447998046875
0.0004382133483886719
0.00042366981506347656
0.00032782554626464844
0.00040149688720703125
0.0003769397735595703
0.00031948089599609375
0.0004420280456542969
0.00028204917907714844
0.0005605220794677734
0.0003070831298828125
0.0002701282501220703
0.0002675056457519531
0.0003459453582763672
0.0003085136413574219
0.00036978721618652344
0.0004885196685791016
0.000377655029296875
0.0007517337799072266
0.00022554397583007812
0.0002765655517578125
0.0003352165222167969
0.0005078315734863281
0.00041985511779785156
0.00030803680419921875
0.0005450248718261719
0.000286102294921875
0.0003027915954589844
0.0005943775177001953
0.0003006458282470703
0.0003819465637207031
0.0006425380706787109
0.00026416778564453125
0.0004000663757324219
0.0003402233123779297
0.0003731250762939453
0.0004265308380126953
0.00030040740966796875
0.000316619873046875
0.0002963542938232422
0.0005934238433837891
0.0005095005035400391
0.00028324127197265625
0.00034737586975097656
0.00027489662170410156
0.0003452301025390625
0.0003330707550048828
0.0003829002380371094
0.0002834796905517578
0.00023221969604492188
0.00036978721618652344
0.0003829002380371094
0.00036716461181640625
0.0003693103790283203
0.00039005279541015625
0.00013399124145507812
0.0005164146423339844
0.0004382133483886719
0.0006773471832275391
0.00035500526428222656
0.00026416778564453125
0.0004107952117919922
0.0003695487976074219
0.0003230571746826172
0.000522613525390625
0.0005578994750976562
0.0003254413604736328
0.0003848075866699219
0.0003075599670410156
0.0005314350128173828
0.0005393028259277344
0.00032019615173339844
0.00047206878662109375
0.00046181678771972656
0.00045752525329589844
0.0004506111145019531
0.0003113746643066406
0.0004253387451171875
0.0004038810729980469
0.0005676746368408203
0.0001842975616455078
0.0004138946533203125
0.00021958351135253906
0.0002963542938232422
0.0003139972686767578
0.00026798248291015625
0.00038933753967285156
0.0003604888916015625
0.0002675056457519531
0.0002231597900390625
0.00035381317138671875
0.0003402233123779297
0.00025153160095214844
0.00029969215393066406
0.00032782554626464844
0.0005066394805908203
0.0003974437713623047
0.0002338886260986328
0.0004000663757324219
0.00039315223693847656
0.00038242340087890625
0.00045108795166015625
0.0003104209899902344
0.00031256675720214844
0.00023174285888671875
0.00020575523376464844
0.00032639503479003906
0.0003123283386230469
0.0003414154052734375
0.00027751922607421875
0.0005125999450683594
0.0003769397735595703
0.0003211498260498047
0.000423431396484375
0.00040411949157714844
0.0003895759582519531
0.0003256797790527344
0.0003399848937988281
0.0004246234893798828
0.00034880638122558594
0.00039958953857421875
0.0003571510314941406
0.0003211498260498047
0.0004658699035644531
0.0005764961242675781
0.0006349086761474609
0.0002875328063964844
0.0004134178161621094
0.00043010711669921875
0.00042891502380371094
0.0005068778991699219
0.0003654956817626953
0.0003914833068847656
0.0003802776336669922
0.00035858154296875
0.0003170967102050781
0.00037169456481933594
0.0002460479736328125
0.00039768218994140625
0.00043654441833496094
0.0004642009735107422
0.00034689903259277344
0.00029540061950683594
0.000415802001953125
0.00035572052001953125
0.00043272972106933594
0.0002789497375488281
0.0002048015594482422
0.0004630088806152344
0.00028228759765625
0.000499725341796875
0.000217437744140625
0.0002639293670654297
0.0002810955047607422
0.00023508071899414062
0.00030922889709472656
0.0006477832794189453
0.0003287792205810547
0.0004878044128417969
0.00039196014404296875
0.00048160552978515625
0.000461578369140625
0.0002963542938232422
0.0007119178771972656
0.0004036426544189453
0.0004353523254394531
0.00019502639770507812
0.00022840499877929688
0.0005025863647460938
0.0006530284881591797
0.0003104209899902344
0.00046133995056152344
0.000492095947265625
0.00039505958557128906
0.0003237724304199219
0.0002288818359375
0.0003292560577392578
0.0003991127014160156
0.00039458274841308594
0.0004782676696777344
0.00029206275939941406
0.00025582313537597656
0.0004978179931640625
0.00038123130798339844
0.00023221969604492188
0.0003402233123779297
0.0004127025604248047
0.0002467632293701172
0.0003275871276855469
0.00047326087951660156
0.0002346038818359375
0.00037026405334472656
0.000461578369140625
0.0002651214599609375
0.00036406517028808594
0.0004940032958984375
0.0003647804260253906
0.0005373954772949219
0.00045990943908691406
0.0004093647003173828
0.0004458427429199219
0.000446319580078125
0.0006058216094970703
0.0003066062927246094
0.0003094673156738281
0.0002090930938720703
0.00036263465881347656
0.00051116943359375
0.0003578662872314453
0.000614166259765625
0.0005483627319335938
0.0003795623779296875
0.0003457069396972656
0.00028777122497558594
0.00036978721618652344
0.0002300739288330078
0.00025391578674316406
0.00021457672119140625
0.0004990100860595703
0.000354766845703125
0.0003829002380371094
0.0003707408905029297
0.00044274330139160156
0.0003323554992675781
0.0002751350402832031
0.00036334991455078125
0.0003552436828613281
0.0003502368927001953
0.00022268295288085938
0.00042724609375
0.0003447532653808594
0.0002770423889160156
0.0004868507385253906
0.00027871131896972656
0.0006055831909179688
0.000335693359375
0.0004248619079589844
0.00030112266540527344
0.00028324127197265625
0.0004553794860839844
0.0004956722259521484
0.00031185150146484375
0.00026679039001464844
0.0003902912139892578
0.00041413307189941406
0.0005958080291748047
0.0002846717834472656
0.0002675056457519531
0.0003247261047363281
0.00035953521728515625
0.0003600120544433594
0.000484466552734375
0.00034880638122558594
0.0003108978271484375
0.0004355907440185547
0.0003654956817626953
0.00033545494079589844
0.00047087669372558594
0.0004017353057861328
0.00036144256591796875
0.0003898143768310547
0.0002694129943847656
0.00028967857360839844
0.00060272216796875
0.00042748451232910156
0.00029087066650390625
0.00030422210693359375
0.00029969215393066406
0.0005118846893310547
0.00024247169494628906
0.00030231475830078125
0.000553131103515625
0.00032806396484375
0.0002779960632324219
0.0003275871276855469
0.0001964569091796875
0.0004076957702636719
0.0003581047058105469
0.0003857612609863281
0.00031948089599609375
0.00038123130798339844
0.00036144256591796875
0.0003364086151123047
0.0002181529998779297
0.0005710124969482422
0.0006163120269775391
0.0004761219024658203
0.0004734992980957031
0.0003561973571777344
0.0003905296325683594
0.0003082752227783203
0.0006361007690429688
0.0003848075866699219
0.00034046173095703125
0.00033783912658691406
0.0002346038818359375
0.00041675567626953125
0.0005252361297607422
0.0003657341003417969
0.00031375885009765625
0.0002288818359375
0.0005338191986083984
0.00041985511779785156
0.00047469139099121094
0.00048065185546875
0.00024008750915527344
0.000415802001953125
0.00042176246643066406
0.0004673004150390625
0.00045228004455566406
0.0003342628479003906
0.00038552284240722656
0.0005195140838623047
0.0005462169647216797
0.0003230571746826172
0.00033593177795410156
0.0003273487091064453
0.00017309188842773438
0.0006487369537353516
0.0003604888916015625
0.0002346038818359375
0.00023651123046875
0.0003647804260253906
0.000370025634765625
0.0003795623779296875
0.0001678466796875
0.00025653839111328125
0.0002808570861816406
0.00039267539978027344
0.00025010108947753906
0.0003247261047363281
0.00042819976806640625
0.0003962516784667969
0.00034165382385253906
0.0005249977111816406
0.000484466552734375
0.00021076202392578125
0.00041222572326660156
0.0003056526184082031
0.0003337860107421875
0.0003008842468261719
0.0005192756652832031
0.00032806396484375
0.00029158592224121094
0.00030803680419921875
0.0002498626708984375
0.0005824565887451172
0.0004055500030517578
0.0005023479461669922
0.00046825408935546875
0.00018644332885742188
0.0003685951232910156
0.00028443336486816406
0.00039315223693847656
0.0004317760467529297
0.00028133392333984375
0.0004608631134033203
0.0002624988555908203
0.0002980232238769531
0.0003705024719238281
0.0005061626434326172
0.0004279613494873047
0.0004100799560546875
0.00022482872009277344
0.0004830360412597656
0.00042057037353515625
0.0004138946533203125
0.0003952980041503906
0.00041294097900390625
0.00025177001953125
0.0004260540008544922
0.0003616809844970703
0.0004863739013671875
0.0006201267242431641
0.0003142356872558594
0.0005362033843994141
0.00040340423583984375
0.0005438327789306641
0.0004451274871826172
0.00026154518127441406
0.0003299713134765625
0.0004181861877441406
0.0002951622009277344
0.00028443336486816406
0.0004458427429199219
0.000247955322265625
0.0006062984466552734
0.0002181529998779297
0.0003681182861328125
0.0005207061767578125
0.0002865791320800781
0.00030350685119628906
0.0002758502960205078
0.0003676414489746094
0.0003314018249511719
0.00034618377685546875
0.000396728515625
0.0003409385681152344
0.0003681182861328125
0.0003345012664794922
0.00030159950256347656
0.000274658203125
0.00044655799865722656
0.000362396240234375
0.0003993511199951172
0.0004134178161621094
0.00033926963806152344
0.0003345012664794922
0.0004277229309082031
0.0003266334533691406
0.0002713203430175781
0.00043320655822753906
0.00032901763916015625
0.00043582916259765625
0.00033473968505859375
0.0002942085266113281
0.0006091594696044922
0.00027489662170410156
0.00037288665771484375
0.0003902912139892578
0.0006544589996337891
0.00035953521728515625
0.0003123283386230469
0.0003750324249267578
0.00023174285888671875
0.0003418922424316406
0.0003216266632080078
0.0004181861877441406
0.0003771781921386719
0.0003895759582519531
0.0005350112915039062
0.000324249267578125
0.0004436969757080078
0.0004875659942626953
0.0002551078796386719
0.0003039836883544922
0.0002830028533935547
0.000392913818359375
0.0002498626708984375
0.0003218650817871094
0.0003681182861328125
0.00021409988403320312
0.00037980079650878906
0.0004143714904785156
0.0003581047058105469
0.0004374980926513672
0.0002884864807128906
0.0004086494445800781
0.0006008148193359375
0.0003571510314941406
0.0003879070281982422
0.0002338886260986328
0.0007550716400146484
0.0002646446228027344
0.0004494190216064453
0.0004863739013671875
0.0004169940948486328
0.00046634674072265625
0.0003349781036376953
0.00041413307189941406
0.00032258033752441406
0.0003757476806640625
0.0003070831298828125
0.00035858154296875
0.00029087066650390625
0.000270843505859375
0.0003619194030761719
0.000339508056640625
0.0002865791320800781
0.00041675567626953125
0.0004143714904785156
