325.67916440963745
325.49971866607666
325.8122184276581
325.0842800140381
324.810759305954
324.96278619766235
324.781361579895
324.57473516464233
324.1135194301605
324.2940287590027
324.15541076660156
323.82389211654663
323.6364858150482
323.6527109146118
323.8336956501007
323.6241993904114
322.8886651992798
323.18543553352356
322.6531226634979
323.2176368236542
322.4898114204407
322.55596446990967
322.30694580078125
321.550488948822
321.8331756591797
321.28849697113037
321.16858553886414
320.3116338253021
320.1897280216217
319.7734272480011
319.4271330833435
319.8978407382965
318.747891664505
318.57572078704834
318.5310752391815
318.2260596752167
318.09789085388184
317.25149941444397
316.91244626045227
318.55790066719055
318.1028230190277
317.0357141494751
317.77365922927856
316.9908764362335
316.7437846660614
316.27956676483154
316.95021748542786
316.7565746307373
315.6767385005951
315.15012097358704
315.4632623195648
313.0665657520294
311.59751415252686
309.186491727829
305.75757789611816
298.27253246307373
290.4873688220978
282.4585840702057
273.66475343704224
265.4301927089691
259.663778424263
245.77851819992065
237.4206702709198
219.20030570030212
214.49359023571014
209.908362865448
202.28213036060333
197.3149013519287
187.4243232011795
181.00161588191986
179.89190870523453
171.1800943017006
169.09591233730316
168.46100282669067
163.09859877824783
165.0714340209961
153.79785054922104
151.9042670726776
155.7004120349884
140.37063640356064
135.81395283341408
133.62253361940384
126.80690997838974
130.52841192483902
127.30118072032928
124.63182812929153
122.68084499239922
113.97896093130112
112.87555277347565
105.05864572525024
112.52700105309486
104.29029470682144
99.8816055059433
100.96901342272758
94.55248680710793
90.19840705394745
89.11594259738922
95.09059795737267
80.9484720826149
86.11345738172531
80.38474470376968
78.00520527362823
64.8799977004528
68.64334350824356
64.60405814647675
70.44838327169418
57.52606517076492
59.21973377466202
69.51712337136269
58.29560315608978
53.41266816854477
55.204805076122284
47.04575118422508
54.64055263996124
43.525757908821106
48.62239822745323
50.46397730708122
50.34655183553696
38.48144111037254
42.784661412239075
44.96144539117813
45.70679235458374
38.243539810180664
41.75952786207199
41.02101954817772
31.948606848716736
34.46853083372116
34.15772047638893
35.34574294090271
36.96592491865158
32.33890521526337
24.971628099679947
31.830071985721588
31.783855229616165
26.93809401988983
31.570754379034042
19.901969075202942
15.666432619094849
20.339398354291916
19.308050870895386
29.517462074756622
22.13438442349434
16.756304264068604
15.736084640026093
14.692366421222687
19.265682339668274
18.769273072481155
13.03395003080368
12.904962182044983
15.372733891010284
14.305469930171967
12.483492493629456
17.724858164787292
17.122167766094208
14.812956750392914
13.939302831888199
11.040472745895386
13.628164499998093
15.088301092386246
17.913603603839874
14.669083774089813
10.913319945335388
8.875742673873901
13.137675344944
13.724963217973709
9.610379546880722
9.994613409042358
8.27005922794342
19.391743004322052
11.298277884721756
10.21718543767929
6.211361587047577
6.934932231903076
7.364341378211975
7.041581630706787
4.2167414128780365
8.221874058246613
6.169989168643951
5.527574688196182
11.243048042058945
5.068269789218903
4.917444825172424
8.273694276809692
12.743539333343506
7.170658051967621
5.078580379486084
16.629078716039658
3.793640613555908
2.947515904903412
6.195015788078308
1.843347191810608
1.6551076173782349
6.871200442314148
4.267453551292419
16.043143838644028
5.490437388420105
6.848968923091888
4.465470910072327
2.9847675561904907
1.16901695728302
1.472385287284851
4.508073449134827
1.568812608718872
1.8764214515686035
8.390071511268616
3.020317792892456
1.5233663320541382
1.4205337762832642
3.0683032274246216
1.7483523786067963
2.9798703789711
5.039158225059509
3.6810224652290344
0.7446715831756592
0.8939534425735474
0.8933960795402527
1.528248906135559
0.6755052804946899
0.6159047186374664
0.42756128311157227
0.25289928913116455
0.28561198711395264
0.24263381958007812
0.20438158512115479
0.336411714553833
0.3577961325645447
0.2625340223312378
0.20987117290496826
0.23654699325561523
0.20280671119689941
0.18940556049346924
0.14326238632202148
0.24391555786132812
0.14842724800109863
0.16349148750305176
0.4892233610153198
0.7007346153259277
0.24953746795654297
2.232924222946167
1.419160008430481
0.18863701820373535
0.15871989727020264
0.17025208473205566
0.16621553897857666
0.13427734375
0.12874102592468262
0.12305033206939697
0.12427520751953125
0.11642217636108398
0.15392589569091797
0.23874711990356445
0.1144261360168457
0.13633477687835693
0.12042176723480225
0.17067313194274902
0.2794945240020752
0.7077062129974365
0.37570154666900635
0.14851069450378418
0.0997772216796875
0.12273883819580078
0.10016798973083496
0.0891878604888916
0.0806732177734375
0.21454262733459473
0.13855350017547607
0.12599313259124756
0.10333752632141113
0.07473695278167725
0.09838199615478516
0.0668480396270752
0.08562970161437988
0.08710205554962158
0.072784423828125
0.07142472267150879
0.053020477294921875
0.07106804847717285
0.0695486068725586
0.06590867042541504
0.0798182487487793
0.09461116790771484
0.06108808517456055
0.07737672328948975
0.05497550964355469
0.07019996643066406
0.06991338729858398
0.07427144050598145
0.09815919399261475
0.05555248260498047
0.05088186264038086
0.05433845520019531
0.05098581314086914
0.052539825439453125
0.0580143928527832
0.08085393905639648
0.04933500289916992
0.0702211856842041
0.04515564441680908
0.06239879131317139
0.05594062805175781
0.04355478286743164
0.05203723907470703
0.049201011657714844
0.045790910720825195
0.054456233978271484
0.06533932685852051
0.0371699333190918
0.04173469543457031
0.059845924377441406
0.06590205430984497
0.04079771041870117
0.035639047622680664
0.06756758689880371
0.08600854873657227
0.06663036346435547
0.05245351791381836
0.0551295280456543
0.037156105041503906
0.04640626907348633
0.045542001724243164
0.04341626167297363
0.05222678184509277
0.046987056732177734
0.0520327091217041
0.044260501861572266
0.04561591148376465
0.0377349853515625
0.04033041000366211
0.04263424873352051
0.04026484489440918
0.05144667625427246
0.038716793060302734
0.04066920280456543
0.030952930450439453
0.04115152359008789
0.039752960205078125
0.04540848731994629
0.03895688056945801
0.04636645317077637
0.03220629692077637
0.03268694877624512
0.0338282585144043
0.052622199058532715
0.03604006767272949
0.04965925216674805
0.03859281539916992
0.03337550163269043
0.03621363639831543
0.043953776359558105
0.030656814575195312
0.030878305435180664
0.03496265411376953
0.0360722541809082
0.04126882553100586
0.02997112274169922
0.039760589599609375
0.03699636459350586
0.03346967697143555
0.02820301055908203
0.039823055267333984
0.04698491096496582
0.032991886138916016
0.030292391777038574
0.030883312225341797
0.034934043884277344
0.03215980529785156
0.029331684112548828
0.07182431221008301
0.03746199607849121
0.049205660820007324
0.030484676361083984
0.03227972984313965
0.03475916385650635
0.0514984130859375
0.04192638397216797
0.03596019744873047
0.030596017837524414
0.04080939292907715
0.029416561126708984
0.030919313430786133
0.04523062705993652
0.03023362159729004
0.035343170166015625
0.029740333557128906
0.027886271476745605
0.028995752334594727
0.03936290740966797
0.02595067024230957
0.03183484077453613
0.03960704803466797
0.035721540451049805
0.030277252197265625
0.03130960464477539
0.04173564910888672
0.023398876190185547
0.02801227569580078
0.03040933609008789
0.029288291931152344
0.03408634662628174
0.023308992385864258
0.031098604202270508
0.02417588233947754
0.03125870227813721
0.02285933494567871
0.036084651947021484
0.02660655975341797
0.026170969009399414
0.033255696296691895
0.037352561950683594
0.029374122619628906
0.028115510940551758
0.028338909149169922
0.028878450393676758
0.025370121002197266
0.035410404205322266
0.028961896896362305
0.02684497833251953
0.0329282283782959
0.025234460830688477
0.03956270217895508
0.02645587921142578
0.024734973907470703
0.023803234100341797
0.01863241195678711
0.02146315574645996
0.02772045135498047
0.0218963623046875
0.029503583908081055
0.02530956268310547
0.02152538299560547
0.02937495708465576
0.0317997932434082
0.03108048439025879
0.02937638759613037
0.045909881591796875
0.03410625457763672
0.02726137638092041
0.028461933135986328
0.026938199996948242
0.023204565048217773
0.020154118537902832
0.028308391571044922
0.03303873538970947
0.025672435760498047
0.022286176681518555
0.028913259506225586
0.021960973739624023
0.025450944900512695
0.018642187118530273
0.02670454978942871
0.020714998245239258
0.03572535514831543
0.0467677116394043
0.020909547805786133
0.025765180587768555
0.022057294845581055
0.027159929275512695
0.024185657501220703
0.021175146102905273
0.01833939552307129
0.023765087127685547
0.029660940170288086
0.02017951011657715
0.031134724617004395
0.02514028549194336
0.02305459976196289
0.030300140380859375
0.025991320610046387
0.024715900421142578
0.020637035369873047
0.030966520309448242
0.026332378387451172
0.020514965057373047
0.023873209953308105
0.02768707275390625
0.027203083038330078
0.02385258674621582
0.020882129669189453
0.03200697898864746
0.024288654327392578
0.024080753326416016
0.023465394973754883
0.03170132637023926
0.02366495132446289
0.021751880645751953
0.023501157760620117
0.01801300048828125
0.03675270080566406
0.02066659927368164
0.02350163459777832
0.02429664134979248
0.02191615104675293
0.019717693328857422
0.017627477645874023
0.02734827995300293
0.02129983901977539
0.027819156646728516
0.0242464542388916
0.021070003509521484
0.02463984489440918
0.02294158935546875
0.02876901626586914
0.02462911605834961
0.01784515380859375
0.028717517852783203
0.019806385040283203
0.023973703384399414
0.022378206253051758
0.021827220916748047
0.019771814346313477
0.01887655258178711
0.023764967918395996
0.017842769622802734
0.022857189178466797
0.029853105545043945
0.02203679084777832
0.02479076385498047
0.022769689559936523
0.022045135498046875
0.01930999755859375
0.017245888710021973
0.02082085609436035
0.017151713371276855
0.01865243911743164
0.022258996963500977
0.023858308792114258
0.017779111862182617
0.01853036880493164
0.022216320037841797
0.022845745086669922
0.020563364028930664
0.02289903163909912
0.01996302604675293
0.023341894149780273
0.02947831153869629
0.029326200485229492
0.023745298385620117
0.02111363410949707
0.027013063430786133
0.02363109588623047
0.022279977798461914
0.0223543643951416
0.019381999969482422
0.021929025650024414
0.027632713317871094
0.02248406410217285
0.020592689514160156
0.013420820236206055
0.0211946964263916
0.021366357803344727
0.015994548797607422
0.018393516540527344
0.01950216293334961
0.023399829864501953
0.020566940307617188
0.02340865135192871
0.016978740692138672
0.018821239471435547
0.018785715103149414
0.021587252616882324
0.030160903930664062
0.018975257873535156
0.018908977508544922
0.0200040340423584
0.015829801559448242
0.02158045768737793
0.025693178176879883
0.01586437225341797
0.021128177642822266
0.020401477813720703
0.024540185928344727
0.020845413208007812
0.021182537078857422
0.02254462242126465
0.021114110946655273
0.024049043655395508
0.023609638214111328
0.02006244659423828
0.015123367309570312
0.015086889266967773
0.022422313690185547
0.0170743465423584
0.021636486053466797
0.018538713455200195
0.020680904388427734
0.026070356369018555
0.025467395782470703
0.02114725112915039
0.01805400848388672
0.02279496192932129
0.020279407501220703
0.022098302841186523
0.02269768714904785
0.01781630516052246
0.018499135971069336
0.019570112228393555
0.016659021377563477
0.02205348014831543
0.017355680465698242
0.019331693649291992
0.01719808578491211
0.014546871185302734
0.020347118377685547
0.024847984313964844
0.017229080200195312
0.016025066375732422
0.021121501922607422
0.02411365509033203
0.01980304718017578
0.018669605255126953
0.02209174633026123
0.02010941505432129
0.01926136016845703
0.021825790405273438
0.019257068634033203
0.0209500789642334
0.016069650650024414
0.01875317096710205
0.01888871192932129
0.01906752586364746
0.017580032348632812
0.014434814453125
0.02149176597595215
0.01816272735595703
0.016392946243286133
0.020209550857543945
0.015939712524414062
0.020113706588745117
0.02276325225830078
0.02114248275756836
0.01973104476928711
0.020451784133911133
0.018435955047607422
0.0204164981842041
0.019254684448242188
0.01654958724975586
0.019575119018554688
0.016886472702026367
0.01840686798095703
0.02614903450012207
0.0191650390625
0.02048468589782715
0.021928787231445312
0.015981435775756836
0.019260406494140625
0.016083240509033203
0.015516281127929688
0.01807093620300293
0.018963336944580078
0.02345108985900879
0.015120983123779297
0.01945972442626953
0.017287015914916992
0.01716303825378418
0.015075445175170898
0.015498876571655273
0.01469564437866211
0.015015602111816406
0.02495598793029785
0.021821260452270508
0.02097940444946289
0.021338939666748047
0.020546913146972656
0.026191353797912598
0.021373987197875977
0.017520666122436523
0.01505899429321289
0.018834590911865234
0.017580032348632812
0.019171953201293945
0.013648033142089844
0.019362926483154297
0.01678943634033203
0.018409252166748047
0.017131567001342773
0.01694798469543457
0.016283273696899414
0.020528554916381836
0.019399404525756836
0.020092248916625977
0.021173715591430664
0.017442703247070312
0.014792680740356445
0.016073226928710938
0.019290685653686523
0.017613887786865234
0.014531373977661133
0.017786860466003418
0.017122745513916016
0.019902706146240234
0.018645048141479492
0.01952958106994629
0.01358938217163086
0.015196084976196289
0.015127420425415039
0.017492294311523438
0.017746448516845703
0.01364588737487793
0.020731449127197266
0.012594223022460938
0.013317346572875977
0.018011093139648438
0.01929616928100586
0.015070199966430664
0.020505547523498535
0.017597436904907227
0.018338680267333984
0.02046036720275879
0.017581462860107422
0.0202329158782959
0.021574020385742188
0.021596908569335938
0.022591590881347656
0.018881559371948242
0.017632365226745605
0.019683837890625
0.015678882598876953
0.02025604248046875
0.019318103790283203
0.015562772750854492
0.016840457916259766
0.018631458282470703
0.018678903579711914
0.022066116333007812
0.013549089431762695
0.017484426498413086
0.014527082443237305
0.014716148376464844
0.0163271427154541
0.02165842056274414
0.014733314514160156
0.015129804611206055
0.01896047592163086
0.02396702766418457
0.016516685485839844
0.01758432388305664
0.016453981399536133
0.0172116756439209
0.018789291381835938
0.016163349151611328
0.019343137741088867
0.016620159149169922
0.01422572135925293
0.019623994827270508
0.01518559455871582
0.018587350845336914
0.013890743255615234
0.01868605613708496
0.014674663543701172
0.019803524017333984
0.016950607299804688
0.016695022583007812
0.011559247970581055
0.02269434928894043
0.016588926315307617
0.014744043350219727
0.016994714736938477
0.0192338228225708
0.01725935935974121
0.018074512481689453
0.012746334075927734
0.0221102237701416
0.01655864715576172
0.01111459732055664
0.019846439361572266
0.01773524284362793
0.018957138061523438
0.014209508895874023
0.017852306365966797
0.01578497886657715
0.01474905014038086
0.015368461608886719
0.015223979949951172
0.02210545539855957
0.018558502197265625
0.013480901718139648
0.01683354377746582
0.015723466873168945
0.01469874382019043
0.013520002365112305
0.02378249168395996
0.02108025550842285
0.01831674575805664
0.014673709869384766
0.01445150375366211
0.016753196716308594
0.01632833480834961
0.023286104202270508
0.017867326736450195
0.01755356788635254
0.013567447662353516
0.02026081085205078
0.01989889144897461
0.018299102783203125
0.014447450637817383
0.013058185577392578
0.01763319969177246
0.01627349853515625
0.014924049377441406
0.013878345489501953
0.016262054443359375
0.015810489654541016
0.021260976791381836
0.016661763191223145
0.014023780822753906
0.012684345245361328
0.01761794090270996
0.016358137130737305
0.01686263084411621
0.017396211624145508
0.01674628257751465
0.013978004455566406
0.01844954490661621
0.014822721481323242
0.018114089965820312
0.018422842025756836
0.01704096794128418
0.017915725708007812
0.013071060180664062
0.01859605312347412
0.011531352996826172
0.013020515441894531
0.015639066696166992
0.015316009521484375
0.019279956817626953
0.02146291732788086
0.01715230941772461
0.015325307846069336
0.010102272033691406
0.015224933624267578
0.0191195011138916
0.014268875122070312
0.018508434295654297
0.017376422882080078
0.012637615203857422
0.015163421630859375
0.01859903335571289
0.018584728240966797
0.013594388961791992
0.015927553176879883
0.019800186157226562
0.01611495018005371
0.015804290771484375
0.013475418090820312
0.015799760818481445
0.015300989151000977
0.015662431716918945
0.013007879257202148
0.018867969512939453
0.026487350463867188
0.021941184997558594
0.017301559448242188
0.01486515998840332
0.016022205352783203
0.01793050765991211
0.02193140983581543
0.016033172607421875
0.016104698181152344
0.011240005493164062
0.014951944351196289
0.012630701065063477
0.02315688133239746
0.015491485595703125
0.012700915336608887
0.01918959617614746
0.014922142028808594
0.017548084259033203
0.014264822006225586
0.014076948165893555
0.013385772705078125
0.012910604476928711
0.016767024993896484
0.015578985214233398
0.015136957168579102
0.016817569732666016
0.017568588256835938
0.014529705047607422
0.016640663146972656
0.017995834350585938
0.015965938568115234
0.014661550521850586
0.01707148551940918
0.013402938842773438
0.015878915786743164
0.016032934188842773
0.013618946075439453
0.012111425399780273
0.01196432113647461
0.01484370231628418
0.014832854270935059
0.01612067222595215
0.014633893966674805
0.013898134231567383
0.018656492233276367
0.010095834732055664
0.015060901641845703
0.018483638763427734
0.02371954917907715
0.01421213150024414
0.01970827579498291
0.013152360916137695
0.015349626541137695
0.01880788803100586
0.016098976135253906
0.013614654541015625
0.018418550491333008
0.015565633773803711
0.016834259033203125
0.021121740341186523
0.013622760772705078
0.014273643493652344
0.01374197006225586
0.014020919799804688
0.015549182891845703
0.0186917781829834
0.015027046203613281
0.020306825637817383
0.015770912170410156
0.011408090591430664
0.01414036750793457
0.016157865524291992
0.015810489654541016
0.01723456382751465
0.016352415084838867
0.013540506362915039
0.01681685447692871
0.017963886260986328
0.015200376510620117
0.01779913902282715
0.020093202590942383
0.01158761978149414
0.013241052627563477
0.017479658126831055
0.014423847198486328
0.015432357788085938
0.015436172485351562
0.017633676528930664
0.01087045669555664
0.017220258712768555
0.01812577247619629
0.01767897605895996
0.012529134750366211
0.015553593635559082
0.014251232147216797
0.014841794967651367
0.022353649139404297
0.015526294708251953
0.014539957046508789
0.012286663055419922
0.01564764976501465
0.013290643692016602
0.020693540573120117
0.014331817626953125
0.012887001037597656
0.01199793815612793
0.022640466690063477
0.01597428321838379
0.010891914367675781
0.015094757080078125
0.015519380569458008
0.017574071884155273
0.012589693069458008
0.02035069465637207
0.01948237419128418
0.0164639949798584
0.015132427215576172
0.013663053512573242
0.015444040298461914
0.011728763580322266
0.015735626220703125
0.015091180801391602
0.014230728149414062
0.0157620906829834
0.014400005340576172
0.01674962043762207
0.0162353515625
0.013817548751831055
0.013266801834106445
0.015811443328857422
0.012966156005859375
0.016022920608520508
0.016799211502075195
0.016674041748046875
0.01735377311706543
0.017275094985961914
0.014969348907470703
0.014699459075927734
0.015533447265625
0.012945890426635742
0.013861656188964844
0.017909646034240723
0.014045000076293945
0.012788057327270508
0.016470670700073242
0.017832517623901367
0.013822078704833984
0.012858152389526367
0.019812822341918945
0.01455831527709961
0.01661550998687744
0.018731355667114258
0.01669931411743164
0.01168060302734375
0.012419700622558594
0.011584997177124023
0.015880107879638672
0.01458430290222168
0.016019105911254883
0.0190737247467041
0.013186931610107422
0.015228748321533203
0.0180816650390625
0.013776540756225586
0.014109611511230469
0.013304710388183594
0.017365455627441406
0.015106201171875
0.015290975570678711
0.019992351531982422
0.015536069869995117
0.01270914077758789
0.01735711097717285
0.015306472778320312
0.017105817794799805
0.01752471923828125
0.015608072280883789
0.016326904296875
0.010230064392089844
0.018075227737426758
0.013957977294921875
0.016330242156982422
0.02134537696838379
0.016327619552612305
0.01396942138671875
0.019681930541992188
0.01702141761779785
0.019840478897094727
0.010352373123168945
0.011081457138061523
0.01413869857788086
0.014122724533081055
0.011539697647094727
0.013216733932495117
0.015477895736694336
0.01490163803100586
0.012150287628173828
0.014192581176757812
0.017490863800048828
0.016268253326416016
0.011677742004394531
0.014809131622314453
0.012956380844116211
0.016623258590698242
0.014387369155883789
0.013926506042480469
0.016114473342895508
0.020769357681274414
0.013828516006469727
0.01754903793334961
0.014546632766723633
0.015779733657836914
0.014389514923095703
0.01627063751220703
0.01578974723815918
0.012962102890014648
0.012822866439819336
0.014970064163208008
0.013808965682983398
0.01410365104675293
0.015790224075317383
0.01115560531616211
0.013464689254760742
0.012851476669311523
0.012798547744750977
0.015667200088500977
0.015380859375
0.016617774963378906
0.014058589935302734
0.015790939331054688
0.01976180076599121
0.015340328216552734
0.014255046844482422
0.013846635818481445
0.01917552947998047
0.013713598251342773
0.013547182083129883
0.015070676803588867
0.016149282455444336
0.013248443603515625
0.011751413345336914
0.014669179916381836
0.015276432037353516
0.012871503829956055
0.018114805221557617
0.015757083892822266
0.01571798324584961
0.013022422790527344
0.014256477355957031
0.020000696182250977
0.017984867095947266
0.015932321548461914
0.015360116958618164
0.012970447540283203
0.014791488647460938
0.016622304916381836
0.012791872024536133
0.011144876480102539
0.013633489608764648
0.019899606704711914
0.013326168060302734
0.014439105987548828
0.014921188354492188
0.015584230422973633
0.014232397079467773
0.01365351676940918
0.013392448425292969
0.016527652740478516
0.012697339057922363
0.01513981819152832
0.01304769515991211
0.01797175407409668
0.016966581344604492
0.016048669815063477
0.015868663787841797
0.009617328643798828
0.01420903205871582
0.012026309967041016
0.017961502075195312
0.018889188766479492
0.019501686096191406
0.018028974533081055
0.011256933212280273
0.018590927124023438
0.013618946075439453
0.014657735824584961
0.014782190322875977
0.013739585876464844
0.01550912857055664
0.017056703567504883
0.0191800594329834
0.01259469985961914
0.01394033432006836
0.014830827713012695
0.018678665161132812
0.01130056381225586
0.01619124412536621
0.012225151062011719
0.018141508102416992
0.015642166137695312
0.01160883903503418
0.01739645004272461
0.010172843933105469
0.014495849609375
0.012517452239990234
0.01444995403289795
0.010737895965576172
0.013453006744384766
0.015776872634887695
0.013563394546508789
0.013267040252685547
0.01241445541381836
0.010717630386352539
0.013614892959594727
0.011956453323364258
0.016962051391601562
0.010723114013671875
0.014448165893554688
0.015305042266845703
0.013541817665100098
0.01698470115661621
0.017145395278930664
0.018063068389892578
0.0159914493560791
0.013933181762695312
0.01637864112854004
0.015697240829467773
0.01413273811340332
0.011960506439208984
0.015096426010131836
0.01271200180053711
0.01588153839111328
0.018477439880371094
0.0201263427734375
0.012523889541625977
0.018663644790649414
0.01952981948852539
0.013335466384887695
0.008192300796508789
0.014710187911987305
0.015376806259155273
0.011755943298339844
0.016099929809570312
0.013943195343017578
0.021863460540771484
0.01196599006652832
0.014367103576660156
0.017647743225097656
0.010176420211791992
0.018518447875976562
0.013087987899780273
0.011167526245117188
0.014519691467285156
0.011951923370361328
0.017978310585021973
0.01864480972290039
0.015024423599243164
0.01463174819946289
0.013564109802246094
0.0173490047454834
0.011250019073486328
0.01342916488647461
0.014168262481689453
0.016166210174560547
0.018113374710083008
0.011368393898010254
0.016457080841064453
0.015241384506225586
0.01538705825805664
0.014108419418334961
0.015031576156616211
0.013399124145507812
0.019469499588012695
0.011848211288452148
0.01070713996887207
0.015169858932495117
0.018283605575561523
0.010506629943847656
0.010998249053955078
0.015215396881103516
0.012452125549316406
0.016980648040771484
0.015008926391601562
0.015133380889892578
0.016382217407226562
0.017040491104125977
0.017371416091918945
0.013125896453857422
0.013169527053833008
0.015845775604248047
0.014911651611328125
0.015767335891723633
0.013730525970458984
0.01674365997314453
0.016228199005126953
0.013817310333251953
0.013312339782714844
0.011944055557250977
0.011994600296020508
0.014850139617919922
0.01406705379486084
0.0210111141204834
0.012480974197387695
0.016048431396484375
0.01159977912902832
0.01656937599182129
0.013144493103027344
0.011090993881225586
0.01454472541809082
0.013009071350097656
0.02161693572998047
0.011846780776977539
0.012211084365844727
0.015540361404418945
0.011806249618530273
0.010877370834350586
0.012705564498901367
0.01477956771850586
0.01273798942565918
0.016985177993774414
0.012369155883789062
0.013581275939941406
0.012844085693359375
0.013732433319091797
0.020025968551635742
0.01444697380065918
0.016522884368896484
0.013010501861572266
0.012994050979614258
0.017894744873046875
0.013002395629882812
0.013092756271362305
0.015271186828613281
0.013427257537841797
0.012088894844055176
0.014358997344970703
0.016799211502075195
0.01770782470703125
0.014884471893310547
0.014697790145874023
0.01648092269897461
0.014763116836547852
0.017499208450317383
0.014302492141723633
0.013935327529907227
0.013781547546386719
0.014526605606079102
0.01294088363647461
0.01434469223022461
0.010319709777832031
0.014559030532836914
0.013727188110351562
0.01323843002319336
0.011487960815429688
0.020870685577392578
0.01692509651184082
0.018812894821166992
0.013729333877563477
0.014374971389770508
0.016855716705322266
0.015106916427612305
0.014990091323852539
0.018833398818969727
0.017971277236938477
0.012736797332763672
0.011988162994384766
0.012079954147338867
0.015033721923828125
0.013101577758789062
0.011153459548950195
0.018113374710083008
0.018047094345092773
0.012742757797241211
0.011681318283081055
0.014522075653076172
0.013663291931152344
0.01679825782775879
0.015599489212036133
0.014392852783203125
0.011782169342041016
0.01563882827758789
0.010668516159057617
0.015129804611206055
0.016345977783203125
0.012623786926269531
0.01669931411743164
0.008866071701049805
0.01702713966369629
0.012630462646484375
0.013751745223999023
0.010392904281616211
0.018589496612548828
0.010819435119628906
0.011584281921386719
0.01402592658996582
0.015203714370727539
0.012880802154541016
0.0193784236907959
0.018325328826904297
0.014313936233520508
0.01279592514038086
0.013157844543457031
0.013584613800048828
0.014612436294555664
0.017112016677856445
0.0217130184173584
0.014538049697875977
0.013382673263549805
0.014510035514831543
0.012638568878173828
0.019486665725708008
0.01837444305419922
0.013084173202514648
0.01340937614440918
0.01478123664855957
0.013499021530151367
0.011577844619750977
0.010599136352539062
0.013350248336791992
0.0148390531539917
0.015395641326904297
0.011609554290771484
0.014618635177612305
0.013036251068115234
0.013214588165283203
0.014587640762329102
0.014780282974243164
0.01172018051147461
0.015645503997802734
0.01661992073059082
0.016370773315429688
0.017292261123657227
0.017004728317260742
0.014037609100341797
0.014150142669677734
0.01867532730102539
0.010748624801635742
0.019278526306152344
0.011723995208740234
0.015338420867919922
0.015375375747680664
0.01825690269470215
0.013019323348999023
0.009905338287353516
0.016732454299926758
0.013353109359741211
0.012929201126098633
0.012961149215698242
0.018146276473999023
0.015625476837158203
0.017624378204345703
0.015416383743286133
0.015865325927734375
0.017709016799926758
0.013004302978515625
0.01376795768737793
0.017302870750427246
0.013369083404541016
0.015502452850341797
0.012836933135986328
0.015951156616210938
0.018499374389648438
0.014781951904296875
0.013895034790039062
0.012571334838867188
0.013754129409790039
0.01198577880859375
0.012591838836669922
0.016576051712036133
0.01252126693725586
0.014627695083618164
0.014438629150390625
0.01330256462097168
0.014983654022216797
0.01471710205078125
0.010650396347045898
0.013577699661254883
0.012695789337158203
0.01608419418334961
0.01698756217956543
0.015074968338012695
0.01614522933959961
0.016888141632080078
0.013205289840698242
0.0159604549407959
0.014850139617919922
0.01047205924987793
0.01680922508239746
0.01413416862487793
0.016310930252075195
0.01774454116821289
0.016064167022705078
0.015370845794677734
0.013969898223876953
0.01155710220336914
0.010071516036987305
0.011566877365112305
0.012551069259643555
0.013113737106323242
0.01466822624206543
0.016312599182128906
0.011681318283081055
0.01268148422241211
0.013451337814331055
0.01818537712097168
0.010846138000488281
0.014799833297729492
0.014413118362426758
0.014217138290405273
0.012262105941772461
0.012694835662841797
0.02241337299346924
0.014129638671875
0.02265787124633789
0.013598918914794922
0.012373685836791992
0.01374053955078125
0.012719392776489258
0.012944221496582031
0.013601064682006836
0.015329360961914062
0.015311002731323242
0.012457609176635742
0.013667583465576172
0.01401829719543457
0.01555490493774414
0.01303720474243164
0.017270803451538086
0.012109518051147461
0.018596410751342773
0.016064167022705078
0.015688657760620117
0.016603946685791016
0.01574993133544922
0.014616966247558594
0.013185739517211914
0.017632484436035156
0.014393329620361328
0.013424158096313477
0.01191568374633789
0.013888359069824219
0.011012554168701172
0.014060735702514648
0.014648199081420898
0.012294292449951172
0.014089107513427734
0.012668609619140625
0.016321420669555664
0.012525796890258789
0.013463973999023438
0.014798641204833984
0.01571059226989746
0.017322540283203125
0.018554210662841797
0.014829397201538086
0.013640642166137695
0.011916399002075195
0.012868165969848633
0.014035701751708984
0.016664505004882812
0.015405416488647461
0.013849496841430664
0.0162966251373291
0.015518903732299805
0.012031793594360352
0.012853384017944336
0.011368989944458008
0.012812137603759766
0.017108440399169922
0.017492175102233887
0.01428985595703125
0.011287212371826172
0.01465153694152832
0.01113748550415039
0.014534235000610352
0.009634733200073242
0.014942169189453125
0.011394977569580078
0.016793489456176758
0.015365123748779297
0.01286935806274414
0.014350652694702148
0.014600753784179688
0.014862537384033203
0.013222694396972656
0.01175379753112793
0.011277198791503906
0.01311945915222168
0.011874675750732422
0.01377248764038086
0.012994050979614258
0.015455245971679688
0.014363765716552734
0.014737367630004883
0.016011714935302734
0.018735408782958984
0.012915372848510742
0.011996984481811523
0.01601696014404297
0.011583566665649414
0.014786958694458008
0.016948461532592773
0.015586137771606445
0.01457071304321289
0.014327764511108398
0.018072128295898438
0.01797652244567871
0.012976288795471191
0.013279199600219727
0.018958568572998047
0.01589488983154297
0.010901451110839844
0.01488184928894043
0.012436866760253906
0.013359665870666504
0.014116048812866211
0.012318849563598633
0.01480722427368164
0.013027548789978027
0.014775514602661133
0.02078080177307129
0.014030218124389648
0.009798049926757812
0.01070094108581543
0.012681961059570312
0.014682292938232422
0.014328479766845703
0.015406608581542969
0.01072239875793457
0.01233363151550293
0.016838550567626953
0.012996673583984375
0.015741348266601562
0.014833927154541016
0.01653432846069336
0.011842012405395508
0.015807628631591797
0.015315771102905273
0.013406515121459961
0.014160871505737305
0.015756845474243164
0.013489961624145508
0.015451192855834961
0.011892080307006836
0.0150909423828125
0.022017717361450195
0.012860536575317383
0.01415872573852539
0.013372421264648438
0.014871835708618164
0.01667952537536621
0.01705789566040039
0.01206827163696289
0.013725757598876953
0.009751558303833008
0.017583608627319336
0.01139521598815918
0.013228416442871094
0.012871026992797852
0.01137852668762207
0.015341043472290039
0.011515259742736816
0.013944149017333984
0.009540557861328125
0.012172698974609375
0.015979528427124023
0.019897937774658203
0.015327692031860352
0.01619434356689453
0.012338638305664062
0.018550634384155273
0.012975692749023438
0.01288294792175293
0.016794443130493164
0.01646733283996582
0.016438961029052734
0.01270437240600586
0.01214599609375
0.012447357177734375
0.013001203536987305
0.01700592041015625
0.01931440830230713
0.014983892440795898
0.01466679573059082
0.013495922088623047
0.01695418357849121
0.019464969635009766
0.012346267700195312
0.012770891189575195
0.0169064998626709
0.011956214904785156
0.015680551528930664
0.011943817138671875
0.011205196380615234
0.014604806900024414
0.015192270278930664
0.013127565383911133
0.014767885208129883
0.014583826065063477
0.012574434280395508
0.012436985969543457
0.009812593460083008
0.015250205993652344
0.015474081039428711
0.014198064804077148
0.014228343963623047
0.014123916625976562
0.014760732650756836
0.020479202270507812
0.01634979248046875
0.011630058288574219
0.020503520965576172
0.011403083801269531
0.015444517135620117
0.013418912887573242
0.01227867603302002
0.013625144958496094
0.01324772834777832
0.014940500259399414
0.014116525650024414
0.012504339218139648
0.016701817512512207
0.009908199310302734
0.014818191528320312
0.010111331939697266
0.012315750122070312
0.019806623458862305
0.014196157455444336
0.014664888381958008
0.012329578399658203
0.015262603759765625
0.014497756958007812
0.01607036590576172
0.014531135559082031
0.013002634048461914
0.01146388053894043
0.017160892486572266
0.016249895095825195
0.01609039306640625
0.014333724975585938
0.012222528457641602
0.01386117935180664
0.01607680320739746
0.01698899269104004
0.01311945915222168
0.016765594482421875
0.012823104858398438
0.012903690338134766
0.01447916030883789
0.014812469482421875
0.01366281509399414
