324.89930152893066
322.3969645500183
321.4367823600769
320.9946517944336
319.146431684494
319.2969801425934
319.3413276672363
319.6596632003784
319.36353182792664
317.9459216594696
319.4951112270355
319.28016805648804
319.36581587791443
318.4737448692322
318.61089539527893
317.4832572937012
317.99792289733887
308.1882905960083
282.19317269325256
254.3017659187317
228.00267267227173
199.24462473392487
174.10989999771118
158.54198229312897
128.11667549610138
119.6508481502533
108.12996527552605
104.87575542926788
81.30743032693863
85.67080670595169
78.4636322259903
70.3417019546032
72.12808817625046
83.96913629770279
64.8675767481327
42.77269300818443
45.77938532829285
51.53776267170906
58.39929872751236
39.9351412653923
37.201090425252914
43.076400965452194
44.50011205673218
51.366405159235
46.520242780447006
25.68088972568512
36.53265142440796
28.635703325271606
33.14950004220009
36.499341547489166
16.516408503055573
13.778681337833405
26.220462888479233
31.80439406633377
19.4586278796196
18.70779311656952
21.22232472896576
27.790485382080078
26.485328942537308
28.305352985858917
23.65372598171234
11.17369794845581
35.399654269218445
33.92556841671467
54.53942048549652
33.75872993469238
23.605049341917038
30.81852924823761
19.732577294111252
18.276050239801407
24.76830768585205
12.578036785125732
12.9925896525383
16.51586127281189
19.933098673820496
21.968808561563492
110.83175459504128
42.40926745533943
57.64221233129501
22.34249597787857
34.66904804110527
22.435204297304153
11.529702007770538
6.38651916384697
5.673947900533676
39.55225986242294
30.59761494398117
16.77094081044197
49.298201858997345
29.943477034568787
35.753946185112
36.92603945732117
84.02059867978096
51.796100586652756
63.87600567936897
73.24282670021057
65.66565170884132
35.59049674868584
60.49930548667908
44.02429124712944
58.778345853090286
25.730027437210083
16.37572729587555
6.989475250244141
4.047917366027832
21.347053825855255
13.886778891086578
22.25622022151947
42.26463955640793
50.85231390595436
35.49929082393646
25.017187893390656
12.47118479013443
14.831470727920532
25.708293363451958
25.43642693758011
51.61035177111626
20.329301744699478
9.25471505522728
10.088265776634216
25.015744149684906
11.25348299741745
16.895344734191895
7.605300605297089
20.622699946165085
93.75629618763924
41.45171532034874
30.48062178492546
10.732300966978073
28.54340723156929
13.518176764249802
15.516620755195618
10.070413500070572
7.865536153316498
78.41788902878761
39.825950503349304
92.21216332912445
52.829667806625366
40.6827774643898
19.57268700003624
8.499671548604965
20.65084797143936
26.24134048819542
23.528563737869263
19.99741244316101
15.048558413982391
15.042646378278732
29.685219138860703
42.20115977525711
31.34756314754486
34.70532125234604
61.70566043257713
18.87627050280571
11.637052834033966
8.311082944273949
4.662390768527985
0.27208101749420166
25.832532346248627
71.1392962783575
71.58704397082329
51.059924870729446
31.685280084609985
26.647916436195374
35.91977772116661
102.80780971050262
56.45046553015709
27.433673933148384
20.296213626861572
32.731408447027206
39.374417811632156
9.826294302940369
5.8307637721300125
4.515857458114624
3.570289373397827
1.934473842382431
4.050602674484253
25.383025020360947
27.624156445264816
3.125390976667404
29.025872111320496
78.10212281346321
24.064258456230164
23.315707236528397
16.36568021774292
53.179204136133194
32.829189002513885
24.04502159357071
49.708771735429764
38.90311758220196
61.9333920776844
43.27504934370518
44.841219782829285
31.01734894514084
11.002994805574417
55.24672991037369
52.59761643409729
48.76066589355469
229.4802090227604
98.33473116159439
36.174246311187744
18.39561253786087
10.755512088537216
17.446801587939262
11.169226706027985
9.475831538438797
5.162625044584274
6.367406874895096
5.7991959154605865
7.219987750053406
115.12496280670166
15.274150371551514
19.901736229658127
6.824937134981155
14.116040885448456
15.297473758459091
15.329208016395569
4.968313112854958
12.09122097492218
10.315027922391891
22.407485783100128
32.75702118873596
13.10689115524292
3.943883329629898
5.013596683740616
5.1352651715278625
3.8223268389701843
9.587836116552353
2.0492639541625977
10.31402638554573
9.176861852407455
16.250053077936172
37.91124340891838
47.23044738173485
14.921214938163757
13.400075733661652
28.205389946699142
23.023295789957047
15.963074892759323
9.86758291721344
5.924926698207855
0.6288172602653503
0.46285200119018555
7.827520966529846
0.37884658575057983
1.00559401512146
1.5831952095031738
0.06448662281036377
0.01961207389831543
0.009783744812011719
0.033992767333984375
0.1949453353881836
0.37935250997543335
0.9984222054481506
1.575814962387085
0.03018498420715332
0.2722890377044678
0.004372954368591309
6.977184981107712
18.90915220975876
11.322596073150635
3.00236976146698
13.649021834135056
21.11109122633934
4.1517501175403595
26.388309061527252
9.39509442448616
4.244044125080109
3.2567672729492188
3.8910767138004303
8.426057577133179
16.866133004426956
7.27841717004776
15.113508373498917
7.926098197698593
9.664705500006676
2.4497669339179993
1.8879791498184204
1.5605109930038452
1.9681169986724854
0.3017146587371826
0.07208943367004395
0.30387449264526367
0.8042285442352295
0.4689331650733948
0.0006785392761230469
11.86216115951538
14.627967208623886
15.878720939159393
14.167477160692215
7.857567846775055
4.065726727247238
6.256860256195068
11.795593082904816
2.908085823059082
125.39607840776443
148.8802980184555
74.47887963056564
10.114269107580185
5.899529039859772
3.82179257273674
3.0712565183639526
1.4136772751808167
1.7030324041843414
4.517284512519836
24.42541405558586
7.138289034366608
4.065782278776169
2.108364522457123
0.7188936471939087
4.855140268802643
2.040666699409485
0.010485053062438965
4.275811791419983
3.7667653560638428
0.24805015325546265
1.103954553604126
2.1053472757339478
0.5030991435050964
0.8833647966384888
18.38754427433014
7.131936490535736
2.1367143392562866
26.269637167453766
51.50254303216934
37.087194085121155
18.796436816453934
20.708974570035934
18.134032040834427
2.221202313899994
2.227906197309494
1.628096580505371
22.0012423992157
22.377362728118896
17.89172661304474
17.33779886364937
16.50512319803238
48.88510563969612
21.828626185655594
20.756367295980453
13.764094740152359
1.589143544435501
1.2422173619270325
0.08319520950317383
0.08329463005065918
0.5020463168621063
0.16369986534118652
1.4245091676712036
0.17242056131362915
1.5510645508766174
0.5795831084251404
0.12246882915496826
2.093601316213608
0.554235428571701
3.383575916290283
4.983631074428558
1.5301414132118225
1.2063852846622467
2.374364048242569
18.44466546177864
7.096486568450928
3.2366207242012024
4.305604457855225
1.2967091798782349
0.0796019434928894
0.9851294755935669
2.78092223405838
2.3334945142269135
8.565337121486664
0.5974682569503784
1.0455912351608276
2.5594420433044434
11.273177981376648
28.204425811767578
78.83926740288734
46.25055488944054
25.778293699026108
11.617720395326614
11.63771016895771
7.904733091592789
1.9953906536102295
0.2796283960342407
0.4216209650039673
1.038959562778473
0.7226384878158569
5.761581063270569
1.8645511865615845
8.246648788452148
7.900926813483238
1.5677186846733093
0.9745626151561737
0.19427144527435303
0.2663114666938782
0.5701792240142822
0.03840517997741699
1.3799612820148468
0.046915411949157715
0.018544793128967285
0.0003707408905029297
0.11723160743713379
0.001691579818725586
0.00023031234741210938
0.00015234947204589844
0.0008268356323242188
0.002439737319946289
0.0025887489318847656
3.860936939716339
2.5243606567382812
3.044693946838379
0.35014164447784424
0.021811366081237793
0.15291303396224976
0.02810537815093994
0.019777297973632812
0.0045348405838012695
0.06806051731109619
0.016861677169799805
0.006378054618835449
0.0004439353942871094
0.0051271915435791016
0.0006945133209228516
0.006126999855041504
0.0012319087982177734
0.0015746355056762695
0.1188817024230957
0.0008647441864013672
0.0009515285491943359
0.0007779598236083984
0.0008289813995361328
0.0056493282318115234
0.00016117095947265625
0.00046432018280029297
0.040990591049194336
0.0017567873001098633
0.0062181949615478516
0.13920021057128906
0.0015407800674438477
0.00020241737365722656
0.001932382583618164
0.0008409023284912109
0.0011612176895141602
0.0030459165573120117
0.0019397735595703125
0.0007085800170898438
0.008952617645263672
0.0002655982971191406
0.00013566017150878906
0.0001385211944580078
0.00406646728515625
0.007114052772521973
0.0009417533874511719
0.0004354715347290039
0.0021533966064453125
0.0008105039596557617
0.0004572868347167969
0.0010188817977905273
0.0002484321594238281
0.00014209747314453125
0.00044608116149902344
0.00047087669372558594
0.0009629726409912109
0.0006543397903442383
0.0003453493118286133
0.0004820823669433594
0.0004031658172607422
0.00018906593322753906
0.000331878662109375
0.0027570724487304688
0.002075672149658203
0.00036263465881347656
0.0006725788116455078
0.002041339874267578
0.00027370452880859375
0.00030040740966796875
7.724761962890625e-05
0.0003833770751953125
0.00015926361083984375
0.0005249977111816406
0.0002498626708984375
6.961822509765625e-05
0.0006031990051269531
0.0002560615539550781
0.00047576427459716797
8.392333984375e-05
0.0003180503845214844
0.0002460479736328125
0.0010325908660888672
0.00023651123046875
0.00045013427734375
0.0001785755157470703
4.7206878662109375e-05
0.0002646446228027344
0.0017557144165039062
0.0003871917724609375
0.0006203651428222656
0.00036978721618652344
0.000675201416015625
0.0012340545654296875
0.0002455711364746094
0.00044274330139160156
0.00013947486877441406
3.981590270996094e-05
0.00034809112548828125
0.0004961490631103516
0.0001417398452758789
0.0006278753280639648
0.00038933753967285156
0.0014464855194091797
0.0008026361465454102
0.00033664703369140625
0.00017762184143066406
0.0006376504898071289
0.0003833770751953125
0.00047898292541503906
0.00047576427459716797
0.00041425228118896484
0.0003437995910644531
0.0003075599670410156
0.0001163482666015625
0.0009275674819946289
0.00028586387634277344
0.00016117095947265625
0.0001952648162841797
0.001081705093383789
3.933906555175781e-05
3.6716461181640625e-05
0.0004982948303222656
0.000164031982421875
0.0002262592315673828
0.000171661376953125
0.00012087821960449219
0.0003502368927001953
0.00039565563201904297
0.00044918060302734375
0.00043463706970214844
0.0004298686981201172
0.00024700164794921875
0.00023221969604492188
0.00022125244140625
0.000274658203125
0.00019669532775878906
0.00024127960205078125
6.866455078125e-05
0.0013394355773925781
0.00028443336486816406
0.00047016143798828125
0.0007914304733276367
0.00014710426330566406
0.0001773834228515625
5.745887756347656e-05
0.00020420551300048828
0.0005402565002441406
0.00022840499877929688
0.0017914772033691406
5.173683166503906e-05
0.0002104043960571289
0.0005488395690917969
0.00019729137420654297
0.00015926361083984375
0.0003554821014404297
0.0001671314239501953
0.00021791458129882812
0.0004382133483886719
0.0005815029144287109
5.340576171875e-05
0.0001823902130126953
0.000179290771484375
0.0002503395080566406
2.9087066650390625e-05
0.00010180473327636719
0.0002923011779785156
0.0004763603210449219
5.53131103515625e-05
0.0001552104949951172
0.0002315044403076172
0.0006856918334960938
6.437301635742188e-05
0.0002524852752685547
0.00026988983154296875
0.00010716915130615234
0.000514984130859375
0.0002079010009765625
0.0003871917724609375
0.00019598007202148438
0.00015497207641601562
0.0005612373352050781
9.131431579589844e-05
0.0003581047058105469
9.489059448242188e-05
0.0002721548080444336
0.00010204315185546875
0.0003008842468261719
0.0004374980926513672
0.0002589225769042969
0.00040149688720703125
0.00012493133544921875
0.0007531642913818359
6.29425048828125e-05
0.0003256797790527344
0.0003840923309326172
4.1961669921875e-05
0.0002372264862060547
0.0001628398895263672
0.000827789306640625
0.00032401084899902344
0.00017118453979492188
0.00017571449279785156
0.0003135204315185547
0.0003485679626464844
0.00012683868408203125
0.00010025501251220703
0.0004010200500488281
0.00020194053649902344
6.0558319091796875e-05
0.0001456737518310547
0.0008223056793212891
0.0001537799835205078
0.000194549560546875
8.392333984375e-05
0.000453948974609375
0.0008521080017089844
0.0002071857452392578
0.00013589859008789062
0.000209808349609375
0.00043272972106933594
0.00014889240264892578
0.0004935264587402344
5.459785461425781e-05
0.00026154518127441406
0.00027823448181152344
0.0003094673156738281
0.0002472400665283203
4.363059997558594e-05
0.0004210472106933594
0.00029540061950683594
0.00020694732666015625
0.00012254714965820312
0.0001506805419921875
5.269050598144531e-05
8.940696716308594e-05
0.00027489662170410156
0.0003199577331542969
0.0001270771026611328
0.0001327991485595703
0.00019121170043945312
0.0004189014434814453
0.0003056526184082031
0.00017142295837402344
0.0003314018249511719
0.0001430511474609375
0.000431060791015625
0.0001575946807861328
8.130073547363281e-05
0.00011992454528808594
0.0002739429473876953
0.00019097328186035156
0.0001081228256225586
6.031990051269531e-05
6.961822509765625e-05
0.001127004623413086
0.0002467632293701172
0.00021839141845703125
0.00045287609100341797
0.0002574920654296875
3.266334533691406e-05
0.00020837783813476562
0.00020265579223632812
4.220008850097656e-05
0.0003104209899902344
0.0003943443298339844
0.0001404285430908203
0.00010776519775390625
0.0007336139678955078
5.14984130859375e-05
0.0003249645233154297
0.00011515617370605469
0.0002338886260986328
0.00016117095947265625
0.0003243684768676758
8.034706115722656e-05
0.0002682209014892578
0.0002193450927734375
0.0001220703125
0.0001590251922607422
6.771087646484375e-05
0.00019657611846923828
0.000293731689453125
0.0001652240753173828
0.0001609325408935547
0.0009822845458984375
0.00018346309661865234
0.0001404285430908203
0.00011873245239257812
0.0005466938018798828
3.743171691894531e-05
4.0531158447265625e-05
0.00016832351684570312
0.0002868175506591797
0.00027942657470703125
0.0001938343048095703
0.00022673606872558594
0.0002570152282714844
0.0004229545593261719
0.00033974647521972656
0.0001621246337890625
0.00012183189392089844
0.00010156631469726562
0.0001678466796875
0.00012636184692382812
6.651878356933594e-05
0.0002162456512451172
0.00018525123596191406
0.0006906986236572266
0.0002701282501220703
2.6702880859375e-05
0.00020360946655273438
0.000732421875
0.00020647048950195312
0.00022149085998535156
0.000202178955078125
0.00014162063598632812
0.0002796649932861328
0.00034236907958984375
0.00014317035675048828
0.0003082752227783203
0.00014400482177734375
0.0002129077911376953
0.00012612342834472656
0.0002808570861816406
0.0002071857452392578
0.00021338462829589844
0.00017309188842773438
0.00022172927856445312
0.00012350082397460938
7.724761962890625e-05
0.00026345252990722656
0.0004143714904785156
0.00011813640594482422
0.00012636184692382812
0.00014972686767578125
7.343292236328125e-05
0.0002014636993408203
0.00016951560974121094
2.9325485229492188e-05
0.00018095970153808594
0.00016450881958007812
9.107589721679688e-05
0.0002486705780029297
0.0006117820739746094
7.557868957519531e-05
0.00038611888885498047
0.0001392364501953125
0.00023174285888671875
0.0006213188171386719
0.0004267692565917969
5.1975250244140625e-05
0.0002516508102416992
0.0002079010009765625
0.00011467933654785156
9.489059448242188e-05
0.00010919570922851562
8.726119995117188e-05
0.0008952617645263672
0.0003027915954589844
2.384185791015625e-05
4.863739013671875e-05
0.0002627372741699219
0.00014400482177734375
0.00010895729064941406
0.00025153160095214844
0.00015687942504882812
0.00026214122772216797
0.00020885467529296875
0.00021386146545410156
5.0067901611328125e-05
0.0002684593200683594
0.0002014636993408203
0.00017499923706054688
0.00021529197692871094
0.000202178955078125
2.5510787963867188e-05
8.869171142578125e-05
0.00023794174194335938
0.00011336803436279297
8.106231689453125e-05
0.00015735626220703125
0.0003714561462402344
8.177757263183594e-05
0.0001246929168701172
0.000194549560546875
0.00010848045349121094
0.00015020370483398438
0.00011515617370605469
0.00010776519775390625
0.0002932548522949219
0.00015163421630859375
0.00020134449005126953
0.0002970695495605469
0.00011873245239257812
0.00013184547424316406
8.440017700195312e-05
0.00022339820861816406
0.00014066696166992188
0.0001913309097290039
0.00012040138244628906
0.0005595684051513672
1.2636184692382812e-05
0.00011968612670898438
0.00014925003051757812
0.00025844573974609375
0.0001914501190185547
0.00012826919555664062
0.0004532337188720703
0.00010800361633300781
0.00038814544677734375
0.0005947351455688477
0.00024819374084472656
0.0001575946807861328
7.82012939453125e-05
0.0001380443572998047
4.076957702636719e-05
0.0003007650375366211
4.1961669921875e-05
5.2928924560546875e-05
0.00012230873107910156
0.0002567768096923828
8.165836334228516e-05
0.00021266937255859375
0.0003707408905029297
0.00033926963806152344
0.00020492076873779297
5.0067901611328125e-05
0.00011682510375976562
0.0005819797515869141
9.703636169433594e-05
0.0001628398895263672
0.00021004676818847656
0.00012159347534179688
7.832050323486328e-05
0.0003032684326171875
0.0002105236053466797
0.0002925395965576172
0.00028228759765625
0.00018143653869628906
0.00013017654418945312
0.00024509429931640625
0.0001850128173828125
1.1444091796875e-05
0.000765681266784668
8.726119995117188e-05
0.00015974044799804688
0.00032901763916015625
0.00022268295288085938
0.00023984909057617188
0.0001385211944580078
0.0005917549133300781
0.0002219676971435547
9.143352508544922e-05
0.0001010894775390625
0.00012111663818359375
0.00011730194091796875
0.0003445148468017578
0.00018310546875
9.298324584960938e-05
0.0007722377777099609
0.00043463706970214844
0.0001347064971923828
6.389617919921875e-05
0.0002315044403076172
0.00012302398681640625
0.00011444091796875
6.413459777832031e-05
5.745887756347656e-05
0.00020205974578857422
6.508827209472656e-05
8.893013000488281e-05
0.0001583099365234375
0.0003228187561035156
1.3828277587890625e-05
5.269050598144531e-05
0.00015234947204589844
7.081031799316406e-05
0.00018107891082763672
0.0002579689025878906
0.00011205673217773438
0.000171661376953125
0.00014543533325195312
7.355213165283203e-05
5.2928924560546875e-05
0.00012373924255371094
0.00012612342834472656
4.363059997558594e-05
0.00014019012451171875
8.559226989746094e-05
0.0003370046615600586
0.00028228759765625
0.00016927719116210938
0.00024700164794921875
3.170967102050781e-05
9.036064147949219e-05
0.0006455183029174805
2.8133392333984375e-05
0.0005102157592773438
0.0006475448608398438
0.0003485679626464844
0.000152587890625
5.4836273193359375e-05
0.0001589059829711914
0.00015664100646972656
5.364418029785156e-05
0.0001404285430908203
9.703636169433594e-05
0.00013947486877441406
1.8358230590820312e-05
0.0001308917999267578
0.00034105777740478516
0.000247955322265625
3.314018249511719e-05
0.00041806697845458984
0.00011658668518066406
0.0001684427261352539
0.000232696533203125
9.5367431640625e-05
0.00016117095947265625
0.00014710426330566406
0.00010561943054199219
0.00021028518676757812
8.940696716308594e-05
7.62939453125e-05
0.00032830238342285156
0.00011277198791503906
2.5510787963867188e-05
0.000125885009765625
0.000232696533203125
0.0009161233901977539
0.00010728836059570312
0.00022125244140625
0.00030219554901123047
6.318092346191406e-05
0.0002466440200805664
0.00010132789611816406
8.83340835571289e-05
0.0002601146697998047
0.0001596212387084961
0.00010251998901367188
0.000244140625
5.91278076171875e-05
0.00021195411682128906
0.0005156993865966797
0.00016832351684570312
0.000194549560546875
4.124641418457031e-05
0.00011372566223144531
0.0001227855682373047
0.00013208389282226562
0.00011849403381347656
0.00027441978454589844
0.0006103515625
0.00025153160095214844
9.608268737792969e-05
8.320808410644531e-05
0.0002410411834716797
0.0007240772247314453
0.00019240379333496094
0.00012099742889404297
7.867813110351562e-05
6.723403930664062e-05
9.679794311523438e-05
0.00022220611572265625
5.435943603515625e-05
0.00019621849060058594
5.5789947509765625e-05
9.000301361083984e-05
0.0002002716064453125
9.179115295410156e-05
0.00017154216766357422
9.393692016601562e-05
0.00020813941955566406
0.0001266002655029297
0.0004118680953979492
0.00014257431030273438
0.0002263784408569336
0.0001652240753173828
7.605552673339844e-05
0.0001049041748046875
0.0001926422119140625
0.000213623046875
0.00011014938354492188
0.0001914501190185547
0.0002225637435913086
0.00016045570373535156
2.8848648071289062e-05
0.0006301403045654297
0.0002573728561401367
0.00027060508728027344
8.90493392944336e-05
0.00014650821685791016
0.00017702579498291016
0.00023746490478515625
9.5367431640625e-06
0.00020265579223632812
5.2928924560546875e-05
0.00016021728515625
0.00022459030151367188
0.00016999244689941406
0.0003581047058105469
5.269050598144531e-05
0.00012993812561035156
0.00011467933654785156
0.0002613067626953125
0.00014960765838623047
0.0001373291015625
8.058547973632812e-05
9.393692016601562e-05
0.0002205371856689453
0.00022459030151367188
9.655952453613281e-05
7.367134094238281e-05
0.0005021095275878906
0.00029087066650390625
2.288818359375e-05
6.67572021484375e-05
9.703636169433594e-05
0.0004029273986816406
3.981590270996094e-05
0.00013589859008789062
0.00017452239990234375
0.00011169910430908203
0.0002269744873046875
0.0001862049102783203
0.00010848045349121094
0.00011849403381347656
0.00015425682067871094
0.0001583099365234375
0.00010895729064941406
0.00016736984252929688
0.0002834796905517578
0.00014066696166992188
0.00016355514526367188
0.0011179447174072266
6.127357482910156e-05
0.00026297569274902344
0.00015997886657714844
5.173683166503906e-05
0.0002720355987548828
0.0001316070556640625
9.012222290039062e-05
0.00011777877807617188
3.9577484130859375e-05
7.176399230957031e-05
0.00013518333435058594
0.00035381317138671875
3.600120544433594e-05
0.00017070770263671875
0.00018966197967529297
0.00034928321838378906
9.34600830078125e-05
0.00014901161193847656
0.000110626220703125
0.0001589059829711914
0.00012969970703125
8.96453857421875e-05
0.00012135505676269531
4.649162292480469e-05
0.0001800060272216797
0.000179290771484375
0.0003376007080078125
0.00016832351684570312
4.696846008300781e-05
0.00012922286987304688
6.318092346191406e-05
6.699562072753906e-05
0.0002391338348388672
0.00014293193817138672
0.0005393028259277344
6.961822509765625e-05
0.0002875328063964844
3.7670135498046875e-05
1.9550323486328125e-05
0.0007170438766479492
0.000209808349609375
0.0003223419189453125
0.00017309188842773438
6.699562072753906e-05
0.00012683868408203125
7.104873657226562e-05
0.0002143383026123047
9.894371032714844e-05
0.0002810955047607422
0.00013709068298339844
0.0001614093780517578
0.0002465248107910156
0.00016307830810546875
2.4557113647460938e-05
7.843971252441406e-05
7.653236389160156e-05
0.00013446807861328125
0.00024771690368652344
2.5510787963867188e-05
0.0003020763397216797
0.0002409219741821289
0.0003414154052734375
0.00021958351135253906
0.0005166530609130859
4.9114227294921875e-05
0.0001634359359741211
0.00011992454528808594
7.963180541992188e-05
0.00016570091247558594
3.1948089599609375e-05
0.00018453598022460938
0.0001163482666015625
0.00013208389282226562
0.0002243518829345703
0.00028824806213378906
0.0002300739288330078
0.00014901161193847656
8.130073547363281e-05
0.0001627206802368164
5.543231964111328e-05
3.0040740966796875e-05
0.00030231475830078125
0.0005164146423339844
0.00057220458984375
0.00010228157043457031
0.00019598007202148438
4.9114227294921875e-05
0.00014460086822509766
3.0517578125e-05
0.00011491775512695312
2.0742416381835938e-05
0.00012302398681640625
0.00012302398681640625
3.2901763916015625e-05
2.6464462280273438e-05
7.200241088867188e-05
2.5033950805664062e-05
6.699562072753906e-05
0.0002162456512451172
0.0002884864807128906
0.0003979206085205078
8.094310760498047e-05
9.703636169433594e-05
0.00029587745666503906
0.00018787384033203125
0.00015735626220703125
0.00010716915130615234
9.989738464355469e-05
0.0001442432403564453
0.00024390220642089844
0.0002397298812866211
0.0003552436828613281
0.0005890130996704102
0.0003063678741455078
6.651878356933594e-05
5.221366882324219e-05
0.0003292560577392578
0.00010657310485839844
0.0001697540283203125
6.389617919921875e-05
0.00036454200744628906
0.00011444091796875
0.0001423358917236328
0.0005087852478027344
5.1021575927734375e-05
0.00011754035949707031
0.0006520748138427734
0.00010991096496582031
0.00017571449279785156
0.0002720355987548828
0.00030410289764404297
0.00013148784637451172
0.00016570091247558594
5.030632019042969e-05
5.3048133850097656e-05
0.00025963783264160156
0.00021183490753173828
9.679794311523438e-05
0.00013780593872070312
0.00015616416931152344
0.00013506412506103516
0.00010156631469726562
0.00013017654418945312
6.461143493652344e-05
0.0002334117889404297
6.175041198730469e-05
0.0001747608184814453
0.00014495849609375
7.677078247070312e-05
9.584426879882812e-05
0.00028634071350097656
0.00012302398681640625
5.1975250244140625e-05
4.458427429199219e-05
0.0001239776611328125
0.0002906322479248047
0.0008087158203125
6.270408630371094e-05
9.691715240478516e-05
0.00017023086547851562
5.91278076171875e-05
0.00026547908782958984
0.00014209747314453125
0.000102996826171875
0.00012087821960449219
0.00015926361083984375
6.079673767089844e-05
0.0003304481506347656
0.00022280216217041016
0.00018930435180664062
0.00031685829162597656
4.291534423828125e-05
0.00023746490478515625
0.00013899803161621094
1.5497207641601562e-05
9.322166442871094e-05
0.00022649765014648438
0.00013720989227294922
3.695487976074219e-05
0.00024127960205078125
6.628036499023438e-05
3.24249267578125e-05
0.00019168853759765625
0.0001804828643798828
0.00048041343688964844
0.00036406517028808594
6.270408630371094e-05
0.000152587890625
0.0003216266632080078
0.00017714500427246094
5.9604644775390625e-05
0.00014030933380126953
0.00016188621520996094
0.00012254714965820312
0.00021386146545410156
0.00011038780212402344
7.343292236328125e-05
0.0002104043960571289
0.00014829635620117188
0.0002663135528564453
0.00015211105346679688
0.0005707740783691406
6.198883056640625e-05
0.00018453598022460938
0.00019156932830810547
0.000141143798828125
0.0001232624053955078
6.389617919921875e-05
0.00012993812561035156
0.0004975795745849609
0.00014972686767578125
7.724761962890625e-05
0.00013375282287597656
0.0002760887145996094
0.0002586841583251953
1.33514404296875e-05
0.00014519691467285156
5.650520324707031e-05
2.8133392333984375e-05
0.00023984909057617188
0.00015544891357421875
0.0006012916564941406
0.0006532669067382812
0.0001659393310546875
0.00011682510375976562
0.0001399517059326172
0.00013494491577148438
4.172325134277344e-05
0.00015246868133544922
5.8650970458984375e-05
0.0001653432846069336
8.940696716308594e-05
7.104873657226562e-05
4.1484832763671875e-05
0.00010013580322265625
0.000286102294921875
0.0003554821014404297
8.606910705566406e-05
0.0001888275146484375
0.000179290771484375
0.00025081634521484375
0.00013971328735351562
3.600120544433594e-05
7.367134094238281e-05
0.0002696514129638672
0.0001811981201171875
0.00010776519775390625
0.00019359588623046875
0.0001437664031982422
3.528594970703125e-05
0.0001227855682373047
4.363059997558594e-05
0.00021696090698242188
0.0003211498260498047
0.0001354217529296875
0.0001010894775390625
0.0001366138458251953
0.0003088712692260742
0.00012636184692382812
6.723403930664062e-05
0.00019860267639160156
0.0006499290466308594
0.00015211105346679688
0.00010061264038085938
0.00017070770263671875
0.0003031492233276367
0.0001723766326904297
0.00013303756713867188
0.00015592575073242188
0.00016117095947265625
9.512901306152344e-05
5.555152893066406e-05
0.0002040863037109375
0.0001552104949951172
2.384185791015625e-05
0.0003077983856201172
5.042552947998047e-05
5.53131103515625e-05
0.0005598068237304688
6.270408630371094e-05
0.0001251697540283203
8.344650268554688e-05
9.369850158691406e-05
0.0001684427261352539
2.5510787963867188e-05
2.2411346435546875e-05
0.00025200843811035156
9.965896606445312e-05
6.127357482910156e-05
0.00023031234741210938
0.00014734268188476562
0.00018072128295898438
0.00015676021575927734
0.00019311904907226562
1.6927719116210938e-05
9.775161743164062e-05
0.0005981922149658203
0.0004086494445800781
8.058547973632812e-05
0.0003058910369873047
0.00024020671844482422
0.00012993812561035156
0.0002961158752441406
8.058547973632812e-05
7.843971252441406e-05
3.886222839355469e-05
6.079673767089844e-05
9.226799011230469e-05
0.00011324882507324219
8.559226989746094e-05
0.00019240379333496094
0.00018465518951416016
0.000133514404296875
0.00017333030700683594
4.673004150390625e-05
0.000247955322265625
8.7738037109375e-05
0.0004975795745849609
0.00024080276489257812
5.53131103515625e-05
0.00014257431030273438
0.00013566017150878906
3.910064697265625e-05
0.0003426074981689453
0.00031769275665283203
0.0003142356872558594
0.00020432472229003906
0.00016307830810546875
0.0005095005035400391
7.462501525878906e-05
0.00011038780212402344
0.00012612342834472656
9.512901306152344e-05
4.291534423828125e-05
0.00029778480529785156
0.00015044212341308594
0.000274658203125
6.365776062011719e-05
0.0005497932434082031
0.00018215179443359375
0.00020873546600341797
0.0001685619354248047
0.00016355514526367188
4.982948303222656e-05
4.363059997558594e-05
0.00019478797912597656
6.699562072753906e-05
0.00028252601623535156
5.91278076171875e-05
0.0001437664031982422
7.939338684082031e-05
0.00010251998901367188
3.0994415283203125e-05
9.393692016601562e-05
8.082389831542969e-05
0.00014638900756835938
0.00021886825561523438
0.0005815029144287109
0.0001220703125
0.00015974044799804688
0.00013518333435058594
0.00026488304138183594
0.00018334388732910156
0.000217437744140625
0.00018978118896484375
0.00016307830810546875
0.00010752677917480469
0.00010776519775390625
0.00030159950256347656
0.00017881393432617188
0.0005071163177490234
0.0001404285430908203
2.9802322387695312e-05
0.0003483295440673828
0.00011610984802246094
4.363059997558594e-05
8.630752563476562e-05
2.5987625122070312e-05
2.384185791015625e-05
6.651878356933594e-05
3.075599670410156e-05
4.792213439941406e-05
0.00018358230590820312
9.393692016601562e-05
0.00020515918731689453
2.6464462280273438e-05
0.0002715587615966797
0.0002944469451904297
0.000148773193359375
9.918212890625e-05
0.000301361083984375
0.00036787986755371094
0.0005214214324951172
2.8371810913085938e-05
0.00010633468627929688
7.915496826171875e-05
4.57763671875e-05
6.29425048828125e-05
0.00013065338134765625
9.846687316894531e-05
0.00018453598022460938
7.152557373046875e-05
0.0006184577941894531
0.0002269744873046875
4.482269287109375e-05
0.00020360946655273438
8.96453857421875e-05
0.0002722740173339844
4.1961669921875e-05
0.00034165382385253906
0.000301361083984375
5.1975250244140625e-05
6.508827209472656e-05
0.00011277198791503906
0.00011849403381347656
0.00017905235290527344
6.008148193359375e-05
0.00016617774963378906
0.00010704994201660156
6.270408630371094e-05
0.00021457672119140625
0.0001773834228515625
5.245208740234375e-05
9.465217590332031e-05
0.00014781951904296875
0.0002315044403076172
0.0005259513854980469
0.00021123886108398438
0.00012373924255371094
0.00021314620971679688
0.0001976490020751953
6.532669067382812e-05
0.00019931793212890625
0.00012683868408203125
0.00021910667419433594
0.00013554096221923828
3.7670135498046875e-05
5.221366882324219e-05
0.00017011165618896484
0.00021076202392578125
0.00010180473327636719
0.000179290771484375
9.441375732421875e-05
8.177757263183594e-05
1.0013580322265625e-05
4.7206878662109375e-05
0.00018167495727539062
0.00031757354736328125
0.0002696514129638672
0.00014710426330566406
0.000186920166015625
5.030632019042969e-05
0.00019598007202148438
0.0001728534698486328
0.0005590915679931641
0.00011157989501953125
4.124641418457031e-05
0.00011289119720458984
4.839897155761719e-05
0.0003159046173095703
5.459785461425781e-05
0.00019288063049316406
0.00010156631469726562
0.0005350112915039062
0.00017690658569335938
0.00011992454528808594
5.125999450683594e-05
0.0001418590545654297
9.870529174804688e-05
0.0004897117614746094
0.00020933151245117188
0.00036787986755371094
8.177757263183594e-05
6.461143493652344e-05
8.7738037109375e-05
4.839897155761719e-05
0.00019812583923339844
9.453296661376953e-05
2.5272369384765625e-05
0.00017833709716796875
7.176399230957031e-05
0.00013947486877441406
0.0002579689025878906
4.5299530029296875e-05
0.00029480457305908203
0.00011467933654785156
9.012222290039062e-05
0.0002510547637939453
0.0003497600555419922
0.0001767873764038086
0.00011682510375976562
8.034706115722656e-05
0.0001499652862548828
0.00012135505676269531
7.963180541992188e-05
9.369850158691406e-05
0.0004227161407470703
0.00018143653869628906
0.00017309188842773438
0.0005871057510375977
0.0001220703125
8.416175842285156e-05
0.0001399517059326172
0.00013828277587890625
6.985664367675781e-05
9.202957153320312e-05
0.0003077983856201172
0.00018858909606933594
8.225440979003906e-05
0.00012755393981933594
0.00015401840209960938
4.744529724121094e-05
0.00011658668518066406
2.3603439331054688e-05
6.175041198730469e-05
0.0006413459777832031
0.00012612342834472656
0.00011873245239257812
0.00032258033752441406
0.00020432472229003906
9.322166442871094e-05
4.673004150390625e-05
0.00016045570373535156
6.0677528381347656e-05
0.00017070770263671875
7.367134094238281e-05
0.0001628398895263672
0.00024437904357910156
5.507469177246094e-05
0.0001049041748046875
0.00011789798736572266
0.0002593994140625
6.079673767089844e-05
0.0005939006805419922
0.0002257823944091797
0.00011181831359863281
0.00010859966278076172
8.177757263183594e-05
0.0001125335693359375
0.00023317337036132812
0.00010943412780761719
0.00025403499603271484
0.00018715858459472656
0.00027370452880859375
0.00031185150146484375
0.0002434253692626953
0.00010275840759277344
0.0001995563507080078
0.0005614757537841797
8.559226989746094e-05
4.839897155761719e-05
0.00011217594146728516
6.341934204101562e-05
0.00011348724365234375
0.00012183189392089844
5.936622619628906e-05
7.104873657226562e-05
6.985664367675781e-05
0.00016355514526367188
8.320808410644531e-05
0.00025773048400878906
0.00010037422180175781
0.00032329559326171875
0.00020706653594970703
0.00021123886108398438
3.075599670410156e-05
7.796287536621094e-05
0.00011992454528808594
0.00010156631469726562
0.0001863241195678711
0.0004603862762451172
0.00016367435455322266
0.0001735687255859375
5.269050598144531e-05
0.00018477439880371094
5.841255187988281e-05
0.00025343894958496094
0.00016808509826660156
8.916854858398438e-05
0.00017070770263671875
8.296966552734375e-05
7.2479248046875e-05
0.00010848045349121094
0.0002799034118652344
7.796287536621094e-05
0.00010180473327636719
0.0007113218307495117
2.47955322265625e-05
0.00010824203491210938
0.00010514259338378906
0.00025200843811035156
0.00019097328186035156
7.43865966796875e-05
0.00022840499877929688
7.522106170654297e-05
0.0003151893615722656
8.487701416015625e-05
4.363059997558594e-05
4.2438507080078125e-05
8.0108642578125e-05
0.00016129016876220703
0.00026917457580566406
0.0001723766326904297
9.250640869140625e-05
0.00010633468627929688
4.863739013671875e-05
0.00010395050048828125
9.775161743164062e-05
0.0001169443130493164
0.0004334449768066406
0.0001010894775390625
9.799003601074219e-05
0.00016045570373535156
0.00011658668518066406
0.00010609626770019531
0.0002989768981933594
0.00021946430206298828
0.0001304149627685547
0.00014674663543701172
0.00013184547424316406
5.340576171875e-05
0.00024962425231933594
0.0002276897430419922
7.176399230957031e-05
0.0007090568542480469
0.00017571449279785156
0.0001888275146484375
0.0001068115234375
9.369850158691406e-05
0.00015807151794433594
5.459785461425781e-05
2.765655517578125e-05
0.00010156631469726562
0.0001227855682373047
0.00011467933654785156
0.00011229515075683594
0.0002276897430419922
0.00026488304138183594
0.0006802082061767578
0.00014448165893554688
0.0001385211944580078
0.00021660327911376953
0.0001049041748046875
0.00021159648895263672
0.0001049041748046875
9.989738464355469e-05
8.106231689453125e-05
0.0001074075698852539
7.343292236328125e-05
0.0001780986785888672
0.0004943609237670898
4.315376281738281e-05
0.00016617774963378906
0.0006291866302490234
8.893013000488281e-05
0.00012946128845214844
9.608268737792969e-05
4.5299530029296875e-05
0.00018298625946044922
0.00019669532775878906
0.00010526180267333984
