325.8515467643738
324.67744994163513
323.7936940193176
322.4995412826538
320.7824468612671
321.05623841285706
319.0750150680542
319.7269649505615
319.55805134773254
318.748774766922
318.7346465587616
317.66120648384094
318.3251657485962
317.949170589447
316.6698625087738
313.93178963661194
308.0299699306488
295.5220847129822
268.5258824825287
261.78060019016266
249.38977575302124
236.6483108997345
209.0250061750412
201.78078562021255
180.24848341941833
172.13359946012497
161.14926475286484
146.9777228832245
130.02962166070938
114.81751537322998
106.95843970775604
97.83463788032532
92.74933451414108
82.51368603110313
66.11060380935669
61.45858907699585
55.734330117702484
53.32538768649101
46.1659893989563
35.526621997356415
38.887741059064865
34.16832733154297
27.683908939361572
32.46260207891464
26.27148598432541
24.72836196422577
21.12110036611557
17.914959609508514
19.542948365211487
14.472668766975403
14.679157674312592
9.008974194526672
13.0172820687294
13.333302080631256
15.896218001842499
8.442344725131989
10.839231133460999
8.062433540821075
4.480690181255341
3.2571910619735718
18.70213806629181
9.925666898488998
7.603871822357178
8.143113613128662
3.860063672065735
5.3999574184417725
9.755880415439606
6.9054237604141235
1.026561975479126
0.3034400939941406
0.16839516162872314
0.160508394241333
0.15418684482574463
1.083816409111023
0.22729992866516113
0.16547048091888428
0.2927687168121338
0.12134230136871338
0.5335636138916016
2.3893625736236572
10.656123161315918
1.9248154163360596
0.31163203716278076
0.22884118556976318
2.3492591381073
0.3800630569458008
0.238417387008667
0.2830336093902588
0.10496234893798828
0.07195770740509033
0.06233978271484375
0.07264649868011475
0.11141562461853027
0.0953437089920044
0.0441892147064209
0.05698549747467041
0.046401143074035645
0.02828240394592285
0.03278470039367676
0.03447723388671875
0.02212655544281006
0.027364730834960938
0.01915717124938965
0.0196990966796875
0.020056962966918945
0.017621755599975586
0.01024007797241211
0.01649332046508789
0.013302326202392578
0.017302751541137695
0.016496658325195312
0.016090869903564453
0.012211084365844727
0.01318347454071045
0.011236429214477539
0.011563777923583984
0.01214134693145752
0.013471126556396484
0.011678695678710938
0.010947227478027344
0.01636672019958496
0.01133120059967041
0.009087324142456055
0.018100380897521973
0.007787466049194336
0.010585665702819824
0.008850574493408203
0.008765220642089844
0.013106584548950195
0.006605863571166992
0.011451482772827148
0.008068323135375977
0.007883787155151367
0.007917284965515137
0.008624672889709473
0.0077353715896606445
0.008307456970214844
0.009896516799926758
0.006213665008544922
0.00886988639831543
0.006485700607299805
0.008182287216186523
0.004793643951416016
0.007708549499511719
0.005388021469116211
0.009154081344604492
0.006567716598510742
0.006270885467529297
0.008229970932006836
0.005795001983642578
0.0067217350006103516
0.005841970443725586
0.00824284553527832
0.0075283050537109375
0.005882740020751953
0.006247878074645996
0.008109092712402344
0.005240797996520996
0.007062196731567383
0.004197597503662109
0.004754066467285156
0.005468130111694336
0.005530834197998047
0.004739284515380859
0.00572657585144043
0.005648612976074219
0.005616664886474609
0.004931211471557617
0.007157564163208008
0.004447460174560547
0.00542140007019043
0.008888721466064453
0.006176948547363281
0.004977226257324219
0.004621028900146484
0.0038580894470214844
0.004132270812988281
0.005406379699707031
0.006468057632446289
0.004590272903442383
0.005197286605834961
0.004884600639343262
0.005504727363586426
0.003708362579345703
0.00634765625
0.0035462379455566406
0.003343820571899414
0.0037186145782470703
0.0032846927642822266
0.004351139068603516
0.004311800003051758
0.00427699089050293
0.0034465789794921875
0.006714820861816406
0.004736661911010742
0.0037772655487060547
0.0027778148651123047
0.003965973854064941
0.0054035186767578125
0.004548549652099609
0.004096031188964844
0.0038673877716064453
0.003202199935913086
0.0030202865600585938
0.0024950504302978516
0.004321098327636719
0.003327608108520508
0.003167390823364258
0.0052928924560546875
0.0033152103424072266
0.003570556640625
0.004389405250549316
0.0040798187255859375
0.003752470016479492
0.004975318908691406
0.0029299259185791016
0.00433039665222168
0.004456043243408203
0.004293918609619141
0.004884958267211914
0.002392292022705078
0.003885030746459961
0.0036666393280029297
0.0034089088439941406
0.0027060508728027344
0.0032432079315185547
0.00393223762512207
0.0028116703033447266
0.0029506683349609375
0.0036215782165527344
0.0030968189239501953
0.0039424896240234375
0.004558563232421875
0.002910614013671875
0.003936767578125
0.0024628639221191406
0.0028731822967529297
0.0037767887115478516
0.0028426647186279297
0.0026235580444335938
0.002888202667236328
0.004239797592163086
0.0031328201293945312
0.003405332565307617
0.003246307373046875
0.0028971433639526367
0.003918647766113281
0.0028405189514160156
0.002571582794189453
0.0034363269805908203
0.0021905899047851562
0.004018545150756836
0.0032148361206054688
0.003957271575927734
0.004425048828125
0.0027277469635009766
0.003142118453979492
0.0026235580444335938
0.002630949020385742
0.0032477378845214844
0.0024814605712890625
0.0022509098052978516
0.0032875537872314453
0.0025527477264404297
0.0025653839111328125
0.003317117691040039
0.0035407543182373047
0.003363370895385742
0.002172231674194336
0.002342700958251953
0.003390789031982422
0.0025653839111328125
0.0034002065658569336
0.0027840137481689453
0.0020766258239746094
0.0030028820037841797
0.002383708953857422
0.0033791065216064453
0.0022873878479003906
0.0029059648513793945
0.003044605255126953
0.0022864341735839844
0.0027060508728027344
0.0030739307403564453
0.0021300315856933594
0.0032248497009277344
0.00273895263671875
0.002526521682739258
0.0021295547485351562
0.0028879642486572266
0.0026178359985351562
0.0025022029876708984
0.003725290298461914
0.0018825531005859375
0.0023365020751953125
0.0025174617767333984
0.002725839614868164
0.0031621456146240234
0.0029103755950927734
0.002821207046508789
0.0022802352905273438
0.002404451370239258
0.003050565719604492
0.002404451370239258
0.0018930435180664062
0.002930164337158203
0.0028324127197265625
0.0018374919891357422
0.002106189727783203
0.0025942325592041016
0.002312183380126953
0.0024099349975585938
0.002875089645385742
0.0025482177734375
0.0023118257522583008
0.002779245376586914
0.0019693374633789062
0.002331972122192383
0.0017113685607910156
0.002379179000854492
0.0019321441650390625
0.002041339874267578
0.0026721954345703125
0.002316713333129883
0.002544879913330078
0.002197265625
0.003027200698852539
0.0019366741180419922
0.0017254352569580078
0.0027055740356445312
0.002911090850830078
0.0022611618041992188
0.003347158432006836
0.0023097991943359375
0.0018074512481689453
0.002474546432495117
0.0022428035736083984
0.0030798912048339844
0.0022132396697998047
0.0024940967559814453
0.0022742748260498047
0.0023055076599121094
0.001771688461303711
0.0017757415771484375
0.002385854721069336
0.0020215511322021484
0.0023827552795410156
0.002101421356201172
0.0024356842041015625
0.002443552017211914
0.002547740936279297
0.00274658203125
0.0022777318954467773
0.002847909927368164
0.0021860599517822266
0.00214385986328125
0.0015163421630859375
0.0014944076538085938
0.002162456512451172
0.0019555091857910156
0.002308368682861328
0.001781463623046875
0.002325773239135742
0.0015988349914550781
0.002429485321044922
0.002212047576904297
0.0018291473388671875
0.002290487289428711
0.002019166946411133
0.0018742084503173828
0.002645254135131836
0.0017979145050048828
0.003100156784057617
0.002711057662963867
0.0032579898834228516
0.0016832351684570312
0.0019571781158447266
0.002341032028198242
0.0015904903411865234
0.0017786026000976562
0.001382589340209961
0.0022623538970947266
0.0016176700592041016
0.001901388168334961
0.0016477108001708984
0.0020890235900878906
0.0021233558654785156
0.0020868778228759766
0.0020742416381835938
0.002166748046875
0.0023505687713623047
0.0019876956939697266
0.0019080638885498047
0.0015909671783447266
0.002317667007446289
0.002162933349609375
0.00202178955078125
0.0016820430755615234
0.0017137527465820312
0.0018355846405029297
0.0021004676818847656
0.001975536346435547
0.002660989761352539
0.0028183460235595703
0.0014560222625732422
0.002196669578552246
0.002142667770385742
0.0026063919067382812
0.0018758773803710938
0.0014102458953857422
0.0019037723541259766
0.001972675323486328
0.0015482902526855469
0.0019614696502685547
0.0018088817596435547
0.001775979995727539
0.0014286041259765625
0.0021064281463623047
0.002329587936401367
0.002541780471801758
0.001644134521484375
0.0021851062774658203
0.002357959747314453
0.002218484878540039
0.0019354820251464844
0.002171754837036133
0.0015797615051269531
0.0016629695892333984
0.0018401145935058594
0.002381563186645508
0.0015904903411865234
0.0016803741455078125
0.0016181468963623047
0.002626657485961914
0.0017545223236083984
0.0018706321716308594
0.0019429922103881836
0.0015943050384521484
0.0015282630920410156
0.002002239227294922
0.0025243759155273438
0.0020151138305664062
0.0014088153839111328
0.002206563949584961
0.0015306472778320312
0.002048969268798828
0.0016989707946777344
0.0013506412506103516
0.0024633407592773438
0.0016558170318603516
0.002045869827270508
0.0018124580383300781
0.0012340545654296875
0.0010738372802734375
0.0020437240600585938
0.0016222000122070312
0.00202178955078125
0.0024106502532958984
0.0020182132720947266
0.0013072490692138672
0.0018863677978515625
0.002202272415161133
0.0019524097442626953
0.0021338462829589844
0.0017726421356201172
0.0014202594757080078
0.0015170574188232422
0.001672983169555664
0.0024912357330322266
0.0013763904571533203
0.0016009807586669922
0.0019147396087646484
0.0018088817596435547
0.002157449722290039
0.0017735958099365234
0.0021643638610839844
0.0022144317626953125
0.001398324966430664
0.0017893314361572266
0.001497030258178711
0.001842498779296875
0.002163410186767578
0.0015125274658203125
0.001622915267944336
0.0020906925201416016
0.0017170906066894531
0.0013718605041503906
0.001583099365234375
0.0014493465423583984
0.0019485950469970703
0.0019326210021972656
0.0018591880798339844
0.0025644302368164062
0.0011341571807861328
0.001394033432006836
0.0019104480743408203
0.002147197723388672
0.0014696121215820312
0.00206756591796875
0.0015461444854736328
0.0012488365173339844
0.0013720989227294922
0.0014421939849853516
0.002005338668823242
0.0013885498046875
0.0019054412841796875
0.0019376277923583984
0.0017807483673095703
0.0018188953399658203
0.0018498897552490234
0.002364635467529297
0.0016901493072509766
0.0018305778503417969
0.0017507076263427734
0.0017135143280029297
0.0020284652709960938
0.0014758110046386719
0.0016951560974121094
0.0011792182922363281
0.0015168190002441406
0.0024673938751220703
0.0018188953399658203
0.0015826225280761719
0.0016946792602539062
0.0023190975189208984
0.001287221908569336
0.0013990402221679688
0.0013225078582763672
0.002092123031616211
0.0016551017761230469
0.0019381046295166016
0.0019099712371826172
0.00148773193359375
0.0017266273498535156
0.0011267662048339844
0.0012135505676269531
0.0019376277923583984
0.0019211769104003906
0.001285552978515625
0.001325845718383789
0.001466989517211914
0.0021135807037353516
0.0011851787567138672
0.0012824535369873047
0.0014994144439697266
0.0017125606536865234
0.0017235279083251953
0.0018229484558105469
0.0018610954284667969
0.0021088123321533203
0.0016179084777832031
0.0017750263214111328
0.0014281272888183594
0.0017828941345214844
0.0013682842254638672
0.0016009807586669922
0.0015707015991210938
0.0014655590057373047
0.0021224021911621094
0.002073049545288086
0.0017156600952148438
0.0012164115905761719
0.0017871856689453125
0.0014948844909667969
0.0013799667358398438
0.0013434886932373047
0.0014972686767578125
0.001504659652709961
0.0010921955108642578
0.002481222152709961
0.0015869140625
0.0019104480743408203
0.0016553401947021484
0.0013592243194580078
0.0014262199401855469
0.0015249252319335938
0.0010390281677246094
0.0015015602111816406
0.0013625621795654297
0.0018291473388671875
0.0016522407531738281
0.0014951229095458984
0.0014176368713378906
0.0012621879577636719
0.0015337467193603516
0.0015473365783691406
0.0011622905731201172
0.0016231536865234375
0.0018744468688964844
0.0019354820251464844
0.00135040283203125
0.0016150474548339844
0.001550912857055664
0.0015363693237304688
0.0018589496612548828
0.0017066001892089844
0.0015189647674560547
0.0009343624114990234
0.0013892650604248047
0.0016562938690185547
0.0016398429870605469
0.0018253326416015625
0.0015633106231689453
0.0013167858123779297
0.0018200874328613281
0.001772165298461914
0.0015974044799804688
0.001546621322631836
0.0015163421630859375
0.0013442039489746094
0.0014698505401611328
0.002215862274169922
0.0011065006256103516
0.0011184215545654297
0.0019524097442626953
0.001970052719116211
0.001852273941040039
0.0013861656188964844
0.0013952255249023438
0.002195119857788086
0.0015728473663330078
0.0019409656524658203
0.001435995101928711
0.0015163421630859375
0.0016417503356933594
0.0016827583312988281
0.0012578964233398438
0.0013289451599121094
0.0014774799346923828
0.001272439956665039
0.0017125606536865234
0.0013387203216552734
0.001390695571899414
0.0014338493347167969
0.002073049545288086
0.0016889572143554688
0.0014712810516357422
0.0012309551239013672
0.0015149116516113281
0.0014753341674804688
0.0014646053314208984
0.0016884803771972656
0.0011448860168457031
0.0018463134765625
0.0008080005645751953
0.0015423297882080078
0.0015597343444824219
0.0012054443359375
0.001520395278930664
0.001859426498413086
0.0014393329620361328
0.0012814998626708984
0.001432657241821289
0.0013341903686523438
0.001983642578125
0.0015854835510253906
0.001123189926147461
0.0017843246459960938
0.0010538101196289062
0.002040863037109375
0.0017800331115722656
0.0013499259948730469
0.0013039112091064453
0.0013303756713867188
0.0012824535369873047
0.002267599105834961
0.0015568733215332031
0.0015096664428710938
0.0012962818145751953
0.0013201236724853516
0.0012290477752685547
0.0017256736755371094
0.0013017654418945312
0.0014081001281738281
0.0019001960754394531
0.001293182373046875
0.001367807388305664
0.0015866756439208984
0.0015208721160888672
0.0012271404266357422
0.001435995101928711
0.002425670623779297
0.0014221668243408203
0.0013692378997802734
0.001588582992553711
0.002066373825073242
0.0016756057739257812
0.0010759830474853516
0.0017917156219482422
0.0017573833465576172
0.0008087158203125
0.0011870861053466797
0.0011560916900634766
0.00201416015625
0.0017330646514892578
0.001604318618774414
0.0014116764068603516
0.0014698505401611328
0.0015895366668701172
0.0011782646179199219
0.000982046127319336
0.0016684532165527344
0.0013728141784667969
0.0012772083282470703
0.0012221336364746094
0.0012593269348144531
0.0013170242309570312
0.0014500617980957031
0.0016694068908691406
0.0015265941619873047
0.0011243820190429688
0.0013031959533691406
0.0014390945434570312
0.0013575553894042969
0.0011882781982421875
0.0017864704132080078
0.0011904239654541016
0.00101470947265625
0.0021631717681884766
0.0014948844909667969
0.001146554946899414
0.001386880874633789
0.0014965534210205078
0.0014109611511230469
0.0011949539184570312
0.001501321792602539
0.0012078285217285156
0.001421213150024414
0.0013117790222167969
0.00103759765625
0.0014514923095703125
0.002071380615234375
0.0011556148529052734
0.0013196468353271484
0.0016651153564453125
0.0014455318450927734
0.0014014244079589844
0.001644134521484375
0.0011496543884277344
0.0019969940185546875
0.0017211437225341797
0.002054929733276367
0.0011792182922363281
0.0009071826934814453
0.001529693603515625
0.0013585090637207031
0.0017709732055664062
0.0012736320495605469
0.0011119842529296875
0.0013053417205810547
0.0017802715301513672
0.0014750957489013672
0.0013959407806396484
0.0014235973358154297
0.001771688461303711
0.0009167194366455078
0.0012974739074707031
0.0013425350189208984
0.002229452133178711
0.0012090206146240234
0.0013451576232910156
0.0016374588012695312
0.0015332698822021484
0.001035451889038086
0.0009734630584716797
0.0009887218475341797
0.0018913745880126953
0.0015494823455810547
0.0012004375457763672
0.0013110637664794922
0.0019812583923339844
0.0012061595916748047
0.0013110637664794922
0.001341104507446289
0.0015408992767333984
0.0018341541290283203
0.001478433609008789
0.001440286636352539
0.0014410018920898438
0.0011641979217529297
0.0014917850494384766
0.0011854171752929688
0.00113677978515625
0.0014445781707763672
0.0012805461883544922
0.0011577606201171875
0.0015747547149658203
0.0010573863983154297
0.0015795230865478516
0.0015358924865722656
0.0013113021850585938
0.0016925334930419922
0.0015223026275634766
0.001722574234008789
0.0011196136474609375
0.0016281604766845703
0.0011479854583740234
0.0017778873443603516
0.0011339187622070312
0.001194000244140625
0.0013577938079833984
0.0009171962738037109
0.0013813972473144531
0.0013344287872314453
0.0019066333770751953
0.0011491775512695312
0.0014491081237792969
0.0011858940124511719
0.001809835433959961
0.0014879703521728516
0.0012784004211425781
0.0013763904571533203
0.0013384819030761719
0.001691579818725586
0.0014383792877197266
0.0014274120330810547
0.0011096000671386719
0.001293182373046875
0.0011227130889892578
0.001140594482421875
0.0014636516571044922
0.0011241436004638672
0.0014069080352783203
0.0011322498321533203
0.0010652542114257812
0.0017521381378173828
0.0010790824890136719
0.0012063980102539062
0.0015578269958496094
0.0015370845794677734
0.001291036605834961
0.0019826889038085938
0.0017476081848144531
0.0013625621795654297
0.0010650157928466797
0.001194000244140625
0.0009319782257080078
0.001912832260131836
0.0015025138854980469
0.0015459060668945312
0.0012488365173339844
0.0016546249389648438
0.0016779899597167969
0.0015494823455810547
0.0018420219421386719
0.0014996528625488281
0.0012240409851074219
0.0010936260223388672
0.001341104507446289
0.0013875961303710938
0.0009903907775878906
0.0013287067413330078
0.0012748241424560547
0.0015192031860351562
0.0015895366668701172
0.0007627010345458984
0.0016512870788574219
0.0017132759094238281
0.0009963512420654297
0.0015959739685058594
0.0016214847564697266
0.0012581348419189453
0.0020971298217773438
0.0013637542724609375
0.0012943744659423828
0.0013511180877685547
0.0014369487762451172
0.0012962818145751953
0.001390695571899414
0.001787424087524414
0.0015292167663574219
0.0015385150909423828
0.0015513896942138672
0.0011107921600341797
0.0016553401947021484
0.0011382102966308594
0.001222372055053711
0.0012383460998535156
0.0013074874877929688
0.0009610652923583984
0.001329660415649414
0.0009472370147705078
0.0014634132385253906
0.0012979507446289062
0.0012586116790771484
0.0012600421905517578
0.0009746551513671875
0.0011439323425292969
0.0010867118835449219
0.0019707679748535156
0.0009250640869140625
0.0014047622680664062
0.0012249946594238281
0.00130462646484375
0.0009915828704833984
0.0014300346374511719
0.001856088638305664
0.0017423629760742188
0.0012309551239013672
0.0009701251983642578
0.0017652511596679688
0.0015726089477539062
0.0009670257568359375
0.0013279914855957031
0.0012750625610351562
0.0011181831359863281
0.0010962486267089844
0.0024073123931884766
0.0015478134155273438
0.0014786720275878906
0.001291513442993164
0.0011644363403320312
0.0009930133819580078
0.0016870498657226562
0.0013554096221923828
0.0014629364013671875
0.0015916824340820312
0.0011363029479980469
0.0011565685272216797
0.0014841556549072266
0.0012691020965576172
0.0013380050659179688
0.001010894775390625
0.0011475086212158203
0.0017669200897216797
0.0018680095672607422
0.0007107257843017578
0.0013518333435058594
0.0013632774353027344
0.001840353012084961
0.0014123916625976562
0.0011644363403320312
0.0014712810516357422
0.001173257827758789
0.0015020370483398438
0.0012352466583251953
0.0012586116790771484
0.0010437965393066406
0.001123666763305664
0.0016629695892333984
0.0012934207916259766
0.001195669174194336
0.0013036727905273438
0.0018036365509033203
0.0013537406921386719
0.0012900829315185547
0.0013399124145507812
0.0012426376342773438
0.001758575439453125
0.001039266586303711
0.0010936260223388672
0.0014679431915283203
0.0009324550628662109
0.0012946128845214844
0.0012161731719970703
0.0011653900146484375
0.001650094985961914
0.0010242462158203125
0.00106048583984375
0.0009748935699462891
0.001810312271118164
0.0017018318176269531
0.0013725757598876953
0.0013875961303710938
0.0016064643859863281
0.0016200542449951172
0.0015075206756591797
0.0010824203491210938
0.0015959739685058594
0.001306295394897461
0.0019102096557617188
0.0012154579162597656
0.001093149185180664
0.0012392997741699219
0.0014483928680419922
0.0009469985961914062
0.0011932849884033203
0.0016326904296875
0.0012614727020263672
0.0009806156158447266
0.001332998275756836
0.0012700557708740234
0.001226186752319336
0.0014412403106689453
0.0016579627990722656
0.0012612342834472656
0.0015039443969726562
0.0009474754333496094
0.0014035701751708984
0.0013918876647949219
0.0013892650604248047
0.0014560222625732422
0.001758575439453125
0.0012242794036865234
0.0014293193817138672
0.0011425018310546875
0.0009903907775878906
0.0015358924865722656
0.0019016265869140625
0.0014162063598632812
0.0009663105010986328
0.0014483928680419922
0.001478433609008789
0.0013132095336914062
0.0014069080352783203
0.0019075870513916016
0.0012116432189941406
0.0014154911041259766
0.0013418197631835938
0.0012600421905517578
0.0018088817596435547
0.0011785030364990234
0.0009768009185791016
0.0012979507446289062
0.001108407974243164
0.001195669174194336
0.0012426376342773438
0.0010564327239990234
0.001172780990600586
0.0011348724365234375
0.0016407966613769531
0.0013804435729980469
0.0012974739074707031
0.001046895980834961
0.0014159679412841797
0.0015056133270263672
0.0014455318450927734
0.0014150142669677734
0.0015270709991455078
0.0012257099151611328
0.001499176025390625
0.0014481544494628906
0.0016372203826904297
0.0015745162963867188
0.0011620521545410156
0.0009765625
0.001552581787109375
0.0010030269622802734
0.0016934871673583984
0.0012309551239013672
0.000989675521850586
0.000885009765625
0.001085042953491211
0.0013015270233154297
0.0013320446014404297
0.0007410049438476562
0.0012943744659423828
0.0012059211730957031
0.0013985633850097656
0.0012574195861816406
0.0014061927795410156
0.0014765262603759766
0.001033782958984375
0.0016508102416992188
0.0015621185302734375
0.0013158321380615234
0.0012922286987304688
0.0010514259338378906
0.0015757083892822266
0.0010666847229003906
0.0013704299926757812
0.0013773441314697266
0.0010404586791992188
0.0013036727905273438
0.0010776519775390625
0.0011599063873291016
0.0013887882232666016
0.0015530586242675781
0.0013172626495361328
0.0010080337524414062
0.0010881423950195312
0.0012421607971191406
0.001955270767211914
0.0011382102966308594
0.0013544559478759766
0.0014226436614990234
0.0012631416320800781
0.0011165142059326172
0.0013146400451660156
0.0018146038055419922
0.0013582706451416016
0.0016825199127197266
0.0011031627655029297
0.0014379024505615234
0.0013155937194824219
0.0009019374847412109
0.0014564990997314453
0.0011858940124511719
0.0015034675598144531
0.0019068717956542969
0.0014128684997558594
0.00125885009765625
0.001215219497680664
0.0014171600341796875
0.001291513442993164
0.0010459423065185547
0.0011603832244873047
0.0015528202056884766
0.0010457038879394531
0.0011801719665527344
0.0012218952178955078
0.0015330314636230469
0.0013918876647949219
0.0012764930725097656
0.0014362335205078125
0.0011737346649169922
0.0015337467193603516
0.001432657241821289
0.0015246868133544922
0.0013244152069091797
0.0011591911315917969
0.0011630058288574219
0.0012767314910888672
0.0013468265533447266
0.0017478466033935547
0.0014357566833496094
0.0009675025939941406
0.0009615421295166016
0.0014722347259521484
0.0008728504180908203
0.0009851455688476562
0.0014426708221435547
0.001219034194946289
0.0011932849884033203
0.001631021499633789
0.001177072525024414
0.0009334087371826172
0.0011477470397949219
0.00142669677734375
0.0010006427764892578
0.0009310245513916016
0.0013365745544433594
0.0009510517120361328
0.0015628337860107422
0.0010008811950683594
0.0013077259063720703
0.001556396484375
0.001260519027709961
0.0014040470123291016
0.0014758110046386719
0.0020830631256103516
0.0011322498321533203
0.0012505054473876953
0.001768350601196289
0.0011484622955322266
0.001699209213256836
0.0012462139129638672
0.0013434886932373047
0.0014586448669433594
0.0010800361633300781
0.0015201568603515625
0.0011990070343017578
0.00160980224609375
0.0009222030639648438
0.0010781288146972656
0.0013349056243896484
0.0012187957763671875
0.001055002212524414
0.0019073486328125
0.0012195110321044922
0.0010380744934082031
0.0016129016876220703
0.0013933181762695312
0.0013942718505859375
0.0011036396026611328
0.0012614727020263672
0.0018572807312011719
0.001462697982788086
0.001425027847290039
0.0009465217590332031
0.0011048316955566406
0.0012359619140625
0.0013515949249267578
0.0009567737579345703
0.0016620159149169922
0.0016720294952392578
0.001168966293334961
0.0010571479797363281
0.0008776187896728516
0.0013127326965332031
0.001626729965209961
0.0009489059448242188
0.0014722347259521484
0.001331329345703125
0.0011582374572753906
0.0011973381042480469
0.0015358924865722656
0.0012369155883789062
0.0010974407196044922
0.0012302398681640625
0.0016353130340576172
0.0011959075927734375
0.0015513896942138672
0.0012843608856201172
0.001016855239868164
0.0014255046844482422
0.001138448715209961
0.0013129711151123047
0.0009438991546630859
0.0012066364288330078
0.0015347003936767578
0.0013604164123535156
0.0011937618255615234
0.0011930465698242188
0.001336812973022461
0.0012595653533935547
0.0011208057403564453
0.0013420581817626953
0.0015530586242675781
0.0012180805206298828
0.0011775493621826172
0.001306295394897461
0.001188516616821289
0.0015347003936767578
0.0015873908996582031
0.0016219615936279297
0.0014264583587646484
0.0011315345764160156
0.0014121532440185547
0.0011785030364990234
0.0010352134704589844
0.0011479854583740234
0.0012900829315185547
0.0012013912200927734
0.0018091201782226562
0.0016405582427978516
0.0016031265258789062
0.001138448715209961
0.0011632442474365234
0.0012192726135253906
0.0012526512145996094
0.0014634132385253906
0.0011014938354492188
0.0011179447174072266
0.0007977485656738281
0.0012760162353515625
0.0008935928344726562
0.0010609626770019531
0.0014677047729492188
0.001493215560913086
0.0014128684997558594
0.0009109973907470703
0.001409769058227539
0.0009601116180419922
0.0010898113250732422
0.001129150390625
0.0010640621185302734
0.001580953598022461
0.0016949176788330078
0.0009403228759765625
0.0016455650329589844
0.0013301372528076172
0.0014369487762451172
0.0019047260284423828
0.0009448528289794922
0.0013744831085205078
0.0013468265533447266
0.001140594482421875
0.0012807846069335938
0.0011675357818603516
0.001157522201538086
0.0016717910766601562
0.0015118122100830078
0.001277923583984375
0.0008978843688964844
0.0011415481567382812
0.0013585090637207031
0.0013434886932373047
0.0011112689971923828
0.001268148422241211
0.0009799003601074219
0.001493215560913086
0.0013349056243896484
0.0017480850219726562
0.0016820430755615234
0.0012505054473876953
0.0014262199401855469
0.0016374588012695312
0.001024007797241211
0.0010411739349365234
0.0013327598571777344
0.0011529922485351562
0.0011475086212158203
0.0013756752014160156
0.00170135498046875
0.0011639595031738281
0.0008656978607177734
0.0016279220581054688
0.0012259483337402344
0.0012166500091552734
0.0009484291076660156
0.0012433528900146484
0.0011527538299560547
0.0018939971923828125
0.0014371871948242188
0.0008971691131591797
0.001064300537109375
0.001331329345703125
0.0011904239654541016
0.0011150836944580078
0.0015892982482910156
0.0009837150573730469
0.0015859603881835938
0.0014340877532958984
0.0007810592651367188
0.0016655921936035156
0.0013043880462646484
0.0010497570037841797
0.0010044574737548828
0.0015230178833007812
0.0012860298156738281
0.0014677047729492188
0.0010886192321777344
0.0013844966888427734
0.0013186931610107422
0.0010995864868164062
0.0013954639434814453
0.0010945796966552734
0.0009801387786865234
0.0014183521270751953
0.0016939640045166016
0.0011806488037109375
0.001356363296508789
0.0015866756439208984
0.0012099742889404297
0.0013992786407470703
0.0014925003051757812
0.0014982223510742188
0.0013267993927001953
0.0008802413940429688
0.0009529590606689453
0.0015058517456054688
0.0009672641754150391
0.0013232231140136719
0.0014679431915283203
0.0014491081237792969
0.0012052059173583984
0.0013544559478759766
0.001293182373046875
0.0013508796691894531
0.0015783309936523438
0.0011706352233886719
0.00121307373046875
0.0009822845458984375
0.0018248558044433594
0.0011205673217773438
0.0013430118560791016
0.0013434886932373047
0.001119852066040039
0.001009225845336914
0.001436471939086914
0.0012583732604980469
0.0013494491577148438
0.0011301040649414062
0.0011553764343261719
0.0017795562744140625
0.0009109973907470703
0.0016341209411621094
0.0010745525360107422
0.0012540817260742188
0.0012705326080322266
0.0012297630310058594
0.0011954307556152344
0.0011548995971679688
0.0015039443969726562
0.001508474349975586
0.0011751651763916016
0.0013120174407958984
0.0016155242919921875
0.0009741783142089844
0.0010995864868164062
0.001382589340209961
0.0016455650329589844
0.0012755393981933594
0.0018663406372070312
0.0008196830749511719
0.0008745193481445312
0.0008862018585205078
0.0019257068634033203
0.0009415149688720703
0.0010600090026855469
0.00102996826171875
0.0016410350799560547
0.001644134521484375
0.0013163089752197266
0.0014293193817138672
0.0014510154724121094
0.001234292984008789
0.0012726783752441406
0.0009891986846923828
0.0010073184967041016
0.0012433528900146484
0.001550912857055664
0.0012650489807128906
0.0013229846954345703
0.0011749267578125
0.001277923583984375
0.0015416145324707031
0.0009138584136962891
0.001363992691040039
0.000995635986328125
0.001046895980834961
0.0009479522705078125
0.0015020370483398438
0.0015301704406738281
0.0015323162078857422
0.0011632442474365234
0.0022017955780029297
0.0016219615936279297
0.001135110855102539
0.0008108615875244141
0.001402139663696289
0.001201629638671875
0.0010232925415039062
0.0016210079193115234
0.0015540122985839844
0.0010700225830078125
0.001188039779663086
0.001041412353515625
0.0011925697326660156
0.0011806488037109375
0.0012598037719726562
0.0011663436889648438
0.0014753341674804688
0.0012197494506835938
0.001131296157836914
0.0012485980987548828
0.001680135726928711
0.0010442733764648438
0.0013034343719482422
0.001378774642944336
0.0007915496826171875
0.0012650489807128906
0.0014088153839111328
0.0014464855194091797
0.000835418701171875
0.0011019706726074219
0.00162506103515625
0.0014264583587646484
0.0013492107391357422
0.0012867450714111328
0.0008172988891601562
0.0009791851043701172
0.0015101432800292969
0.0009145736694335938
0.0012497901916503906
0.0013740062713623047
0.0010573863983154297
0.0013108253479003906
0.0011386871337890625
0.0015647411346435547
0.0013225078582763672
0.0016570091247558594
0.0013821125030517578
0.0014109611511230469
0.0014388561248779297
0.0016558170318603516
0.0011577606201171875
0.0015420913696289062
0.0010478496551513672
0.0012505054473876953
0.0014951229095458984
0.001565694808959961
0.0017786026000976562
0.0009424686431884766
0.0008256435394287109
0.0009205341339111328
0.0017666816711425781
0.0014951229095458984
0.0010461807250976562
0.001554250717163086
0.0010712146759033203
0.0010004043579101562
0.0011370182037353516
0.0013318061828613281
0.0013947486877441406
0.0011379718780517578
0.0011701583862304688
0.0015408992767333984
0.0017981529235839844
0.0015120506286621094
0.0015208721160888672
0.0010941028594970703
0.0010764598846435547
0.0013744831085205078
0.0014178752899169922
0.0012049674987792969
0.0009546279907226562
0.0013127326965332031
0.0011692047119140625
0.0012378692626953125
0.0014591217041015625
0.0011396408081054688
0.0007760524749755859
0.0011589527130126953
0.0015287399291992188
0.0013914108276367188
0.0012695789337158203
0.0010981559753417969
0.0012466907501220703
0.0009036064147949219
0.0013303756713867188
0.0011386871337890625
0.0009913444519042969
0.0012249946594238281
0.0015971660614013672
0.0012385845184326172
0.0015468597412109375
0.0012786388397216797
0.0011398792266845703
0.0011339187622070312
0.0013895034790039062
0.0008785724639892578
0.0012629032135009766
0.0012607574462890625
0.0013659000396728516
0.0011661052703857422
0.001157999038696289
0.001104116439819336
0.0013659000396728516
0.0010051727294921875
0.001285552978515625
0.001283407211303711
0.0015919208526611328
0.0015006065368652344
0.0016937255859375
0.0013608932495117188
0.0018262863159179688
0.0010204315185546875
0.0012180805206298828
0.0012559890747070312
0.0014753341674804688
0.0014176368713378906
0.001190185546875
0.0011446475982666016
0.0009660720825195312
0.0009598731994628906
0.0012581348419189453
0.00180816650390625
0.00104522705078125
0.0014653205871582031
0.0011436939239501953
0.0010619163513183594
0.0007381439208984375
0.001953125
0.0009355545043945312
0.0016105175018310547
0.0008537769317626953
0.0008103847503662109
0.0015642642974853516
0.001737356185913086
0.0014493465423583984
0.0013437271118164062
0.0015015602111816406
0.0012645721435546875
0.00121307373046875
0.0017304420471191406
0.0014355182647705078
0.0014503002166748047
0.0011548995971679688
0.0008869171142578125
0.0013599395751953125
0.0012526512145996094
0.0011758804321289062
0.0012204647064208984
0.001394510269165039
0.0014770030975341797
0.0014126300811767578
0.001313924789428711
0.0015497207641601562
0.0010209083557128906
0.0010232925415039062
0.0016579627990722656
0.0012843608856201172
0.0008831024169921875
0.0012650489807128906
0.0011286735534667969
0.0011410713195800781
0.0016064643859863281
0.0013000965118408203
0.0008039474487304688
0.0016901493072509766
0.0012302398681640625
0.0013437271118164062
0.0015118122100830078
0.0009799003601074219
0.0013477802276611328
0.0008668899536132812
0.0014836788177490234
0.00165557861328125
0.0011391639709472656
0.0011587142944335938
0.0010173320770263672
0.0008413791656494141
0.0014812946319580078
0.001184225082397461
0.0012447834014892578
0.00160980224609375
0.001268625259399414
0.0008394718170166016
0.001154184341430664
0.0013022422790527344
0.00186920166015625
0.0013010501861572266
0.0013256072998046875
0.0013620853424072266
0.0009598731994628906
0.0011682510375976562
0.0008876323699951172
0.0012476444244384766
0.0008289813995361328
0.0010280609130859375
0.0010001659393310547
0.0012009143829345703
0.0019884109497070312
0.001092672348022461
0.0012736320495605469
0.0013451576232910156
0.0012500286102294922
0.0011124610900878906
0.0016624927520751953
0.0012216567993164062
0.0013976097106933594
0.0015995502471923828
0.0012614727020263672
0.0011603832244873047
0.0012345314025878906
0.0015645027160644531
0.0016546249389648438
0.0010364055633544922
0.0014641284942626953
0.0015120506286621094
0.0009489059448242188
0.001280069351196289
0.0011165142059326172
0.001230478286743164
0.0016765594482421875
0.001512765884399414
0.0016069412231445312
0.0018041133880615234
0.0009739398956298828
0.0013804435729980469
0.0011663436889648438
0.0013394355773925781
0.0015277862548828125
0.0009737014770507812
0.0008678436279296875
0.0017590522766113281
0.000985860824584961
0.0015048980712890625
0.0015072822570800781
0.0012845993041992188
0.0008513927459716797
0.0013172626495361328
0.0010585784912109375
0.0010120868682861328
0.0010118484497070312
0.0010457038879394531
0.0015797615051269531
0.001443624496459961
0.0016367435455322266
0.0011146068572998047
0.0014865398406982422
0.0011785030364990234
0.001119852066040039
0.001253366470336914
0.001028299331665039
0.001402139663696289
0.0013539791107177734
0.0011630058288574219
0.0014522075653076172
0.0009529590606689453
0.0011663436889648438
0.0010645389556884766
0.00124359130859375
0.0012793540954589844
0.0011296272277832031
0.0020928382873535156
0.0014240741729736328
0.0011589527130126953
0.0011317729949951172
0.0014302730560302734
0.0011935234069824219
0.0017511844635009766
0.0009970664978027344
0.0011816024780273438
0.0012333393096923828
0.0012903213500976562
0.0011851787567138672
0.0011837482452392578
0.0010578632354736328
0.001314401626586914
0.0014314651489257812
0.0016472339630126953
0.0010523796081542969
0.0010859966278076172
0.0013821125030517578
0.0018496513366699219
0.0009622573852539062
0.0013375282287597656
