325.21951174736023
322.317467212677
321.1794626712799
319.8867416381836
320.30024933815
319.6395854949951
318.85181283950806
318.33650159835815
318.84613823890686
317.8460781574249
316.3008723258972
310.0072376728058
292.5662360191345
257.6017471551895
239.633327126503
204.07281017303467
188.01924592256546
170.975137591362
155.0393926501274
137.45662885904312
112.02426618337631
100.83114901185036
95.64298197627068
73.49856638908386
69.51526376605034
64.4095883667469
51.734206438064575
50.66123667359352
52.242873668670654
42.53923833370209
39.17496120929718
30.51996448636055
22.673424243927002
38.30209147930145
18.17681872844696
18.663650572299957
15.446899354457855
15.358156621456146
15.651582062244415
8.039096415042877
13.863838076591492
23.303091824054718
16.203283667564392
15.990184336900711
12.920692443847656
8.076985359191895
1.164090871810913
12.268512606620789
13.458785116672516
6.761667788028717
13.198385834693909
7.337983965873718
4.990335941314697
2.859229803085327
0.6433507800102234
4.265313923358917
0.59351646900177
5.926867604255676
8.199432730674744
3.4386956691741943
0.633914589881897
1.8185345530509949
0.18397736549377441
0.13541972637176514
0.25982093811035156
0.055129051208496094
0.035284996032714844
0.04482626914978027
0.014553070068359375
0.48126888275146484
7.214078783988953
5.986908555030823
0.4035447835922241
0.43547582626342773
6.829072535037994
6.801370024681091
8.801403999328613
1.1104094982147217
0.20594823360443115
0.1855762004852295
0.12054157257080078
0.09267091751098633
0.04169106483459473
0.026520490646362305
0.013717174530029297
0.015784502029418945
0.021926164627075195
0.021300315856933594
0.017337441444396973
0.0069075822830200195
0.008156895637512207
0.005638241767883301
0.009441375732421875
0.00597536563873291
0.007147431373596191
0.007092952728271484
0.004148244857788086
0.006458163261413574
0.005617380142211914
0.006403446197509766
0.003036022186279297
0.005731701850891113
0.0033893585205078125
0.0029587745666503906
0.0031845569610595703
0.0028090476989746094
0.002980947494506836
0.0031473636627197266
0.002413511276245117
0.0033195018768310547
0.003736257553100586
0.003556489944458008
0.0027658939361572266
0.0030841827392578125
0.003873586654663086
0.004204750061035156
0.0021026134490966797
0.0022127628326416016
0.002702474594116211
0.002060413360595703
0.002358675003051758
0.0019004344940185547
0.0024716854095458984
0.0025295019149780273
0.0027284622192382812
0.0022619962692260742
0.0027420520782470703
0.001733541488647461
0.0017161369323730469
0.0017255544662475586
0.001283407211303711
0.0022339820861816406
0.0016872882843017578
0.0016186237335205078
0.001750946044921875
0.0011355876922607422
0.0017809867858886719
0.0018689632415771484
0.001468658447265625
0.0013041496276855469
0.001678466796875
0.0013892650604248047
0.0013501644134521484
0.0015757083892822266
0.0018491744995117188
0.0015044212341308594
0.0014004707336425781
0.0012745857238769531
0.0024029016494750977
0.001218557357788086
0.0023021697998046875
0.0016789436340332031
0.0017604827880859375
0.002119779586791992
0.00112152099609375
0.0008478164672851562
0.0009872913360595703
0.0014067888259887695
0.0013804435729980469
0.001276850700378418
0.0019054412841796875
0.0013186931610107422
0.0011208057403564453
0.0009765625
0.001578211784362793
0.0009338855743408203
0.0015919208526611328
0.0013461112976074219
0.0012160539627075195
0.0006954669952392578
0.0009675025939941406
0.001211404800415039
0.0012977123260498047
0.0010192394256591797
0.0008943080902099609
0.0011758804321289062
0.0008404254913330078
0.0006889104843139648
0.0011184215545654297
0.0008624792098999023
0.0011105537414550781
0.0012133121490478516
0.0011639595031738281
0.0008363723754882812
0.001729726791381836
0.001256704330444336
0.0010578632354736328
0.0007801055908203125
0.0006041526794433594
0.0017577409744262695
0.001424551010131836
0.0010974407196044922
0.001157522201538086
0.0010783672332763672
0.0006062984466552734
0.0016957521438598633
0.0006682872772216797
0.0007605552673339844
0.0008709430694580078
0.0009195804595947266
0.0008444786071777344
0.0006792545318603516
0.0017595291137695312
0.0012085437774658203
0.0010044574737548828
0.0007450580596923828
0.0005908012390136719
0.001013040542602539
0.001378774642944336
0.0006771087646484375
0.00043463706970214844
0.0006735324859619141
0.0008242130279541016
0.0009436607360839844
0.0006198883056640625
0.000782012939453125
0.000980377197265625
0.0004901885986328125
0.0010547637939453125
0.0006985664367675781
0.0005698204040527344
0.001131296157836914
0.0007272958755493164
0.0007215738296508789
0.0006897449493408203
0.0017008781433105469
0.0011920928955078125
0.0012021064758300781
0.0011785030364990234
0.0006129741668701172
0.0007569789886474609
0.000614166259765625
0.0009677410125732422
0.00092315673828125
0.0005838871002197266
0.0006554126739501953
0.0009382963180541992
0.0009655952453613281
0.0008382797241210938
0.00044918060302734375
0.0007295608520507812
0.0010112524032592773
0.0010623931884765625
0.0006511211395263672
0.0006620883941650391
0.0007975101470947266
0.0006437301635742188
0.0007610321044921875
0.0007574558258056641
0.0009362697601318359
0.0006825923919677734
0.0003476142883300781
0.0007936954498291016
0.00069427490234375
0.000811457633972168
0.0009500980377197266
0.001020193099975586
0.0006835460662841797
0.0006716251373291016
0.00032401084899902344
0.0008721351623535156
0.00040078163146972656
0.0006053447723388672
0.0007789134979248047
0.0007891654968261719
0.0008490085601806641
0.0007910728454589844
0.0005819797515869141
0.0010099411010742188
0.0004677772521972656
0.0005615949630737305
0.0007781982421875
0.0006867647171020508
0.0006167888641357422
0.0009350776672363281
0.0009226799011230469
0.0006058216094970703
0.0012280941009521484
0.0005035400390625
0.0005412101745605469
0.00046324729919433594
0.0007050037384033203
0.0006909370422363281
0.0004432201385498047
0.00037360191345214844
0.0006401538848876953
0.0007489919662475586
0.0005710124969482422
0.0006380081176757812
0.0006636381149291992
0.0003771781921386719
0.0004799365997314453
0.0005490779876708984
0.0006496906280517578
0.0006301403045654297
0.0005517005920410156
0.0007331371307373047
0.0011878013610839844
0.0005671977996826172
0.0006160736083984375
0.0006978511810302734
0.0005388259887695312
0.0005490779876708984
0.000514984130859375
0.0005574226379394531
0.0006663799285888672
0.0005550384521484375
0.0006148815155029297
0.0007085800170898438
0.0005826950073242188
0.0005048513412475586
0.0003864765167236328
0.0004410743713378906
0.0006480216979980469
0.0004372596740722656
0.0004639625549316406
0.00023126602172851562
0.0004563331604003906
0.0005381107330322266
0.0013632774353027344
0.0006237030029296875
0.0004857778549194336
0.0004267692565917969
0.0008428096771240234
0.0006477832794189453
0.00046706199645996094
0.00039315223693847656
0.00042510032653808594
0.0005228519439697266
0.0008950233459472656
0.0009968280792236328
0.0003829002380371094
0.0005307197570800781
0.000396728515625
0.00048422813415527344
0.0006706714630126953
0.0008022785186767578
0.0005183219909667969
0.0008168220520019531
0.0005636215209960938
0.0010063648223876953
0.00045299530029296875
0.000682830810546875
0.0003445148468017578
0.0005195140838623047
0.0005884170532226562
0.0005385875701904297
0.0005283355712890625
0.0006239414215087891
0.0003833770751953125
0.0004343986511230469
0.0009958744049072266
0.0004124641418457031
0.0005083084106445312
0.000354766845703125
0.0004723072052001953
0.000544428825378418
0.00034928321838378906
0.00040721893310546875
0.0004744529724121094
0.0006155967712402344
0.00045037269592285156
0.000640869140625
0.0005319118499755859
0.00046443939208984375
0.0006170272827148438
0.0009388923645019531
0.00036144256591796875
0.0005276203155517578
0.00043463706970214844
0.0006288290023803711
0.00047707557678222656
0.0005893707275390625
0.00036072731018066406
0.0006432533264160156
0.0005826950073242188
0.0006449222564697266
0.00042510032653808594
0.0006401538848876953
0.0004494190216064453
0.00043582916259765625
0.00043392181396484375
0.0005018711090087891
0.0003056526184082031
0.0006074905395507812
0.00035381317138671875
0.0006630420684814453
0.0004596710205078125
0.0003342628479003906
0.0005164146423339844
0.0004456043243408203
0.00030350685119628906
0.00048542022705078125
0.0005824565887451172
0.0003323554992675781
0.00039076805114746094
0.0005395412445068359
0.0006072521209716797
0.0003788471221923828
0.0004780292510986328
0.00027441978454589844
0.0006053447723388672
0.0009152889251708984
0.0005878210067749023
0.0005519390106201172
0.0005657672882080078
0.0004127025604248047
0.0005559921264648438
0.00028133392333984375
0.0006451606750488281
0.0004253387451171875
0.0006971359252929688
0.0006341934204101562
0.0004837512969970703
0.000579833984375
0.0005183219909667969
0.0003266334533691406
0.00043463706970214844
0.0007188320159912109
0.0004830360412597656
0.0002970695495605469
0.0002613067626953125
0.0004858970642089844
0.0004885196685791016
0.0004973411560058594
0.0008425712585449219
0.00039768218994140625
0.000400543212890625
0.0007047653198242188
0.0004410743713378906
0.00032019615173339844
0.000499725341796875
0.00035262107849121094
0.00035858154296875
0.0003457069396972656
0.00042057037353515625
0.0006053447723388672
0.0003237724304199219
0.0003936290740966797
0.0003345012664794922
0.0003752708435058594
0.0005824565887451172
0.0004601478576660156
0.00046515464782714844
0.000545501708984375
0.0002923011779785156
0.0007047653198242188
0.0005693435668945312
0.0003399848937988281
0.00041174888610839844
0.0005421638488769531
0.0007410049438476562
0.0007123947143554688
0.0003905296325683594
0.0003192424774169922
0.0002543926239013672
0.0006000995635986328
0.0005159378051757812
0.0003972053527832031
0.00016617774963378906
0.000453948974609375
0.0003535747528076172
0.00034165382385253906
0.0003681182861328125
0.0002675056457519531
0.0003349781036376953
0.00020503997802734375
0.0004918575286865234
0.000461578369140625
0.0004520416259765625
0.00047087669372558594
0.0005865097045898438
0.0003960132598876953
0.0005979537963867188
0.0005204677581787109
0.0004730224609375
0.00032711029052734375
0.00028634071350097656
0.00038051605224609375
0.00042366981506347656
0.00048065185546875
0.0003705024719238281
0.00045228004455566406
0.0006630420684814453
0.0003762245178222656
0.00036215782165527344
0.0002760887145996094
0.0006117820739746094
0.0003437995910644531
0.0003857612609863281
0.0003342628479003906
0.0006866455078125
0.0004858970642089844
0.000599980354309082
0.0003476142883300781
0.00036454200744628906
0.0005092620849609375
0.00048804283142089844
0.0005431175231933594
0.0002465248107910156
0.0005574226379394531
0.0002875328063964844
0.0003707408905029297
0.0006901025772094727
0.00039267539978027344
0.0003693103790283203
0.00029778480529785156
0.00029778480529785156
0.00048160552978515625
0.0003981590270996094
0.0005197525024414062
0.0004603862762451172
0.0003879070281982422
0.0003402233123779297
0.0005661249160766602
0.0002906322479248047
0.0006768703460693359
0.0004334449768066406
0.00037670135498046875
0.0005750656127929688
0.00039315223693847656
0.00042748451232910156
0.0004928112030029297
0.00038051605224609375
0.0002739429473876953
0.0003819465637207031
0.0002257823944091797
0.00036597251892089844
0.0004544258117675781
0.0003063678741455078
0.0006313323974609375
0.0006666183471679688
0.0004088878631591797
0.00033354759216308594
0.00042700767517089844
0.00024318695068359375
0.0004162788391113281
0.00042557716369628906
0.00033593177795410156
0.00026988983154296875
0.0002694129943847656
0.0004711151123046875
0.00033855438232421875
0.00038743019104003906
0.0002601146697998047
0.00025916099548339844
0.0006997585296630859
0.00041675567626953125
0.0003330707550048828
0.00040841102600097656
0.0004737377166748047
0.00025093555450439453
0.00037217140197753906
0.0003528594970703125
0.00032806396484375
0.0002009868621826172
0.0005450248718261719
0.00041794776916503906
0.00041294097900390625
0.0004963874816894531
0.00026702880859375
0.00036978721618652344
0.00038933753967285156
0.0004899501800537109
0.0002741813659667969
0.0004048347473144531
0.0001811981201171875
0.0006694793701171875
0.0002586841583251953
0.0005147457122802734
0.00034046173095703125
0.0004932880401611328
0.00036334991455078125
0.00044655799865722656
0.0003483295440673828
0.0004029273986816406
0.0005440711975097656
0.0006325244903564453
0.0002269744873046875
0.0003848075866699219
0.0003383159637451172
0.0003662109375
0.0002765655517578125
0.0005548000335693359
0.0003807544708251953
0.0005197525024414062
0.00033664703369140625
0.0004942417144775391
0.0005776882171630859
0.0004222393035888672
0.00014662742614746094
0.00026988983154296875
0.0004177093505859375
0.0004782676696777344
0.00032806396484375
0.00021219253540039062
0.000652313232421875
0.0005710124969482422
0.0004398822784423828
0.0003216266632080078
0.0003886222839355469
0.0004291534423828125
0.0006127357482910156
0.00036263465881347656
0.00030732154846191406
0.0002503395080566406
0.00038051605224609375
0.00027251243591308594
0.0003428459167480469
0.00038623809814453125
0.0002963542938232422
0.00047588348388671875
0.0003371238708496094
0.0003573894500732422
0.0004062652587890625
0.00042939186096191406
0.0004417896270751953
0.0003497600555419922
0.0005047321319580078
0.00039839744567871094
0.0006902217864990234
0.00033926963806152344
0.0003237724304199219
0.0002269744873046875
0.000362396240234375
0.00014543533325195312
0.00043201446533203125
0.0003185272216796875
0.0003427267074584961
0.000530242919921875
0.0002570152282714844
0.0005741119384765625
0.0003426074981689453
0.0003066062927246094
0.0003644227981567383
0.000431060791015625
0.0007688999176025391
0.00021648406982421875
0.0002791881561279297
0.0004038810729980469
0.0003571510314941406
0.0002522468566894531
0.0003211498260498047
0.0003669261932373047
0.00035381317138671875
0.00037097930908203125
0.00037980079650878906
0.00039005279541015625
0.00029921531677246094
0.00041937828063964844
0.0005323886871337891
0.00029659271240234375
0.00039315223693847656
0.0002682209014892578
0.00045108795166015625
0.0007327795028686523
0.0003361701965332031
0.0003902912139892578
0.0004820823669433594
0.0002466440200805664
0.0004928112030029297
0.00032639503479003906
0.0006058216094970703
0.00035452842712402344
0.00022268295288085938
0.0005197525024414062
0.0005025863647460938
0.00021958351135253906
0.00035572052001953125
0.000308990478515625
0.00026488304138183594
0.0004436969757080078
0.00033211708068847656
0.00043654441833496094
0.0003001689910888672
0.0002624988555908203
0.0003781318664550781
0.00027561187744140625
0.00023412704467773438
0.0001900196075439453
0.00045371055603027344
0.0004119873046875
0.0003628730773925781
0.00032138824462890625
0.00038123130798339844
0.0004942417144775391
0.0003216266632080078
0.0003597736358642578
0.00026798248291015625
0.0003409385681152344
0.00024962425231933594
0.0002968311309814453
0.0003795623779296875
0.0003170967102050781
0.0003750324249267578
0.00029206275939941406
0.0003592967987060547
0.0006644725799560547
0.0003333091735839844
0.0003178119659423828
0.0004571676254272461
0.0004932880401611328
0.00024771690368652344
0.0002827644348144531
0.0005910396575927734
0.00023984909057617188
0.0003376007080078125
0.0004448890686035156
0.00033974647521972656
0.0002523660659790039
0.0002694129943847656
0.0004506111145019531
0.0004372596740722656
0.00023031234741210938
0.0006461143493652344
0.0003612041473388672
0.00035119056701660156
0.00028133392333984375
0.00019240379333496094
0.00035262107849121094
0.0004572868347167969
0.00029850006103515625
0.00020647048950195312
0.0002982616424560547
0.00033211708068847656
0.00030791759490966797
0.0002453327178955078
0.00026297569274902344
0.0003077983856201172
0.0003116130828857422
0.0004248619079589844
0.00030517578125
0.0003066062927246094
0.0001976490020751953
0.0005061626434326172
0.0004611015319824219
0.0002665519714355469
0.00041937828063964844
0.0003676414489746094
0.00042366981506347656
0.0003833770751953125
0.00032830238342285156
0.00025177001953125
0.0002918243408203125
0.0005464553833007812
0.00039696693420410156
0.0003802776336669922
0.0005538463592529297
0.0005021095275878906
0.00024318695068359375
0.00023245811462402344
0.0002684593200683594
0.0002486705780029297
0.0003237724304199219
0.00034332275390625
0.0004870891571044922
0.00020122528076171875
0.0006945133209228516
0.00033783912658691406
0.00020051002502441406
0.00037980079650878906
0.00034427642822265625
0.0003705024719238281
0.00012946128845214844
0.0002601146697998047
0.0004630088806152344
0.0002524852752685547
0.0006780624389648438
0.0003688335418701172
0.00034999847412109375
0.00032019615173339844
0.00035703182220458984
0.0005350112915039062
0.00036907196044921875
0.00029778480529785156
0.00017786026000976562
0.00023984909057617188
0.0004982948303222656
0.00033402442932128906
0.0003819465637207031
0.00038933753967285156
0.00038242340087890625
0.0002963542938232422
0.0004012584686279297
0.00038170814514160156
0.00011086463928222656
0.00042366981506347656
0.0003447532653808594
0.0005548000335693359
0.0002880096435546875
0.0003368854522705078
0.0003178119659423828
0.00029277801513671875
0.0003437995910644531
0.00026607513427734375
0.00023365020751953125
0.00032591819763183594
0.00026106834411621094
0.00023746490478515625
0.00048613548278808594
0.00020992755889892578
0.0006082057952880859
0.0003693103790283203
0.0002560615539550781
0.0004134178161621094
0.00044035911560058594
0.0002512931823730469
0.0003447532653808594
0.0006885528564453125
0.0003261566162109375
0.0002636909484863281
0.00036835670471191406
0.00022220611572265625
0.000400543212890625
0.00038361549377441406
0.0004050731658935547
0.0002465248107910156
0.0003190040588378906
0.0005755424499511719
0.0002624988555908203
0.00033283233642578125
0.0004363059997558594
0.0005297660827636719
0.0002758502960205078
0.0002484321594238281
0.0002880096435546875
0.00034689903259277344
0.00017952919006347656
0.0005958080291748047
0.0004162788391113281
0.000186920166015625
0.00025916099548339844
0.0003452301025390625
0.0003775358200073242
0.00021505355834960938
0.0003783702850341797
0.0003399848937988281
0.00022602081298828125
0.00043082237243652344
0.0003647804260253906
0.00031685829162597656
0.0002472400665283203
0.0004227161407470703
0.0002300739288330078
0.0004794597625732422
0.00038814544677734375
0.0002884864807128906
0.0003917217254638672
0.0003941059112548828
0.0003952980041503906
0.0002243518829345703
0.0003337860107421875
0.0003285408020019531
0.0006275177001953125
0.0002598762512207031
0.00034809112548828125
0.00024116039276123047
0.00029969215393066406
0.0004010200500488281
0.0002911090850830078
0.00021147727966308594
0.00033211708068847656
0.0003159046173095703
0.00030612945556640625
0.00029778480529785156
0.0004456043243408203
0.0005195140838623047
0.00030112266540527344
0.0004923343658447266
0.0003509521484375
0.00032401084899902344
0.00017189979553222656
0.00045609474182128906
0.00018405914306640625
0.00023889541625976562
0.000202178955078125
0.0004189014434814453
0.0002830028533935547
0.0003528594970703125
0.0005517005920410156
0.0003604888916015625
0.00036835670471191406
0.0004177093505859375
0.0002961158752441406
0.0002944469451904297
0.00034356117248535156
0.00030732154846191406
0.00023126602172851562
0.000362396240234375
0.00030922889709472656
0.00032973289489746094
0.000385284423828125
0.00026106834411621094
0.00042057037353515625
0.0003707408905029297
0.00037026405334472656
0.00029850006103515625
0.00030303001403808594
0.0003299713134765625
0.0002416372299194336
0.00038433074951171875
0.0002677440643310547
0.00034999847412109375
0.0005221366882324219
0.00021469593048095703
0.0005595684051513672
0.0005812644958496094
0.0003135204315185547
0.0003256797790527344
0.0004811286926269531
0.0002071857452392578
0.0002512931823730469
0.00038909912109375
0.0003407001495361328
0.000225067138671875
0.00026535987854003906
0.0004112720489501953
0.00023174285888671875
0.00025534629821777344
0.0003457069396972656
0.00026166439056396484
0.00021219253540039062
0.00029587745666503906
0.00043654441833496094
0.00030422210693359375
0.00037598609924316406
0.00018262863159179688
0.0003578662872314453
0.0002608299255371094
0.0003018379211425781
0.0003046989440917969
0.00023317337036132812
0.0007681846618652344
0.00015783309936523438
0.00022125244140625
0.0003199577331542969
0.0003352165222167969
0.0002219676971435547
0.0006320476531982422
0.00023245811462402344
0.00034689903259277344
0.0005164146423339844
0.00023162364959716797
0.00031447410583496094
0.0004899501800537109
0.00026416778564453125
0.00041413307189941406
0.00029969215393066406
0.00038933753967285156
0.00033402442932128906
0.0003666877746582031
0.0004425048828125
0.0003058910369873047
0.0005788803100585938
0.00022673606872558594
0.00023651123046875
0.000293731689453125
0.0003628730773925781
0.0004324913024902344
0.00047707557678222656
0.00036644935607910156
0.0003211498260498047
0.00037026405334472656
0.0006165504455566406
0.0003027915954589844
0.0003600120544433594
0.0002377033233642578
0.00024008750915527344
0.000179290771484375
0.00024080276489257812
0.00033593177795410156
0.00028061866760253906
0.00045108795166015625
0.00033593177795410156
0.00027823448181152344
0.0004699230194091797
0.00043952465057373047
0.0002980232238769531
0.0002841949462890625
0.00025653839111328125
0.00033664703369140625
0.00018095970153808594
0.00039196014404296875
0.00033473968505859375
0.000164031982421875
0.00037360191345214844
0.00023794174194335938
0.00033283233642578125
0.0003437995910644531
0.0002617835998535156
0.0002815723419189453
0.00029754638671875
0.0003072023391723633
0.0003733634948730469
0.000576019287109375
0.0003123283386230469
0.0003554821014404297
0.0004036426544189453
0.0003657341003417969
0.00035858154296875
0.0003464221954345703
0.0003426074981689453
0.0002837181091308594
0.0002980232238769531
0.00028014183044433594
0.0003426074981689453
0.0004646778106689453
0.0003516674041748047
0.00021648406982421875
0.0001354217529296875
0.00040221214294433594
0.00026416778564453125
0.0005855560302734375
0.0002651214599609375
0.0003325939178466797
0.0002694129943847656
0.000255584716796875
0.0005168914794921875
0.00020384788513183594
0.0003025531768798828
0.0003325939178466797
0.00048160552978515625
0.000362396240234375
0.00036644935607910156
0.0002281665802001953
0.0002865791320800781
0.00021600723266601562
0.00043845176696777344
0.0002892017364501953
0.0002510547637939453
0.0003590583801269531
0.0004532337188720703
0.00031065940856933594
0.00021600723266601562
0.000377655029296875
0.00037932395935058594
0.00026154518127441406
0.0003910064697265625
0.00044727325439453125
0.0002913475036621094
0.0003560781478881836
0.0003898143768310547
0.0003559589385986328
0.00022745132446289062
0.00030994415283203125
0.0002713203430175781
0.00018453598022460938
0.00028705596923828125
0.00033593177795410156
0.0005407333374023438
0.0002448558807373047
0.0002694129943847656
0.0002856254577636719
0.0002655982971191406
0.00024962425231933594
0.0004296302795410156
0.00023317337036132812
0.0002999305725097656
0.00030803680419921875
0.0004317760467529297
0.0003485679626464844
0.000301361083984375
0.0004470348358154297
0.0002684593200683594
0.00028133392333984375
0.0006260871887207031
0.00023889541625976562
0.00029587745666503906
0.0002658367156982422
0.0003323554992675781
0.0002410411834716797
0.0003180503845214844
0.0005445480346679688
0.0003459453582763672
0.0002899169921875
0.0002453327178955078
0.0003349781036376953
0.0003230571746826172
0.00028443336486816406
0.0004093647003173828
0.00028586387634277344
0.0001735687255859375
0.00044035911560058594
0.0004119873046875
0.0004369020462036133
0.0003566741943359375
0.00019311904907226562
0.0002167224884033203
0.00027573108673095703
0.00025081634521484375
0.00024700164794921875
0.00036072731018066406
0.00024437904357910156
0.00020194053649902344
0.0003037452697753906
0.00028634071350097656
0.0003285408020019531
0.0003371238708496094
0.00015616416931152344
0.00021696090698242188
0.0005011558532714844
0.00036406517028808594
0.00024175643920898438
0.00030994415283203125
0.00032019615173339844
0.0003682374954223633
0.0002961158752441406
0.00026416778564453125
0.000270843505859375
0.00033736228942871094
0.00033545494079589844
0.0003292560577392578
0.00033664703369140625
0.00028324127197265625
0.00046253204345703125
0.0005860328674316406
0.0003116130828857422
0.0002269744873046875
0.00030541419982910156
0.0004229545593261719
0.00048041343688964844
0.0005500316619873047
0.0002434253692626953
0.00024700164794921875
0.000244140625
0.00026929378509521484
0.000324249267578125
0.0005207061767578125
0.00027298927307128906
0.0004901885986328125
0.0005016326904296875
0.0003311634063720703
0.0002200603485107422
0.0004086494445800781
0.0003540515899658203
0.00023436546325683594
0.0002989768981933594
0.000286102294921875
0.00020742416381835938
0.00030612945556640625
0.0003674030303955078
0.0003857612609863281
0.00029754638671875
0.00032210350036621094
0.0004534721374511719
0.0003666877746582031
0.00035381317138671875
0.0002589225769042969
0.00034797191619873047
0.00038123130798339844
0.00024509429931640625
0.0002734661102294922
0.00026226043701171875
0.00022268295288085938
0.0004279613494873047
0.0003407001495361328
0.00026798248291015625
0.0005311965942382812
0.00024509429931640625
0.00029015541076660156
0.0005548000335693359
0.00045299530029296875
0.00022602081298828125
0.0004105567932128906
0.00024175643920898438
0.00046181678771972656
0.00040149688720703125
0.000308990478515625
0.00024962425231933594
0.00025081634521484375
0.00035381317138671875
0.00030684471130371094
0.0004994869232177734
0.0003154277801513672
0.0003018379211425781
0.00019168853759765625
0.000301361083984375
0.00025069713592529297
0.0002651214599609375
0.0002079010009765625
0.0002925395965576172
0.00027751922607421875
0.0003001689910888672
0.00036644935607910156
0.00026702880859375
0.000202178955078125
0.0003974437713623047
0.0004277229309082031
0.0002961158752441406
0.0003178119659423828
0.00030994415283203125
0.00034165382385253906
0.0005178451538085938
0.0003952980041503906
0.0005707740783691406
0.0003185272216796875
0.0004200935363769531
0.0002968311309814453
0.00029778480529785156
0.00024890899658203125
0.00028395652770996094
0.00023555755615234375
0.0002396106719970703
0.0003726482391357422
0.0006448030471801758
0.00019407272338867188
0.00022172927856445312
0.00047206878662109375
0.0002810955047607422
0.00039505958557128906
0.00027561187744140625
0.000362396240234375
0.00026869773864746094
0.0003349781036376953
0.00023126602172851562
0.00026702880859375
0.0002384185791015625
0.00032448768615722656
0.00031828880310058594
0.00026702880859375
0.00018024444580078125
0.00032019615173339844
0.0003304481506347656
0.0002589225769042969
0.00017261505126953125
0.0004763603210449219
0.0002841949462890625
0.0002644062042236328
0.00015163421630859375
0.00023508071899414062
0.0003333091735839844
0.0004086494445800781
0.00019979476928710938
0.0003266334533691406
0.0003223419189453125
0.0004143714904785156
0.00029206275939941406
0.0002880096435546875
0.0002377033233642578
0.0003464221954345703
0.00035858154296875
0.00037741661071777344
0.000362396240234375
0.00037920475006103516
0.0004584789276123047
0.0003364086151123047
0.00046515464782714844
0.00023818016052246094
0.00022864341735839844
0.00016427040100097656
0.00025343894958496094
0.0004315376281738281
0.0003058910369873047
0.00023603439331054688
0.00028014183044433594
0.0003914833068847656
0.0005090236663818359
0.0005042552947998047
0.0002646446228027344
0.0003457069396972656
0.00024366378784179688
0.0005064010620117188
0.00026679039001464844
0.0002460479736328125
0.00031280517578125
0.0004248619079589844
0.0005254745483398438
0.00020956993103027344
0.00018978118896484375
0.00033736228942871094
0.0004451274871826172
0.000324249267578125
0.00030803680419921875
0.00047016143798828125
0.0002276897430419922
0.0003612041473388672
0.0002799034118652344
0.00029468536376953125
0.00041413307189941406
0.00034332275390625
0.0003833770751953125
0.0002651214599609375
0.00014090538024902344
0.00027751922607421875
0.0005336999893188477
0.0002605915069580078
0.0003135204315185547
0.00033020973205566406
0.00041031837463378906
0.0002129077911376953
0.00024700164794921875
0.0002536773681640625
0.0003383159637451172
0.0002067089080810547
0.00024771690368652344
0.0003108978271484375
0.0003669261932373047
0.0002295970916748047
0.00042724609375
0.0003457069396972656
0.00032711029052734375
0.00032329559326171875
0.00045561790466308594
0.0002090930938720703
0.00041937828063964844
0.0002357959747314453
0.0005433559417724609
0.0005326271057128906
0.0002434253692626953
0.00031828880310058594
0.0002753734588623047
0.0002765655517578125
0.0003490447998046875
0.00037920475006103516
0.0002868175506591797
0.0003445148468017578
0.00021314620971679688
0.0004029273986816406
0.0002014636993408203
0.0002384185791015625
0.0003490447998046875
0.000209808349609375
0.00016546249389648438
0.00054931640625
0.0002944469451904297
0.0003075599670410156
0.00012612342834472656
0.0005953311920166016
0.0003192424774169922
0.0001785755157470703
0.00029659271240234375
0.0003714561462402344
0.0003376007080078125
0.0004055500030517578
0.00021409988403320312
0.00029909610748291016
0.00023412704467773438
0.00020051002502441406
0.0002524852752685547
0.0003008842468261719
0.0002868175506591797
0.00038552284240722656
0.00023126602172851562
0.00027108192443847656
0.000278472900390625
0.0001468658447265625
0.00036454200744628906
0.00043392181396484375
0.0003285408020019531
0.00047659873962402344
0.0003619194030761719
0.0002484321594238281
0.0004968643188476562
0.0002808570861816406
0.00042057037353515625
0.0003616809844970703
0.0004038810729980469
0.000331878662109375
0.0004050731658935547
0.0003154277801513672
0.0002224445343017578
0.00022220611572265625
0.00027298927307128906
0.0004107952117919922
0.0003712177276611328
0.00024509429931640625
0.0004489421844482422
0.00039505958557128906
0.00041294097900390625
0.00023174285888671875
0.00032401084899902344
0.0003542900085449219
0.000293731689453125
0.0003483295440673828
0.0001773834228515625
0.0007023811340332031
0.00017452239990234375
0.0002865791320800781
0.00022912025451660156
0.00023436546325683594
0.0001316070556640625
0.00045752525329589844
0.00033223628997802734
0.0003123283386230469
0.0002913475036621094
0.0003154277801513672
0.0002529621124267578
0.00033473968505859375
0.0003108978271484375
0.00023865699768066406
0.00035572052001953125
0.0003829002380371094
0.0005233287811279297
0.0003724098205566406
0.0003142356872558594
0.0003066062927246094
0.0002009868621826172
0.0003256797790527344
0.00024700164794921875
0.00028061866760253906
0.0004029273986816406
0.0006401538848876953
0.0002574920654296875
0.0003554821014404297
0.0003554821014404297
0.0003020763397216797
0.00024318695068359375
0.0004189014434814453
0.0002410411834716797
0.00040149688720703125
0.000335693359375
0.00015163421630859375
0.00027179718017578125
0.00035512447357177734
0.0005056858062744141
0.0003046989440917969
0.00025343894958496094
0.0004417896270751953
0.0002281665802001953
0.00032973289489746094
0.00027561187744140625
0.00036716461181640625
0.00024509429931640625
0.0002875328063964844
0.0002448558807373047
0.0003561973571777344
0.00035190582275390625
0.000377655029296875
0.00031757354736328125
0.00028228759765625
0.00042629241943359375
0.00022649765014648438
0.0001723766326904297
0.0003387928009033203
0.0002818107604980469
0.0005664825439453125
0.00033473968505859375
0.0003368854522705078
0.00020766258239746094
0.00021886825561523438
0.0003529787063598633
0.0003294944763183594
0.00037789344787597656
0.0002682209014892578
0.00035834312438964844
0.0002722740173339844
0.0002689361572265625
0.0003376007080078125
0.00022935867309570312
0.00024271011352539062
0.0003275871276855469
0.0002987384796142578
0.0004830360412597656
0.0003352165222167969
0.00037860870361328125
0.0003027915954589844
0.00034618377685546875
0.0002803802490234375
0.00040030479431152344
0.00026226043701171875
0.00043654441833496094
0.00026297569274902344
0.00043082237243652344
0.00043487548828125
0.0002110004425048828
0.00015425682067871094
0.00033736228942871094
0.0003619194030761719
0.0003299713134765625
0.00033020973205566406
0.00019478797912597656
0.00029778480529785156
0.0003371238708496094
0.00026917457580566406
0.00021791458129882812
0.0004913806915283203
0.00034987926483154297
0.0003063678741455078
0.00032401084899902344
0.0003960132598876953
0.00022101402282714844
0.00023365020751953125
0.00025725364685058594
0.00040912628173828125
0.0003304481506347656
0.00021076202392578125
0.00027871131896972656
0.0005254745483398438
0.00026917457580566406
0.0003192424774169922
0.000274658203125
0.0004112720489501953
0.00045228004455566406
0.00020623207092285156
0.00029468536376953125
0.0003886222839355469
0.0002884864807128906
0.00022673606872558594
0.0005526542663574219
0.0002722740173339844
0.00038814544677734375
0.0003960132598876953
0.00039076805114746094
0.0002884864807128906
0.00038242340087890625
0.0002124309539794922
0.00029659271240234375
0.0002429485321044922
0.00027942657470703125
0.0005159378051757812
0.0003528594970703125
0.0004489421844482422
0.0003528594970703125
0.0003857612609863281
0.0004239082336425781
0.00021004676818847656
0.00025200843811035156
0.0003447532653808594
0.00024580955505371094
0.0003876686096191406
0.0003974437713623047
0.00023031234741210938
0.00010800361633300781
0.0002231597900390625
0.0004591941833496094
0.00018644332885742188
0.0003961324691772461
0.00022649765014648438
0.0001952648162841797
0.00037860870361328125
0.00030541419982910156
0.0002751350402832031
0.00047779083251953125
0.00017690658569335938
0.0004904270172119141
0.0003821849822998047
0.0003199577331542969
0.00041413307189941406
0.00037407875061035156
0.0003876686096191406
0.00024008750915527344
0.0002524852752685547
0.0002582073211669922
0.0003509521484375
0.0002446174621582031
0.0002925395965576172
0.00023674964904785156
0.0002655982971191406
0.00042819976806640625
0.00032901763916015625
0.0002505779266357422
0.0003647804260253906
0.0002968311309814453
0.00027108192443847656
0.0002856254577636719
0.00026035308837890625
0.0004611015319824219
0.00040149688720703125
0.00035309791564941406
0.00038933753967285156
0.0002492666244506836
0.00028014183044433594
0.0002770423889160156
0.00030922889709472656
0.0001270771026611328
0.0004181861877441406
0.0002551078796386719
0.0002841949462890625
0.00030922889709472656
0.0003478527069091797
0.00022482872009277344
0.0004315376281738281
0.00031948089599609375
0.0002999305725097656
0.00035119056701660156
0.0002415180206298828
0.00021505355834960938
0.00029468536376953125
0.0004591941833496094
0.00022554397583007812
0.00030875205993652344
0.00029349327087402344
0.00018024444580078125
0.00024819374084472656
0.0002589225769042969
0.0002779960632324219
0.00031363964080810547
0.00039958953857421875
0.00033593177795410156
0.00040721893310546875
0.00032138824462890625
0.000247955322265625
0.00029468536376953125
0.00027751922607421875
0.0002923011779785156
0.0007548332214355469
0.0002510547637939453
0.0004246234893798828
0.00024366378784179688
0.00017070770263671875
0.00020575523376464844
0.0004000663757324219
0.0003781318664550781
0.0004665851593017578
0.00036025047302246094
0.00038504600524902344
0.0002281665802001953
0.00027179718017578125
0.0005657672882080078
0.000308990478515625
0.000263214111328125
0.00023698806762695312
0.00037467479705810547
0.0002391338348388672
0.0003070831298828125
0.00025200843811035156
0.00039768218994140625
0.0002720355987548828
0.00033664703369140625
0.00036263465881347656
0.0001785755157470703
0.00021219253540039062
0.0003457069396972656
0.0002636909484863281
0.0004239082336425781
0.00024127960205078125
0.0003733634948730469
0.000335693359375
0.00033593177795410156
0.00032258033752441406
0.00040149688720703125
0.00042629241943359375
0.0003211498260498047
0.0002155303955078125
0.00029754638671875
0.0005855560302734375
0.0001957416534423828
0.0002830028533935547
0.00047278404235839844
0.0003952980041503906
0.00035881996154785156
0.0004494190216064453
0.00027561187744140625
0.0003001689910888672
0.0002446174621582031
0.00020933151245117188
0.0003037452697753906
0.0003345012664794922
0.00034546852111816406
0.0002865791320800781
0.00041294097900390625
0.0003108978271484375
0.0004976987838745117
0.0002989768981933594
0.0002505779266357422
0.00030303001403808594
0.00029349327087402344
0.00022482872009277344
0.000316619873046875
0.00024080276489257812
0.0003528594970703125
0.0003364086151123047
0.00020956993103027344
0.00022482872009277344
0.0004322528839111328
0.0003075599670410156
0.0003376007080078125
0.00032639503479003906
0.0004887580871582031
0.0003306865692138672
0.0003554821014404297
0.0001628398895263672
0.00035643577575683594
0.0005638599395751953
0.0002510547637939453
0.00018310546875
0.00033545494079589844
0.00037407875061035156
0.0001747608184814453
0.0005259513854980469
0.00028324127197265625
0.0004000663757324219
0.00042939186096191406
0.0002014636993408203
0.0002701282501220703
0.00030994415283203125
0.0002346038818359375
0.0003399848937988281
0.00012350082397460938
0.0003180503845214844
0.0002727508544921875
0.000400543212890625
0.00038421154022216797
0.0002238750457763672
0.0003108978271484375
0.0002701282501220703
0.00024890899658203125
0.000370025634765625
0.0004591941833496094
0.00027179718017578125
