324.70353603363037
322.25245213508606
321.05861711502075
319.89659905433655
319.7781069278717
319.08040595054626
319.39424777030945
319.07215094566345
319.28820872306824
318.8803358078003
318.34260964393616
317.9923794269562
317.63913202285767
302.631543636322
262.64980697631836
231.61374461650848
222.66506016254425
193.78948426246643
147.95057463645935
131.4179756641388
103.76626145839691
95.92043420672417
83.61157241463661
75.98403337597847
63.60635757446289
61.76658782362938
51.68532255291939
38.47555857896805
40.62669187784195
44.16481330990791
55.567981988191605
49.70050731301308
38.12845504283905
40.30913680791855
28.226440101861954
23.239916115999222
37.56708228588104
24.927132159471512
27.61967182159424
14.298830419778824
29.633563607931137
9.691073268651962
30.866443902254105
11.170751929283142
17.62651014328003
29.502944588661194
27.82892796397209
27.999486804008484
7.900448977947235
19.060493171215057
7.896967828273773
6.306981921195984
23.23257538676262
18.277331918478012
8.071633994579315
17.366239219903946
22.52390256524086
35.01043978333473
23.9026098549366
20.16482186317444
43.06763228774071
18.03777614235878
48.46526384353638
57.59955611824989
27.389461189508438
18.12971591949463
27.260959446430206
28.810722440481186
21.075156539678574
13.844816267490387
6.293548107147217
7.662462115287781
9.668536365032196
42.63685756921768
17.69136470556259
21.668657809495926
22.117562174797058
39.782301515340805
20.775452464818954
11.075700461864471
14.074616998434067
23.823873907327652
19.41082736849785
9.906057566404343
27.352071344852448
30.946997076272964
14.402582287788391
48.299433797597885
190.81624084711075
52.007880091667175
20.4801025390625
15.137945771217346
39.1873919069767
36.19574335217476
49.6499365568161
77.51672437787056
62.083104342222214
36.52192762494087
54.320344775915146
53.03248369693756
27.278937816619873
54.16136157512665
74.70380312204361
13.708796679973602
14.8224578499794
13.48982360959053
20.40390446782112
23.201475858688354
16.729174226522446
37.98468887805939
109.00237786769867
68.93719252943993
23.317199230194092
9.96035686135292
14.142655968666077
9.383830904960632
20.354780852794647
18.310753345489502
31.826349198818207
24.554610162973404
12.566843003034592
18.057333156466484
10.705738753080368
30.294339150190353
6.552081644535065
28.199902176856995
31.731097489595413
29.274977385997772
24.403152972459793
14.571833193302155
34.16721612215042
7.7397800385952
20.03252938389778
12.50582554936409
49.998978048563
27.91070106625557
15.919470965862274
35.53831163048744
78.93770721554756
30.38786092400551
20.21773064136505
14.44642424583435
26.457258760929108
21.721598997712135
23.221444457769394
47.24883088469505
34.99940910935402
17.991232722997665
5.105361491441727
9.964421093463898
16.169704914093018
8.39086127281189
17.412982374429703
45.5829875767231
18.50416511297226
40.93801975250244
57.673983097076416
29.70807707309723
41.038550704717636
8.713569223880768
5.648769199848175
28.29047679901123
28.95668351650238
32.528392761945724
17.571923404932022
20.020787477493286
51.029903054237366
99.37599754333496
16.49615788459778
11.424084112048149
16.396385312080383
22.110802173614502
18.49007138609886
8.012282937765121
35.79454207420349
64.16115114092827
33.284408554434776
12.018158167600632
10.781623423099518
34.09271451830864
6.413616895675659
11.05489581823349
17.08060133457184
38.75438269972801
11.360951781272888
49.01354417204857
35.49782033264637
15.320766925811768
8.10967130959034
4.742809742689133
2.49003928899765
34.22759371995926
31.366241931915283
101.94456654787064
65.74817836284637
21.29528483748436
41.58520868420601
34.06717440485954
28.21876299381256
54.67448487877846
62.12962120771408
98.77801468968391
26.852939903736115
54.89200696349144
22.50708992779255
38.483563765883446
28.962450116872787
10.262837067246437
9.638679534196854
9.223285257816315
23.99563556909561
58.04085698723793
68.6354452073574
115.46646711230278
88.00117522478104
33.805495381355286
49.9208607673645
67.66470405459404
27.667674839496613
21.353436797857285
27.253219693899155
47.89479549229145
106.07188993692398
33.20038661360741
42.77598160505295
21.237790644168854
14.855758085846901
49.865110009908676
21.739281743764877
29.135369926691055
4.670420348644257
4.7974860072135925
3.1850454807281494
14.803085952997208
103.66591089963913
298.05119758844376
71.00157696008682
23.097291842103004
21.534428104758263
3.7204892933368683
29.469968140125275
33.0702460706234
32.46770916879177
41.70096555352211
37.36920699477196
16.56236806511879
16.970963269472122
25.412732988595963
23.092769235372543
58.312317579984665
21.10626769065857
24.11401191353798
9.694529086351395
19.31505262851715
12.973658680915833
79.28060281276703
86.89050906896591
73.69564560055733
49.40007558465004
121.23762434720993
34.00313252210617
25.08415162563324
42.14729556441307
50.454347252845764
36.50369533896446
42.90212048590183
179.90199929475784
73.97942557930946
71.66134035587311
46.908052146434784
23.362335056066513
51.16630561649799
67.94680792093277
44.334536507725716
25.509538024663925
4.77965247631073
18.352913215756416
35.37982940673828
81.92674669623375
64.7569810450077
33.75706294178963
57.2946483194828
257.3158573806286
318.59730315208435
234.31703954935074
322.4304053783417
321.6261429786682
320.7224090099335
321.5466356277466
319.29643964767456
318.91954946517944
319.3784251213074
319.01054549217224
319.17874550819397
318.9819481372833
319.33775520324707
318.7490153312683
319.06430196762085
318.70784282684326
318.88289976119995
318.96364307403564
319.220587015152
318.4966263771057
318.83901286125183
318.3522217273712
318.9229989051819
318.72405099868774
318.94217228889465
319.12931776046753
318.9946413040161
318.2419626712799
318.37488555908203
318.9037837982178
318.16852712631226
318.63077044487
318.60220098495483
318.81960582733154
318.8183927536011
318.27718782424927
318.18608498573303
317.9126615524292
318.4616312980652
318.71456360816956
318.6891372203827
318.3301844596863
318.303857088089
318.0752613544464
317.97085094451904
318.5839660167694
318.7493860721588
318.7390458583832
318.31926918029785
318.4958896636963
318.13189673423767
317.8113577365875
318.4506685733795
318.4884309768677
318.8342230319977
318.06817626953125
318.09358382225037
318.1694424152374
318.1862578392029
318.44665122032166
318.40543007850647
318.34056091308594
318.34839510917664
318.508154630661
318.4477756023407
317.8700454235077
318.65502667427063
318.31863474845886
318.46566009521484
318.14850997924805
318.2737064361572
317.79485607147217
318.03083062171936
318.08116722106934
317.99356341362
317.86766290664673
317.9548532962799
318.26975536346436
317.9699263572693
318.2279634475708
318.0366578102112
318.18008852005005
318.4413366317749
317.788259267807
317.76809310913086
318.24815487861633
318.0232152938843
318.31310534477234
318.488728761673
318.5614802837372
318.0325677394867
318.11605429649353
317.9875535964966
318.14564633369446
317.93453216552734
318.0752577781677
318.1892557144165
317.91761684417725
318.3670382499695
317.7496166229248
318.8762083053589
318.1912989616394
318.0965805053711
318.00366020202637
317.8143208026886
317.69647693634033
318.4232711791992
318.2467691898346
317.76697397232056
318.2253131866455
318.184547662735
317.97919607162476
317.99645948410034
317.79181599617004
318.08469915390015
318.1918568611145
318.11265754699707
318.3126645088196
318.42639684677124
318.02829027175903
317.88557624816895
318.48869252204895
317.7758250236511
318.13527822494507
317.328022480011
317.7203116416931
318.10716581344604
318.26778388023376
317.87286281585693
318.0018436908722
317.7213525772095
318.2021644115448
317.7992515563965
317.9984941482544
318.030259847641
318.2703466415405
317.9068069458008
318.3651683330536
317.8392436504364
318.53188729286194
318.2570676803589
318.02478432655334
317.60415053367615
318.0844933986664
317.86089754104614
317.81430435180664
317.7740123271942
317.63814878463745
317.40903091430664
318.5557713508606
318.0675702095032
318.06723737716675
317.3651657104492
318.08411836624146
318.3636610507965
318.0790333747864
318.49795150756836
317.7729365825653
317.86505937576294
318.35032415390015
318.4269769191742
317.92059564590454
317.8350749015808
318.0068187713623
317.9280822277069
318.15544724464417
317.723228931427
318.1695508956909
317.9527909755707
317.339962720871
318.2122483253479
317.98608803749084
318.0936622619629
317.8155505657196
317.994784116745
318.3728058338165
318.01275634765625
318.20116353034973
317.8035864830017
317.8908429145813
318.06427669525146
317.9430801868439
317.6797523498535
317.7903718948364
317.85288310050964
317.8426957130432
317.68674206733704
317.6161835193634
317.46160364151
318.25856375694275
318.0482647418976
317.71523809432983
317.7472574710846
317.8617088794708
318.27196049690247
317.9231827259064
317.87832164764404
317.1386706829071
318.11366629600525
317.80650639533997
317.6425852775574
317.93754959106445
318.142954826355
317.6899025440216
317.5200469493866
318.3461434841156
318.13816952705383
317.38175439834595
318.2232754230499
317.8134181499481
318.16146898269653
318.2539563179016
317.7174160480499
317.77778363227844
318.1710681915283
317.77797627449036
317.71573781967163
317.78491473197937
317.39661026000977
318.6682527065277
318.0632789134979
317.86135840415955
317.80855226516724
318.1467158794403
317.5904037952423
317.90106749534607
318.45798420906067
317.7654197216034
317.6564271450043
317.87277030944824
318.0667564868927
318.14482498168945
317.6514902114868
317.7159073352814
317.5506715774536
317.9361391067505
317.9793746471405
318.11800169944763
318.215528011322
317.75387740135193
317.9482419490814
318.0830669403076
317.99294900894165
318.0574960708618
318.02370715141296
318.23966240882874
317.71846199035645
317.6393446922302
317.84798789024353
317.9289846420288
317.2220661640167
317.5760283470154
318.1455864906311
317.83700251579285
318.13172698020935
317.9150552749634
317.57826566696167
317.5384681224823
318.0397353172302
317.73336911201477
317.9537069797516
317.61072063446045
318.0070216655731
317.86775827407837
317.74763655662537
317.9331142902374
318.01846981048584
318.1490125656128
317.8318281173706
317.82034707069397
317.7296042442322
317.5071475505829
317.68916416168213
318.1764464378357
317.6769142150879
317.93278408050537
317.683721780777
317.8685767650604
318.1284956932068
317.5004448890686
317.99951100349426
317.847136259079
317.69691824913025
317.87466835975647
317.80197048187256
317.6384575366974
318.14985179901123
317.73197054862976
318.1629524230957
317.6326768398285
318.0013508796692
317.82261657714844
317.7971160411835
318.1045038700104
317.84506464004517
317.60257601737976
317.9323949813843
317.6266875267029
317.92246413230896
318.0172300338745
317.50075793266296
317.5888147354126
317.697922706604
317.8301947116852
317.7588634490967
317.5256562232971
317.3851776123047
317.9429531097412
318.10845732688904
318.08688473701477
317.65171003341675
318.104754447937
317.50594329833984
317.88451409339905
317.94133138656616
317.4352548122406
317.779812335968
317.58090138435364
317.8798406124115
317.7788965702057
317.74266052246094
318.19393849372864
317.92269134521484
318.06243681907654
318.11418986320496
318.00574469566345
317.93692922592163
317.65093755722046
318.01631259918213
318.0367395877838
317.8553864955902
317.5141716003418
317.690584897995
317.8127121925354
317.62282490730286
318.240962266922
318.04533553123474
317.8214852809906
317.72012972831726
317.66836047172546
317.8167390823364
317.73119831085205
317.7828712463379
317.49764800071716
317.7426390647888
317.85423851013184
317.6355154514313
318.1194279193878
318.02245926856995
318.25439190864563
317.60916686058044
317.68373250961304
317.83536314964294
317.6932075023651
317.97328329086304
317.6798994541168
318.04050374031067
317.82934975624084
317.6758177280426
317.66326212882996
317.654580116272
317.75139260292053
317.8261651992798
317.60826539993286
317.9960443973541
317.8486912250519
317.7353937625885
318.0934019088745
317.8665852546692
317.65348386764526
317.95201349258423
318.3907427787781
318.0858190059662
316.8987340927124
317.68910217285156
317.8945903778076
317.6517245769501
317.94056940078735
317.6622669696808
317.4832830429077
317.4920370578766
317.6521565914154
317.9323191642761
317.6895363330841
317.46297335624695
318.0619204044342
318.08246541023254
317.71228528022766
317.43835282325745
317.9371020793915
317.79950284957886
318.39532136917114
317.9541206359863
317.8198299407959
317.5699574947357
317.6281530857086
317.991996049881
317.6505708694458
317.66979217529297
317.98304653167725
317.50478768348694
317.6883747577667
317.70824909210205
317.5012631416321
318.0529019832611
318.3525104522705
318.229110956192
318.162171125412
317.62193059921265
317.8576784133911
317.5888822078705
318.21579098701477
317.98288798332214
317.7901666164398
317.8953187465668
317.2802014350891
317.39100885391235
317.94394302368164
317.66182708740234
317.55412244796753
317.5986919403076
317.8909592628479
317.7438819408417
317.630966424942
317.89321517944336
317.5882086753845
317.8286018371582
317.3841474056244
318.22387313842773
317.9422163963318
317.6717357635498
317.78449511528015
317.8134334087372
317.7608914375305
317.44955253601074
318.00657844543457
318.0555593967438
317.675155878067
317.5633137226105
317.9407305717468
317.7828691005707
317.82230496406555
317.4930148124695
317.9158606529236
317.61676049232483
317.4895164966583
317.05701756477356
317.4203336238861
317.8022105693817
317.5284605026245
317.56330919265747
318.0036129951477
317.9138193130493
317.87627601623535
317.3763165473938
318.1647071838379
318.2763569355011
317.5986657142639
317.7818286418915
317.97222232818604
318.060476064682
317.7892892360687
317.7913591861725
318.11660170555115
317.91907572746277
318.0893051624298
317.7358877658844
317.6827836036682
317.81979727745056
317.7654504776001
317.70393347740173
317.7132058143616
317.8825912475586
318.21448254585266
317.54332756996155
317.4457814693451
317.89433455467224
317.7169063091278
317.6068890094757
317.8108985424042
317.8707559108734
317.6306257247925
317.5784800052643
317.7744195461273
317.6513090133667
317.6320743560791
317.6580171585083
317.97298860549927
317.306449174881
318.2610080242157
317.4017114639282
317.9058287143707
317.6334285736084
317.7025716304779
317.4500160217285
318.01490449905396
317.6945140361786
318.01159048080444
318.05929040908813
317.8354654312134
317.5726170539856
317.42904329299927
317.45349383354187
318.03371262550354
317.56417202949524
317.8735086917877
317.92832016944885
317.7751524448395
317.6415424346924
317.7976179122925
317.36148166656494
317.47100710868835
318.67709589004517
317.64704990386963
317.45757007598877
317.93593406677246
317.54364705085754
317.6073331832886
317.50439381599426
317.90535068511963
317.8616244792938
318.1545271873474
318.0168426036835
317.9044303894043
317.5315217971802
317.7665681838989
317.56510043144226
317.85394191741943
318.08905720710754
317.6371750831604
317.4651708602905
317.80558943748474
317.8685963153839
317.4527621269226
317.70628213882446
317.3638677597046
317.6719079017639
317.7456066608429
317.65389251708984
318.38322401046753
317.68235039711
317.5492880344391
317.34442496299744
317.5386736392975
318.3151423931122
317.5899918079376
317.9139084815979
317.35524320602417
317.13918018341064
317.75646018981934
317.5171251296997
318.22059440612793
317.9444727897644
317.7700500488281
317.97236824035645
318.2629060745239
317.97838973999023
317.51022005081177
318.0587532520294
317.39138531684875
317.6235613822937
318.42745447158813
317.4230992794037
317.72166442871094
317.7636044025421
317.59016513824463
317.86435198783875
317.6902494430542
318.3552973270416
317.8551769256592
317.65919971466064
317.7522325515747
317.7088623046875
317.6962323188782
317.29171204566956
317.50324845314026
317.61622190475464
317.8814694881439
317.74651432037354
317.8241934776306
317.90573477745056
317.61076068878174
317.7317883968353
317.9058299064636
317.96733570098877
317.9627478122711
317.74252343177795
317.5782928466797
317.7242968082428
318.0866916179657
318.05224084854126
317.63337683677673
317.2882709503174
317.97766184806824
317.37776589393616
317.446076631546
317.5187554359436
317.53306913375854
317.6911470890045
317.43352913856506
318.14096999168396
317.92939376831055
317.67488622665405
317.4156243801117
317.7288932800293
317.70185017585754
318.2399537563324
317.70576000213623
317.8369779586792
318.10931944847107
317.81682538986206
317.90626192092896
317.49958872795105
317.92544889450073
317.69273138046265
317.5138201713562
317.6961817741394
317.61186146736145
317.1645131111145
317.7471070289612
317.535706281662
317.92587184906006
317.85033988952637
317.7631893157959
317.58660221099854
317.93528962135315
317.7897961139679
317.8154137134552
317.83535504341125
317.8134648799896
317.70875668525696
317.4600353240967
317.75457668304443
317.45792269706726
317.7643804550171
317.7313451766968
317.6195125579834
317.8603370189667
318.1224412918091
317.679899930954
317.45789766311646
317.59324645996094
317.5067160129547
318.1010491847992
317.8124132156372
317.67571234703064
317.61155462265015
317.86965012550354
317.70332384109497
317.5289304256439
318.1455228328705
317.7628471851349
317.65578842163086
317.62971472740173
317.69588565826416
317.89059376716614
317.3318645954132
317.6189057826996
317.6266131401062
318.0889813899994
317.8480758666992
317.962082862854
317.6674654483795
317.9531090259552
317.1883294582367
317.7216670513153
317.52790784835815
317.6623351573944
317.888343334198
317.5015654563904
317.75089716911316
317.87591576576233
317.61037707328796
317.41416454315186
317.78843355178833
317.44538402557373
318.12126088142395
318.0028851032257
318.03135681152344
317.96472907066345
317.34853982925415
317.8355221748352
317.3615937232971
317.89476680755615
317.6625120639801
317.67043471336365
317.99375462532043
317.76923632621765
317.53177547454834
317.3193724155426
317.8425374031067
317.40884494781494
317.4297857284546
317.8150227069855
317.65863275527954
318.27628564834595
317.78907561302185
317.34492802619934
318.18207716941833
317.46437788009644
317.9486572742462
317.59404158592224
317.92473459243774
317.83411955833435
317.54788422584534
317.75468730926514
317.5244610309601
317.89634919166565
317.5519332885742
317.7295231819153
317.7902753353119
317.57057785987854
317.4551010131836
317.8870368003845
317.5487325191498
317.91080141067505
317.2142343521118
317.66348004341125
318.1562433242798
317.61432123184204
318.28393054008484
317.51922035217285
317.48997163772583
317.99257612228394
317.7131564617157
317.6126432418823
317.9591209888458
317.79833030700684
317.9141454696655
318.3958466053009
317.07339692115784
317.81537914276123
317.62831354141235
317.80990290641785
317.78439950942993
317.57796907424927
317.6890432834625
317.40708565711975
317.73897910118103
317.29523849487305
317.29345297813416
317.7365539073944
317.64946150779724
317.8603935241699
317.6529018878937
317.7926127910614
317.4767529964447
317.9942698478699
317.4524495601654
317.95007061958313
317.6112561225891
318.0129408836365
317.81464171409607
317.6381072998047
317.96315455436707
317.3529543876648
317.6896846294403
317.77759313583374
317.46966338157654
317.4112482070923
317.5449116230011
317.7021300792694
317.9713044166565
317.875554561615
317.91204500198364
317.7561628818512
317.4680140018463
317.5967915058136
318.2265064716339
318.01728415489197
318.0561580657959
317.33616948127747
317.57628440856934
317.9629111289978
317.90784525871277
317.8382511138916
317.3704352378845
317.8427186012268
317.9901900291443
317.4801547527313
317.88183546066284
317.41148257255554
317.75013875961304
318.0852918624878
317.7384898662567
317.6849875450134
317.9274182319641
317.6167211532593
317.35112047195435
317.33591532707214
317.47093892097473
317.2269546985626
317.49833059310913
317.7096073627472
318.2900002002716
317.60794377326965
317.91150665283203
318.020170211792
317.83280658721924
318.03172755241394
317.42310762405396
317.5633237361908
317.55022525787354
317.79389691352844
318.0468690395355
317.7054080963135
317.63760018348694
317.2421865463257
317.3908202648163
317.6105511188507
317.2630183696747
317.7991032600403
317.0878505706787
317.758624792099
317.94426226615906
317.648558139801
317.90896940231323
317.98695492744446
317.5283131599426
318.12919878959656
317.84370589256287
317.89411973953247
317.78391313552856
317.9505739212036
318.168518781662
317.7889828681946
317.86212038993835
317.7251617908478
317.3373672962189
317.7522192001343
317.7714579105377
318.08118295669556
317.68261647224426
317.43988013267517
317.5398979187012
317.50615787506104
317.60457038879395
317.72308444976807
317.9330806732178
317.4300196170807
317.27292132377625
317.79395389556885
317.29074215888977
317.86920261383057
317.8434753417969
318.00565910339355
317.6446783542633
317.7040066719055
317.57718205451965
317.89720582962036
317.97784304618835
317.43365502357483
317.8160309791565
317.44436621665955
317.99470710754395
317.596586227417
317.7449495792389
317.34708070755005
317.87245178222656
317.5218274593353
317.7362868785858
317.85260105133057
317.44342494010925
317.80973410606384
318.04059982299805
317.58554887771606
317.8001637458801
317.5425283908844
317.76253151893616
317.8272473812103
318.1263077259064
317.6704556941986
317.66271686553955
317.2824628353119
317.333110332489
317.51121068000793
317.68524980545044
318.0862035751343
317.9171850681305
317.5762016773224
317.5351130962372
317.9439768791199
317.6137475967407
317.42877078056335
317.9315857887268
317.27220249176025
318.05107736587524
317.7459454536438
317.55545711517334
317.7804346084595
317.82177567481995
317.75492429733276
317.8069396018982
317.86303305625916
317.580109834671
317.76297974586487
317.83197951316833
317.7672379016876
317.321227312088
317.5443904399872
318.0028827190399
317.6155514717102
317.77785086631775
317.2813482284546
317.6748151779175
318.156699180603
317.836740732193
317.974360704422
318.2235195636749
317.4109892845154
317.95800256729126
317.9681363105774
317.7240250110626
317.4246847629547
317.83831572532654
317.70157408714294
317.2549033164978
317.58392906188965
317.81236481666565
317.5604169368744
317.70002365112305
318.3705298900604
318.18088150024414
317.8686776161194
317.9267387390137
317.87813782691956
317.2884922027588
317.3322913646698
317.5636386871338
317.66754817962646
317.5682415962219
317.4941577911377
318.11487793922424
317.67247581481934
317.5905351638794
317.7371201515198
317.3505938053131
317.97501850128174
317.304705619812
317.399133682251
317.29177165031433
318.0119893550873
317.5959270000458
317.94761896133423
317.86986923217773
317.72300720214844
317.34769320487976
317.8691704273224
317.77054929733276
317.5481605529785
317.728378534317
317.45188212394714
317.1995475292206
317.4167368412018
317.7556777000427
317.74723744392395
317.15419602394104
318.0683345794678
317.74538946151733
318.01226782798767
317.62718629837036
317.8211317062378
317.789897441864
317.71039748191833
317.4634304046631
317.66944670677185
317.64392709732056
317.9160838127136
317.80128717422485
317.7799196243286
317.9003007411957
317.8190109729767
317.5660810470581
317.86484360694885
317.4891285896301
318.01746797561646
317.81563234329224
317.716596364975
317.2645950317383
317.88485741615295
317.3896417617798
317.79292392730713
317.6214587688446
317.653137922287
317.7441132068634
317.64018273353577
317.79901218414307
317.72394490242004
318.15379214286804
317.922367811203
317.3593854904175
317.1573989391327
317.63824915885925
317.86010003089905
318.1570611000061
317.69256830215454
317.6920807361603
318.02669310569763
317.4195098876953
317.74207949638367
317.47156596183777
317.82842922210693
317.8984398841858
317.58818674087524
317.5171854496002
317.99454975128174
317.43954205513
317.29717779159546
317.5939450263977
317.76950907707214
317.5888555049896
317.59947872161865
317.6806888580322
318.0134234428406
317.9374258518219
317.79274702072144
317.622442483902
317.8363699913025
317.51567101478577
317.66858553886414
317.6459460258484
317.5608870983124
317.6494596004486
317.9540505409241
317.6402108669281
318.1719391345978
317.67177081108093
317.47686195373535
317.33815813064575
317.6696045398712
317.8595540523529
317.516254901886
317.8133659362793
317.76223063468933
317.4328863620758
317.9224691390991
317.56110072135925
317.7294776439667
317.69052958488464
317.5540237426758
317.3351423740387
317.765362739563
317.65000557899475
317.85410046577454
317.0651664733887
317.47658228874207
317.30697226524353
317.63294506073
317.78378534317017
318.0844569206238
317.6142420768738
317.61321568489075
317.97076296806335
317.261372089386
317.6138970851898
318.0260262489319
317.58120346069336
317.7772285938263
318.1267468929291
317.78421235084534
317.1996967792511
318.0676500797272
317.7424283027649
317.4106676578522
317.805513381958
317.77724623680115
317.81749272346497
317.7630591392517
317.8057267665863
317.41170740127563
317.9333143234253
318.30012226104736
317.8287498950958
317.48138427734375
317.29998660087585
317.66960096359253
317.5709192752838
317.2521605491638
317.57583928108215
317.481388092041
317.3907210826874
317.8781683444977
317.6377069950104
317.68986201286316
317.5284671783447
317.6081557273865
317.51279854774475
317.8697872161865
317.8082685470581
317.5849394798279
318.0182204246521
317.48815393447876
317.8837242126465
317.9901294708252
317.83888006210327
317.7161862850189
317.4479703903198
317.6610894203186
317.8549461364746
317.4316053390503
318.15699911117554
317.7215664386749
317.57177090644836
317.7000045776367
317.89584589004517
317.7324290275574
317.397581577301
318.1167857646942
317.9541566371918
317.6273753643036
317.4905664920807
318.11172747612
317.34014892578125
317.5367569923401
317.667268037796
317.41472911834717
317.916695356369
317.94045662879944
317.3864514827728
317.3612563610077
318.1699171066284
317.5143287181854
317.715204000473
317.7381863594055
317.75304675102234
317.72978687286377
317.89786887168884
317.7738621234894
317.89302706718445
317.3094394207001
318.26459217071533
317.6168067455292
317.77880859375
317.6173257827759
317.6497836112976
317.6475582122803
317.37773060798645
317.42048358917236
317.51882457733154
317.58079767227173
317.7137939929962
318.67032504081726
317.6520187854767
317.6159884929657
317.13788628578186
317.3807563781738
317.7950265407562
317.43487668037415
317.26807403564453
317.86457872390747
317.7558059692383
317.95560216903687
317.37745904922485
317.4164090156555
317.26197504997253
318.0103554725647
317.4566490650177
317.50131392478943
317.75142121315
317.7553782463074
318.026522397995
317.5723605155945
317.51848125457764
317.6517324447632
317.46610593795776
317.7158098220825
318.09828329086304
317.6387939453125
318.24903535842896
317.44749999046326
317.9211690425873
317.8180296421051
317.5420114994049
317.76849269866943
317.4560327529907
317.74188137054443
318.1603727340698
317.6897323131561
317.7711763381958
317.31439876556396
317.42979669570923
317.404372215271
317.8777575492859
317.70830726623535
317.2613594532013
317.7922396659851
317.71302008628845
317.9183740615845
318.1691024303436
318.40796184539795
317.72344064712524
317.59001183509827
318.13273191452026
317.3713028430939
317.6015639305115
317.468337059021
317.348965883255
317.9119577407837
317.6410403251648
317.96295166015625
317.346488237381
317.6103253364563
317.9302759170532
317.5642011165619
317.91278076171875
317.3092987537384
317.66315937042236
317.20859003067017
317.888578414917
317.9403426647186
317.9339973926544
317.7819950580597
317.6869463920593
317.55260014533997
317.9782989025116
317.7767071723938
317.64062786102295
317.76475501060486
318.0840187072754
318.25099539756775
317.59194827079773
317.58862018585205
317.5822432041168
317.9708950519562
317.7248947620392
317.25885796546936
317.93822956085205
317.67167353630066
317.698162317276
317.62296962738037
317.51819825172424
317.62907218933105
317.38726353645325
317.83096170425415
317.59113788604736
317.6512019634247
317.25357842445374
317.6977868080139
317.36919593811035
318.00489139556885
317.6275918483734
317.7594168186188
317.43536472320557
317.944961309433
317.5652515888214
318.0171844959259
317.46933460235596
317.86434984207153
317.5695161819458
317.6686155796051
318.1573886871338
317.2900378704071
317.8109178543091
317.83331298828125
317.8890149593353
317.7205262184143
317.89532494544983
317.6831645965576
317.6269021034241
317.1932907104492
318.0360448360443
317.43124532699585
318.14370584487915
317.42325711250305
317.797194480896
317.661260843277
317.8900320529938
317.81002950668335
317.7299201488495
317.9617841243744
317.7164990901947
317.8494119644165
317.7500169277191
317.6761736869812
317.1721782684326
317.65765500068665
317.15243315696716
317.96110916137695
317.4660630226135
317.69776153564453
317.21832156181335
317.3218514919281
317.7868449687958
318.2830693721771
317.51346826553345
317.6592381000519
317.5166838169098
317.28868865966797
317.4269289970398
317.75076484680176
317.7741322517395
317.5393750667572
317.5277132987976
317.71114230155945
317.71214962005615
317.44603180885315
318.2562210559845
318.0734167098999
317.60142827033997
317.5549991130829
317.588506937027
317.84007453918457
317.7572212219238
317.60997104644775
317.6464924812317
318.14298582077026
317.9220201969147
317.2941370010376
318.06597995758057
318.0690541267395
317.81354236602783
317.53064370155334
317.19924092292786
317.46494722366333
317.63128423690796
317.2298309803009
317.8224506378174
317.7408673763275
317.9451105594635
317.99523091316223
317.58171248435974
317.18377804756165
317.6731638908386
318.2006924152374
318.03855538368225
317.75272846221924
317.49903297424316
317.33686876296997
317.5996673107147
317.7381088733673
317.5878632068634
317.8253655433655
317.83116602897644
317.800089597702
317.5105743408203
317.6182441711426
317.51398491859436
318.041522026062
317.91580629348755
317.47008442878723
317.5570619106293
317.7604660987854
317.94911766052246
317.2334818840027
317.934939622879
317.3914415836334
317.92876863479614
317.5963542461395
317.614461183548
317.4542005062103
317.32437014579773
317.54542779922485
317.14139890670776
317.9757127761841
317.8232901096344
317.2583770751953
317.750937461853
318.15412855148315
317.80447697639465
317.7315368652344
317.6038806438446
317.52070689201355
317.7041952610016
317.7781891822815
317.5696077346802
317.54577136039734
318.0633432865143
318.30138421058655
317.9777913093567
317.6897928714752
317.4206612110138
318.1193721294403
317.8464698791504
317.1706132888794
317.62284302711487
317.3873493671417
317.46864223480225
317.5262134075165
317.887491941452
317.697630405426
317.8222773075104
317.6948068141937
317.68840980529785
317.39159893989563
317.4614255428314
317.7222306728363
317.621702671051
318.02361536026
317.4838397502899
317.40623140335083
317.98634910583496
317.8493752479553
317.6782524585724
317.6047246456146
317.21663761138916
317.46735167503357
317.65423941612244
317.8058612346649
317.33209109306335
317.6277914047241
317.3864498138428
317.7172386646271
317.3596680164337
317.6905429363251
317.6810052394867
317.8912184238434
317.71368885040283
318.043416261673
317.5481152534485
317.73537492752075
317.83255982398987
317.74933791160583
318.0387690067291
317.90971660614014
317.74538826942444
317.8709468841553
317.76225066185
