324.34020829200745
320.9777309894562
321.18273639678955
319.3078098297119
319.0688569545746
319.087149143219
318.70593070983887
318.844952583313
319.460595369339
318.83803820610046
319.3579514026642
318.49935722351074
318.77629351615906
319.0573148727417
319.0652205944061
319.1470708847046
319.2331578731537
318.7434389591217
318.5510356426239
316.83099341392517
313.0058157444
318.2836022377014
318.84906911849976
317.76841616630554
294.89367175102234
256.7706204652786
235.39377748966217
213.45705950260162
215.61023664474487
173.15190422534943
166.26753789186478
177.47857549786568
178.11643415689468
230.88245809078217
165.9268302321434
147.5708608031273
150.8915890455246
160.23593151569366
220.5470348596573
181.24717873334885
166.33170729875565
172.87351137399673
134.318848580122
126.69463002681732
143.2532421350479
161.360346108675
135.7270867228508
216.54407984018326
138.40486153960228
115.27728614211082
113.2452751994133
109.86107018589973
119.53452834486961
123.75001579523087
160.36145451664925
123.9222437441349
111.36783421039581
146.39307549595833
250.5906491279602
320.0206904411316
319.0349380970001
318.52380990982056
319.19715428352356
318.4723994731903
318.2399456501007
318.16941237449646
318.68621277809143
318.2198386192322
319.3857307434082
317.58428859710693
318.8749544620514
319.01270484924316
318.54187536239624
317.7373950481415
319.11930322647095
318.3169186115265
318.7146291732788
318.3017141819
319.15654706954956
317.9887914657593
318.51227736473083
318.58705019950867
318.1621210575104
318.4193289279938
317.7501230239868
318.21616220474243
318.59144353866577
318.34398579597473
317.511381149292
318.648020029068
318.1200501918793
318.47155928611755
317.7627155780792
318.5349612236023
318.0558798313141
318.34202766418457
318.2244682312012
318.6508889198303
318.37183022499084
318.4020764827728
318.09810757637024
318.83133578300476
317.97403359413147
318.17198157310486
318.5829846858978
317.6993248462677
318.38223910331726
318.28457975387573
317.9992411136627
317.86280250549316
318.56431317329407
317.7166087627411
317.0416567325592
318.6310844421387
318.14131784439087
317.8184781074524
318.6517913341522
317.92644572257996
318.1364645957947
318.23274517059326
318.3156063556671
318.58701848983765
317.9024701118469
318.71412777900696
318.414009809494
318.0278489589691
317.78648257255554
317.9581549167633
318.29213786125183
318.24746561050415
318.1981837749481
318.20680975914
317.6702890396118
317.8404667377472
317.75052309036255
317.9396846294403
317.90461897850037
318.1880912780762
318.6992256641388
318.0668315887451
318.35684037208557
317.66799426078796
318.34455490112305
318.04626202583313
317.8680019378662
318.3691883087158
317.9789810180664
318.32611203193665
318.1033527851105
318.8907685279846
317.81013107299805
317.9853367805481
318.35549664497375
318.0514488220215
318.11873483657837
317.77421021461487
318.09624791145325
318.207159280777
317.23944640159607
317.64021587371826
318.6132984161377
317.9075472354889
318.28116059303284
317.63726711273193
317.90447664260864
317.95358180999756
317.64374136924744
318.0661346912384
318.44458293914795
317.32122921943665
318.5586919784546
317.7959580421448
317.8133580684662
318.2923560142517
317.78950786590576
318.0016052722931
317.84788179397583
318.04701495170593
318.13088178634644
317.63491010665894
317.6377754211426
317.3804421424866
318.15760612487793
318.34004521369934
318.0102825164795
318.24171257019043
318.128036737442
317.7694330215454
318.3676702976227
318.1642835140228
318.5298321247101
317.78733491897583
318.12407302856445
317.9712860584259
318.0317554473877
317.6162383556366
317.57305455207825
317.8640184402466
318.2589659690857
318.4621844291687
317.91046142578125
317.75338554382324
318.0487849712372
318.5563027858734
318.05594992637634
317.68989276885986
317.94735193252563
318.30355620384216
317.5421497821808
318.2184479236603
317.8874077796936
318.37365078926086
317.5756483078003
318.32900190353394
318.0146551132202
317.775297164917
317.5775318145752
317.9415957927704
317.43501830101013
318.61213541030884
318.16921830177307
317.64048957824707
318.6681180000305
317.9193549156189
318.2412950992584
318.26195216178894
318.0829932689667
317.75170373916626
318.31154561042786
318.12564182281494
318.01656556129456
317.7049286365509
317.35880494117737
318.221786737442
317.93167424201965
318.2177290916443
317.7896089553833
317.6705148220062
317.5738470554352
318.13018345832825
317.57106757164
317.1229205131531
318.58369970321655
317.6641511917114
318.22650504112244
317.31242847442627
317.6640965938568
318.349812746048
318.7261130809784
317.8348333835602
317.52790236473083
317.8170499801636
317.54458236694336
318.2292606830597
317.8499114513397
317.45773553848267
318.2962770462036
317.5042932033539
318.40866780281067
318.05890679359436
317.8131413459778
317.1105511188507
318.2341136932373
318.3705394268036
318.28693079948425
318.1263041496277
317.7928628921509
317.6098508834839
317.700035572052
318.1208040714264
318.1489324569702
318.3360149860382
317.8934347629547
318.4227600097656
317.6789882183075
317.4257547855377
317.8850607872009
317.9642906188965
317.8458003997803
317.8588492870331
318.2477583885193
317.97853231430054
318.20832800865173
318.01568603515625
317.91189765930176
317.82714653015137
317.47160148620605
317.95368576049805
318.35829067230225
317.5773117542267
317.9953887462616
318.08411979675293
317.9185256958008
317.63958072662354
317.90513920783997
317.8917803764343
318.17077898979187
317.7681062221527
317.87122321128845
317.99587655067444
317.3123428821564
317.7080407142639
317.9334840774536
317.3112380504608
317.9877939224243
317.7115726470947
317.70476818084717
317.35045337677
318.06947112083435
317.78810691833496
317.50763297080994
317.74289417266846
317.97845125198364
318.1224489212036
318.14242672920227
318.3409061431885
317.96970796585083
317.3633224964142
317.6457402706146
317.9965250492096
318.24466276168823
317.921324968338
318.01049184799194
318.21747612953186
317.6466724872589
317.85014939308167
317.0505132675171
318.2134780883789
318.00991582870483
317.81436347961426
318.12957859039307
317.9630148410797
317.82398533821106
317.7549841403961
318.1780471801758
318.1780424118042
317.4861364364624
317.74093222618103
317.37328934669495
318.0053799152374
318.00786566734314
318.1159420013428
318.0790421962738
317.8776352405548
317.2842524051666
317.9861788749695
317.84304690361023
317.42338514328003
317.76870369911194
317.14248847961426
317.9092175960541
317.42313408851624
318.0093140602112
318.2307388782501
317.8930854797363
317.77472257614136
318.35144424438477
317.7894937992096
317.9760811328888
317.9955072402954
318.0276246070862
317.566282749176
317.885214805603
318.0345346927643
317.908833026886
317.46241426467896
318.36169624328613
317.5980603694916
317.4068806171417
318.2275791168213
317.9043231010437
317.7517161369324
317.7978403568268
317.478276014328
318.2407751083374
317.6799409389496
317.4751207828522
317.3938012123108
318.04684591293335
317.98645758628845
317.83535647392273
317.68000054359436
317.30068612098694
318.1042175292969
318.4021370410919
317.8043591976166
317.876149892807
317.75139594078064
318.15944147109985
317.4430844783783
317.5186491012573
317.5708968639374
317.6626946926117
317.46960711479187
318.0614104270935
318.40411615371704
317.77723836898804
317.8127086162567
317.78711128234863
318.2339060306549
317.05930948257446
317.8667588233948
317.82794737815857
316.9432876110077
317.74292254447937
317.9429006576538
318.1948518753052
317.8602216243744
317.4447419643402
317.39578437805176
318.0151128768921
318.39119148254395
317.4493873119354
317.368052482605
317.4443938732147
318.17558240890503
317.7715697288513
317.47845816612244
317.6707389354706
317.87036776542664
317.6767930984497
317.93131732940674
317.89066553115845
317.7810344696045
317.6693046092987
318.3727912902832
317.0160253047943
317.81325364112854
318.07072353363037
317.5431287288666
318.60236048698425
318.10611486434937
317.6556406021118
317.30818223953247
317.7335526943207
317.6429305076599
317.56937623023987
318.14977407455444
318.0804145336151
317.6489677429199
318.1905007362366
317.6606457233429
317.59087204933167
317.76551032066345
317.853919506073
317.82285261154175
317.8661563396454
317.8932874202728
317.55502820014954
317.58959317207336
318.51428055763245
317.8824965953827
318.11188411712646
317.7793872356415
317.6919026374817
317.5956540107727
317.5888350009918
318.066045999527
318.0229411125183
317.739643573761
317.8810324668884
317.5853681564331
317.76375937461853
317.8001401424408
317.25028896331787
317.3381118774414
318.03758358955383
317.5758376121521
317.6679027080536
317.9045331478119
317.6290979385376
317.5095224380493
317.9435701370239
317.7974467277527
317.3889617919922
318.33704590797424
317.80777645111084
317.2674763202667
317.5963842868805
318.2196409702301
317.3627073764801
317.93548679351807
317.3903226852417
317.8332154750824
317.0669822692871
317.7813813686371
317.9362895488739
318.0501699447632
317.9155833721161
317.37991428375244
317.91845870018005
317.6032221317291
317.2674071788788
317.49065136909485
317.87335896492004
318.0029344558716
317.60141158103943
317.79807353019714
318.23876309394836
318.0131666660309
317.76183247566223
318.00084471702576
318.1259081363678
317.69203782081604
318.130095243454
317.6174783706665
317.8640489578247
317.54732394218445
317.2238700389862
318.0210747718811
317.6376132965088
317.8614263534546
318.0701355934143
317.5698356628418
317.76224851608276
317.67615580558777
317.5214796066284
317.6302237510681
317.3186264038086
317.4238021373749
317.9055120944977
317.9367153644562
317.79494619369507
317.9047553539276
317.73992013931274
317.7864902019501
318.0386734008789
317.5039336681366
317.60173296928406
318.0781919956207
317.67275500297546
317.66251277923584
317.7621326446533
317.4711515903473
317.48750257492065
317.5974335670471
317.5906913280487
317.99367594718933
317.76318645477295
317.64883518218994
318.2729685306549
317.9011719226837
318.0122501850128
317.5738916397095
317.1284146308899
317.5396411418915
317.7883548736572
317.7413716316223
317.8558955192566
317.78222584724426
317.5711977481842
317.42357540130615
317.57151222229004
317.9241509437561
317.69106817245483
318.1825773715973
317.6014802455902
317.3990795612335
318.17094111442566
317.7285165786743
317.97801756858826
318.19766116142273
317.69902896881104
317.99757504463196
317.4795892238617
317.6390264034271
317.7430830001831
318.1080250740051
317.49640130996704
317.6730766296387
317.3224084377289
317.45424580574036
317.4959237575531
318.05092883110046
317.7070505619049
317.8432147502899
317.49978947639465
318.10009384155273
317.34723448753357
317.96538853645325
317.589271068573
317.88555216789246
317.63268542289734
318.11677980422974
317.47306752204895
317.6804394721985
317.80669116973877
317.7487425804138
318.11859679222107
317.59934520721436
317.7468717098236
317.41176199913025
318.1519205570221
318.13352131843567
317.4362783432007
317.9911563396454
317.4474892616272
317.71746730804443
317.6594741344452
317.4330270290375
317.9719445705414
317.6578152179718
317.4540810585022
317.53037786483765
317.8660705089569
317.7231864929199
317.7269215583801
317.5989291667938
317.880254983902
318.07628297805786
317.5110971927643
317.40616822242737
317.13109827041626
318.2184193134308
317.6912450790405
317.48313665390015
317.28787326812744
317.5130262374878
318.0078296661377
317.942275762558
317.81860971450806
317.45605397224426
317.77648973464966
318.0853888988495
317.6323091983795
317.6136426925659
317.6857976913452
317.66034412384033
317.79588890075684
317.4032533168793
317.9314320087433
317.95776867866516
317.5487549304962
317.7076816558838
317.1737058162689
317.5759084224701
317.90928864479065
317.76395177841187
317.19375491142273
317.75365591049194
317.81408190727234
317.6811397075653
317.8113844394684
317.34757685661316
317.6401147842407
318.3748126029968
317.5853228569031
317.73083662986755
317.9109833240509
317.4780249595642
317.91264724731445
317.8111426830292
317.6230366230011
317.4085991382599
317.7991976737976
316.86497473716736
317.4829258918762
318.0496287345886
317.6134831905365
317.79601526260376
317.54302167892456
318.0949957370758
317.80597400665283
317.5876417160034
317.4537818431854
317.6531684398651
317.7881534099579
317.65262722969055
317.25367498397827
317.79450821876526
317.7147545814514
318.0011336803436
317.3806583881378
318.19693064689636
317.68142914772034
317.69712805747986
317.63846158981323
318.2048885822296
318.0796663761139
317.5886962413788
317.6530394554138
317.64351892471313
317.769814491272
317.810977935791
317.42526841163635
317.5870318412781
317.94026350975037
317.0150947570801
317.0081663131714
317.664128780365
318.03693079948425
317.83893489837646
317.8808341026306
317.3162763118744
317.8164200782776
317.2572147846222
317.74234342575073
317.7348666191101
317.687463760376
317.58767342567444
317.72265553474426
317.63919472694397
318.0387692451477
318.03100657463074
317.81673765182495
317.8141202926636
317.6107985973358
317.8361210823059
316.87973833084106
317.86156034469604
317.947523355484
318.0837490558624
317.45062732696533
318.0113890171051
317.50152587890625
317.3078815937042
317.76563572883606
318.0298185348511
318.1914041042328
317.5072124004364
317.35494112968445
317.65720558166504
317.8086357116699
317.2871072292328
317.84693932533264
317.63975977897644
317.28342175483704
317.913202047348
317.743586063385
317.4385931491852
317.98223900794983
317.51714849472046
317.7045302391052
318.0603973865509
317.4655647277832
317.6651883125305
317.68951749801636
317.486909866333
317.611763715744
317.4340488910675
317.815753698349
317.5202331542969
317.45501589775085
317.67754554748535
317.9973232746124
318.3006489276886
317.552193403244
317.7546389102936
317.73563146591187
317.54058742523193
317.65243792533875
317.96931624412537
317.49719190597534
317.48060846328735
318.05758261680603
317.20733284950256
317.577187538147
317.96593403816223
317.543648481369
318.01486992836
317.8109767436981
317.89826107025146
317.613632440567
317.7360780239105
317.4116973876953
317.9877908229828
317.6266803741455
317.32344913482666
317.3544156551361
317.6855912208557
317.6244041919708
317.68000841140747
317.85834407806396
317.93639278411865
317.87942695617676
317.26861810684204
317.79458594322205
317.65110659599304
317.6634328365326
317.9682068824768
317.4445331096649
317.047607421875
317.6841504573822
317.9323573112488
317.60007667541504
317.6968185901642
317.831330537796
317.78445529937744
317.8260192871094
317.4571280479431
317.76983761787415
317.6401906013489
317.43740940093994
317.93849754333496
317.18428564071655
317.5155806541443
317.8562228679657
317.70545530319214
317.6045334339142
317.5086522102356
317.6849775314331
317.6808235645294
317.731618642807
317.7785837650299
317.7014260292053
317.6863958835602
317.9827530384064
317.7534167766571
317.9634175300598
317.55707335472107
317.7604093551636
317.422297000885
317.62988209724426
317.4863839149475
317.0488131046295
317.3937978744507
317.1407606601715
317.47356033325195
317.67542695999146
317.5315315723419
318.3097970485687
317.2939713001251
317.5110971927643
317.49361062049866
318.22414684295654
317.36325001716614
316.88118386268616
317.82065320014954
317.5317611694336
317.8769021034241
318.03855991363525
317.55330872535706
317.8402028083801
318.29444122314453
317.44755721092224
317.82931423187256
317.4472646713257
317.73493480682373
317.76417326927185
317.2613079547882
317.71279525756836
317.9008882045746
317.6849756240845
317.37957072257996
317.5514736175537
317.677508354187
317.9482386112213
317.63082337379456
317.8543519973755
317.3948185443878
317.61897325515747
317.70729064941406
317.7918963432312
317.772588968277
317.7476568222046
317.31092381477356
317.89822363853455
317.675822019577
317.47719979286194
317.85263180732727
317.67058873176575
317.97700715065
317.93381547927856
317.17990350723267
317.7557954788208
317.21146059036255
317.46938848495483
317.1946482658386
317.74446868896484
317.79316568374634
317.4148106575012
317.84018754959106
317.66309428215027
317.87615489959717
317.6832330226898
317.7998561859131
317.3334918022156
317.8213641643524
317.5477488040924
317.45906925201416
317.9444651603699
317.5755157470703
317.27088022232056
317.82886266708374
317.23070549964905
317.392005443573
317.7708959579468
317.449364900589
317.5272102355957
317.203111410141
317.7520263195038
317.47598600387573
317.59286975860596
317.80763483047485
317.61563444137573
318.3761637210846
317.8840661048889
317.5103123188019
317.39376878738403
317.295649766922
317.76445055007935
317.3871760368347
317.7637016773224
317.692325592041
318.096706867218
317.91847801208496
317.8775408267975
317.80837774276733
317.4379925727844
318.0564811229706
317.5062325000763
317.6068363189697
317.77564811706543
317.62001872062683
317.6181333065033
317.73777413368225
317.5543920993805
317.1737298965454
317.4693286418915
318.11204838752747
317.2410671710968
317.61154437065125
317.67053413391113
317.5559687614441
317.84532165527344
317.65231227874756
317.6571204662323
317.4213664531708
317.8184404373169
317.4260091781616
317.9185655117035
318.05268716812134
317.78868770599365
317.91773080825806
317.6322991847992
317.6782557964325
317.32166719436646
317.58070182800293
317.4814121723175
317.7759027481079
317.50149488449097
317.3688430786133
318.26491117477417
317.40991711616516
317.1530592441559
317.71501207351685
317.296635389328
317.4984414577484
317.6575303077698
317.87924122810364
317.4357681274414
317.8137249946594
317.97222542762756
317.49863934516907
317.77510023117065
317.89884901046753
317.65458583831787
318.0174856185913
317.97229862213135
317.50314021110535
317.99308490753174
317.45522809028625
318.02884888648987
317.6762475967407
317.3071994781494
317.458030462265
317.5481162071228
317.7504618167877
317.2196776866913
317.05424547195435
317.61826848983765
317.8429090976715
317.4185619354248
317.5869495868683
317.2772307395935
317.39567017555237
317.64857602119446
318.0676164627075
317.6025993824005
317.7304937839508
317.4864318370819
317.73566198349
317.50325560569763
317.74929642677307
317.47091245651245
317.8783640861511
317.58059906959534
317.5008087158203
317.5908224582672
317.1721239089966
317.3896963596344
317.88707661628723
317.2860860824585
317.617799282074
317.20152735710144
317.6409673690796
317.66491889953613
317.7678279876709
317.4224841594696
317.92992305755615
317.8231897354126
317.1576416492462
318.0259783267975
317.6451470851898
317.326055765152
317.51559710502625
317.80313634872437
318.2933039665222
317.6470112800598
317.74797797203064
317.7793562412262
317.72502279281616
317.95727610588074
317.63232350349426
317.96169567108154
317.4832053184509
317.65505838394165
317.2903995513916
317.6964645385742
317.3866112232208
316.9644877910614
317.78188729286194
317.58188104629517
317.89120531082153
317.9692485332489
317.5977203845978
317.7403748035431
317.19258189201355
317.68592977523804
317.6707229614258
317.8040645122528
317.1944978237152
317.35547733306885
317.32570600509644
318.04040360450745
317.69297790527344
317.543612241745
317.8771438598633
317.16848063468933
317.40559792518616
317.5652368068695
317.74606347084045
317.43158316612244
317.65499567985535
317.972375869751
317.6005001068115
317.78531098365784
317.4618272781372
317.68666529655457
317.9650444984436
317.6133646965027
317.5565867424011
318.0327899456024
317.45691537857056
317.7214469909668
317.2949891090393
317.9102463722229
317.3033638000488
317.9464602470398
317.232549905777
317.7993378639221
317.66278886795044
317.29779267311096
317.61763286590576
317.9487199783325
317.6843888759613
317.7022895812988
318.00057888031006
317.4237930774689
317.78356194496155
317.36935925483704
317.70187044143677
317.6029086112976
317.33470129966736
317.23482966423035
317.64061665534973
317.28597378730774
317.5563876628876
317.467031955719
317.9669632911682
317.62715196609497
317.86260056495667
317.2791793346405
317.86396503448486
317.9725675582886
317.3375201225281
317.76535749435425
317.7691707611084
317.58964586257935
317.6656856536865
316.9175727367401
317.83090233802795
317.6611068248749
317.8112497329712
317.99508905410767
317.5528099536896
317.5047619342804
317.9748914241791
317.2456305027008
317.82696056365967
317.4244349002838
317.21703600883484
317.6180226802826
317.7361636161804
317.3311514854431
317.8200886249542
317.59188771247864
317.7085738182068
317.34077620506287
317.6865944862366
317.96930289268494
318.03703260421753
317.31837272644043
317.9025433063507
317.84079027175903
317.2212345600128
316.94931626319885
317.87102603912354
317.6246552467346
317.45970344543457
317.5101988315582
318.1893255710602
317.38471603393555
317.6775686740875
317.85852813720703
317.7114200592041
316.9847218990326
317.80691027641296
317.90900182724
317.27593445777893
318.03626441955566
317.31528520584106
317.7700614929199
317.47241830825806
317.48572611808777
317.74572014808655
317.6699318885803
317.6552891731262
317.5643937587738
317.6812493801117
317.4010314941406
317.84754633903503
317.78824758529663
317.51676392555237
317.66886734962463
317.71291160583496
317.1734495162964
317.40738463401794
317.6294312477112
317.76619601249695
318.01698112487793
317.61176228523254
317.22785234451294
317.8552782535553
317.3744070529938
317.96481442451477
317.2113642692566
317.624472618103
317.3159544467926
317.6705102920532
317.58624958992004
317.7602651119232
317.4082691669464
317.8143644332886
317.51844120025635
317.10168385505676
317.75698232650757
317.72433972358704
317.9142384529114
317.47970843315125
317.80518341064453
317.40465331077576
317.63907742500305
317.1697359085083
317.59770131111145
317.6952419281006
317.52709770202637
317.86893796920776
318.16204023361206
317.6209714412689
317.936110496521
317.634761095047
317.75928592681885
317.6556327342987
317.15790033340454
317.45925283432007
317.58683371543884
317.6507637500763
317.4734709262848
317.8175296783447
317.9185440540314
317.53265476226807
317.68610882759094
317.73656964302063
317.7454013824463
317.3855860233307
317.16500210762024
317.2797546386719
317.63414883613586
317.7891798019409
317.4829125404358
317.63221049308777
317.3087794780731
317.7021059989929
317.54029059410095
317.70475912094116
317.3888852596283
317.77382826805115
317.54158902168274
317.2728672027588
317.2897517681122
317.9262249469757
318.09736824035645
317.6641249656677
317.69355964660645
317.63819575309753
317.8482241630554
317.7554039955139
318.060848236084
317.1645748615265
318.10664439201355
317.45377135276794
317.69326758384705
317.14929389953613
317.49043679237366
317.4667010307312
317.53044962882996
317.3814194202423
317.28373551368713
317.60810923576355
317.5540382862091
317.883718252182
317.36609530448914
317.2229690551758
317.69818449020386
317.37736797332764
317.9697861671448
317.5231215953827
317.4675235748291
317.6578109264374
317.76251792907715
318.03963232040405
317.691504240036
317.9031639099121
317.7583968639374
317.4693491458893
317.65548491477966
317.52547240257263
317.80909538269043
317.8078227043152
318.0961878299713
317.32537031173706
317.5725040435791
317.4965674877167
317.4772024154663
317.38988161087036
317.69171357154846
317.3981909751892
317.642529964447
317.6308135986328
317.43650913238525
318.0129430294037
317.6967406272888
317.59751629829407
317.57173323631287
317.76545310020447
317.5673363208771
317.3308391571045
317.49351048469543
317.90641164779663
317.36852765083313
317.73218297958374
317.50923442840576
317.6125671863556
317.7078881263733
317.66848254203796
317.6323049068451
317.3372850418091
317.6989996433258
317.2737190723419
317.6067314147949
317.82342410087585
317.32124876976013
316.96666955947876
317.3581473827362
317.96033906936646
317.9186542034149
318.13207936286926
317.24738907814026
317.7551283836365
317.40353894233704
317.6986012458801
317.36174845695496
317.4577913284302
317.7651045322418
317.3790075778961
317.4358594417572
317.55992579460144
317.5972158908844
317.4479990005493
317.3785603046417
317.568500995636
317.58669900894165
317.64843916893005
317.3907926082611
317.4428141117096
317.57127594947815
318.2040228843689
316.98088002204895
317.63850450515747
317.69142150878906
317.78852462768555
317.5520598888397
317.62528705596924
317.74843549728394
318.31076216697693
317.58490657806396
317.63834166526794
317.5998947620392
317.60318899154663
317.7184109687805
317.3377707004547
318.0519998073578
317.26365423202515
317.4399309158325
317.85003542900085
317.41541862487793
317.31668972969055
317.0544316768646
318.05993843078613
317.2831027507782
317.30747056007385
317.20876836776733
317.6997482776642
317.4901330471039
317.8446259498596
317.65402936935425
317.1713263988495
317.57946729660034
317.50739336013794
316.9863450527191
318.1836881637573
317.58994221687317
317.5851011276245
317.93145632743835
317.9051079750061
317.7223308086395
317.67180824279785
317.8754200935364
317.8920955657959
317.795818567276
317.7358446121216
317.1210050582886
317.6960861682892
317.679044008255
317.74830889701843
317.87147545814514
317.44420075416565
317.5304572582245
317.60561203956604
317.2040810585022
317.6057815551758
317.1999833583832
317.377564907074
317.74987292289734
317.5357382297516
317.8719277381897
317.5596241950989
317.36519837379456
317.6479034423828
317.4039452075958
317.42533111572266
317.78577399253845
317.4765090942383
318.12179613113403
317.6635854244232
317.60889410972595
317.51624822616577
317.81843614578247
317.4864594936371
317.8935430049896
317.3633966445923
317.6038339138031
317.50119853019714
317.8404839038849
317.3810496330261
317.5117905139923
317.7150285243988
317.8960072994232
317.5506045818329
317.9207224845886
317.9750916957855
317.6175272464752
316.98733854293823
317.24229431152344
317.86941933631897
317.2668516635895
317.200941324234
317.9695394039154
317.6566696166992
317.5663945674896
317.40409302711487
317.7759323120117
317.4460678100586
317.2673587799072
317.3423385620117
317.7825222015381
317.79141187667847
317.65897607803345
317.4626383781433
317.57664251327515
317.74743580818176
317.90692806243896
317.6448976993561
317.3599886894226
317.8700840473175
318.19942331314087
317.95367646217346
317.8408200740814
317.2524890899658
317.37943506240845
317.38683891296387
317.8816063404083
317.2806131839752
317.5855960845947
317.5845990180969
317.549498796463
317.4648058414459
317.66162729263306
317.5613422393799
317.695707321167
317.28420758247375
317.4646723270416
317.0849392414093
317.9415445327759
317.52139019966125
317.4891257286072
317.3364851474762
317.9580888748169
317.76237750053406
317.5193758010864
317.5467576980591
317.3187620639801
317.66727900505066
317.44606828689575
317.65557980537415
317.6811616420746
317.9692487716675
317.3110158443451
317.2280080318451
317.4724032878876
318.2625164985657
317.83112263679504
317.3749451637268
317.79369497299194
317.58843898773193
318.1818585395813
317.5232963562012
317.8466103076935
317.5715856552124
317.29767394065857
317.28220987319946
317.4028763771057
317.5069832801819
317.59459233283997
317.47046542167664
317.3947710990906
317.55660700798035
317.8755865097046
317.75325417518616
317.45302963256836
317.59916377067566
317.52716612815857
317.3036835193634
317.6399300098419
317.74279165267944
317.57353806495667
317.7140986919403
317.74580812454224
317.4797570705414
317.9403052330017
317.78278136253357
317.2010178565979
317.40533232688904
317.1387822628021
317.5189335346222
317.55065298080444
317.5142683982849
318.01060366630554
317.5246832370758
317.5033497810364
317.9586606025696
318.0773415565491
317.7382242679596
317.577832698822
317.49252796173096
317.9377851486206
317.6675720214844
317.70923256874084
317.5230531692505
317.9305281639099
317.8867790699005
317.3167290687561
317.5130228996277
317.84762954711914
317.48378586769104
317.5814619064331
318.04982256889343
317.45018768310547
317.69003653526306
317.7109463214874
317.4328227043152
317.0819664001465
317.86699199676514
317.2652864456177
317.64685583114624
317.541241645813
317.6367495059967
317.5023002624512
317.79863357543945
317.4004647731781
317.45812726020813
317.50983452796936
317.78798508644104
317.1668825149536
317.2484600543976
317.7334020137787
317.8217628002167
317.84936332702637
317.31502771377563
317.533810377121
318.1677119731903
317.49951362609863
317.54330229759216
317.55693912506104
317.46390295028687
317.3282356262207
317.1132981777191
317.8397161960602
317.57916355133057
317.74275183677673
317.61674332618713
317.8719925880432
318.3312888145447
317.71397137641907
317.7731137275696
317.3733592033386
317.82324624061584
317.63558197021484
317.472535610199
317.3154721260071
317.94952630996704
317.5697429180145
317.2019696235657
317.593478679657
317.5574998855591
317.1169550418854
318.00426483154297
317.56422448158264
317.716139793396
317.5752680301666
317.0405943393707
317.59122228622437
317.3175559043884
317.39701771736145
317.77791833877563
317.3236606121063
317.67066192626953
317.87193536758423
317.8743348121643
317.8072018623352
317.5823998451233
317.44777727127075
317.97417426109314
317.43276715278625
317.4511353969574
317.5599293708801
317.9054262638092
317.31647300720215
317.65318393707275
317.28523421287537
317.756942987442
317.7106342315674
317.6090178489685
317.45585083961487
317.6133334636688
317.1208999156952
317.88274240493774
317.790815114975
317.5675950050354
317.50028896331787
317.5802118778229
317.5094795227051
317.4554045200348
317.5312132835388
317.5449447631836
317.0740282535553
317.7854037284851
317.2830059528351
317.6386423110962
317.2240514755249
317.55488872528076
318.1759202480316
317.73981046676636
318.0288906097412
317.23028111457825
318.2043106555939
317.3609781265259
317.07615661621094
317.5541114807129
317.45770740509033
317.7522623538971
317.70385360717773
318.0583574771881
317.3271484375
317.49991965293884
317.38843512535095
317.6837348937988
318.0663993358612
317.5286419391632
317.57888627052307
317.85674715042114
318.0274245738983
316.56714940071106
317.5348913669586
317.59833097457886
317.55822014808655
317.72545075416565
317.2872531414032
317.8443455696106
317.31905031204224
317.35446667671204
317.5154118537903
317.75367546081543
317.4291307926178
317.6099531650543
317.3509609699249
317.76400923728943
317.5048117637634
317.51726627349854
317.41849422454834
317.5917239189148
317.6888234615326
317.9819874763489
317.93665599823
317.2983396053314
317.4256100654602
317.3633816242218
317.61551451683044
317.6573677062988
317.77083945274353
317.9304416179657
317.3291685581207
317.671049118042
317.42922925949097
317.50531363487244
317.512464761734
318.0603368282318
317.21305894851685
317.1320173740387
317.57560896873474
317.8564374446869
317.657776594162
317.62559962272644
317.3764247894287
317.9885320663452
317.4355459213257
317.6633336544037
317.56782388687134
317.33571124076843
317.6760239601135
317.25455236434937
317.73175406455994
317.36837458610535
317.7985534667969
316.92249584198
317.45690631866455
317.7513437271118
317.0951998233795
317.6560344696045
317.2322905063629
317.6660952568054
318.28404474258423
317.5114357471466
317.18774032592773
318.1059684753418
317.0780644416809
317.98944330215454
317.677930355072
317.8355920314789
317.65653705596924
317.3344542980194
317.62043476104736
317.54966163635254
317.84114813804626
318.07012724876404
317.34785079956055
318.1759946346283
317.74235343933105
317.1649134159088
