325.20868587493896
324.9458727836609
324.25596141815186
323.45537996292114
323.5910530090332
322.97650241851807
322.7969696521759
322.0068941116333
321.6224355697632
321.60287594795227
320.8494117259979
320.4343068599701
319.51602053642273
319.9907281398773
319.60446190834045
319.3372278213501
319.5181601047516
319.25100111961365
318.05326628685
319.4167764186859
318.24192333221436
319.534943819046
318.76358437538147
319.02816009521484
318.9883008003235
318.27858304977417
318.41741037368774
318.5330698490143
318.3430845737457
317.9793083667755
318.46536588668823
317.6648871898651
318.2568337917328
318.3735885620117
318.24809432029724
317.25074100494385
318.24411129951477
317.7632074356079
317.84152030944824
317.0271656513214
316.57229447364807
314.84134793281555
312.88360810279846
304.857221364975
284.11183047294617
263.13837480545044
244.63349533081055
221.9336440563202
206.16114580631256
202.8271186351776
194.29330998659134
183.02240240573883
181.97544068098068
154.49952459335327
143.363620698452
142.26147919893265
131.17353028059006
116.2584097981453
107.72948256134987
98.25488764047623
92.52929753065109
79.89169737696648
79.05835768580437
78.52797901630402
73.5313920378685
63.50345504283905
52.359297543764114
50.28811001777649
53.934765696525574
39.12120372056961
44.34836158156395
34.441871762275696
35.25408059358597
29.649603843688965
22.35535091161728
30.713948726654053
22.598230361938477
17.22258085012436
27.706463009119034
25.943292677402496
18.69012463092804
15.580056965351105
14.843616306781769
11.900002658367157
13.861330151557922
8.331679046154022
17.408306062221527
18.190766215324402
7.031381964683533
8.492191195487976
7.982644736766815
8.038928031921387
5.970517933368683
6.002584934234619
3.954883635044098
2.597381830215454
3.61426043510437
12.768771827220917
5.327830612659454
4.341345310211182
6.601288974285126
10.338247299194336
5.700125694274902
3.6191251277923584
1.3566830158233643
1.4180015325546265
5.455234348773956
3.1971209049224854
3.2674604654312134
0.7811096906661987
2.5800472497940063
1.271443247795105
1.8187627792358398
1.701608657836914
1.104424238204956
0.6130352020263672
3.1108042001724243
5.374882936477661
4.760665774345398
0.7661508321762085
0.3310457468032837
0.26662254333496094
0.21870124340057373
0.13431787490844727
0.08193624019622803
0.07462966442108154
0.1050180196762085
0.10818719863891602
0.048311471939086914
0.03885054588317871
0.03606152534484863
0.039089083671569824
0.04227447509765625
0.059448838233947754
0.03233456611633301
0.039847731590270996
0.015383243560791016
0.028414487838745117
0.02878439426422119
0.017507553100585938
0.02251291275024414
0.01839923858642578
0.019884586334228516
0.019983530044555664
0.024755477905273438
0.016414880752563477
0.029868602752685547
0.014452219009399414
0.01643848419189453
0.01736903190612793
0.023375988006591797
0.017407894134521484
0.012670755386352539
0.015062093734741211
0.013869285583496094
0.016956329345703125
0.01876521110534668
0.019860267639160156
0.014109611511230469
0.013273477554321289
0.023180723190307617
0.013859987258911133
0.014060735702514648
0.01207590103149414
0.014822006225585938
0.011822700500488281
0.01370859146118164
0.01297903060913086
0.013800859451293945
0.00990605354309082
0.010458946228027344
0.013972759246826172
0.01248788833618164
0.01038503646850586
0.007329225540161133
0.008584022521972656
0.010463476181030273
0.010813474655151367
0.008173942565917969
0.010098457336425781
0.013748407363891602
0.009605646133422852
0.007566690444946289
0.00885009765625
0.011194467544555664
0.012412786483764648
0.010628938674926758
0.009783029556274414
0.007238626480102539
0.007414579391479492
0.008974552154541016
0.008500337600708008
0.009837865829467773
0.00641632080078125
0.005437612533569336
0.006855010986328125
0.007426738739013672
0.008395671844482422
0.005801200866699219
0.008957624435424805
0.006052494049072266
0.008475303649902344
0.006030559539794922
0.006590604782104492
0.008629322052001953
0.007911205291748047
0.008346796035766602
0.004930257797241211
0.007506370544433594
0.006871223449707031
0.007715463638305664
0.0057222843170166016
0.008941173553466797
0.006842374801635742
0.0052700042724609375
0.00991964340209961
0.005892276763916016
0.005851268768310547
0.005839109420776367
0.008097410202026367
0.0047948360443115234
0.006810188293457031
0.005844593048095703
0.006466865539550781
0.007277250289916992
0.005840778350830078
0.0057828426361083984
0.00685429573059082
0.0063877105712890625
0.005148410797119141
0.005504131317138672
0.0056285858154296875
0.0038368701934814453
0.003984928131103516
0.005685567855834961
0.004782199859619141
0.00667262077331543
0.005760669708251953
0.007088184356689453
0.006258487701416016
0.006783723831176758
0.005547046661376953
0.005408287048339844
0.004764080047607422
0.004634857177734375
0.005186557769775391
0.004822254180908203
0.004980564117431641
0.004381895065307617
0.004694938659667969
0.005623817443847656
0.0035147666931152344
0.006049633026123047
0.004560947418212891
0.005198001861572266
0.003985404968261719
0.005900382995605469
0.00397944450378418
0.0057413578033447266
0.004721164703369141
0.005626201629638672
0.004563808441162109
0.0044057369232177734
0.0040435791015625
0.004942655563354492
0.005044698715209961
0.0040166378021240234
0.007923603057861328
0.005153656005859375
0.004782915115356445
0.005187034606933594
0.0034999847412109375
0.0031850337982177734
0.005225181579589844
0.004597902297973633
0.005301713943481445
0.00436854362487793
0.004798173904418945
0.004815816879272461
0.003924846649169922
0.004111528396606445
0.008027076721191406
0.0047986507415771484
0.0039479732513427734
0.006853818893432617
0.004556894302368164
0.0047760009765625
0.003239154815673828
0.004791975021362305
0.0032372474670410156
0.004946470260620117
0.0033402442932128906
0.004141807556152344
0.004038810729980469
0.0029430389404296875
0.004756450653076172
0.0048351287841796875
0.003020048141479492
0.0036880970001220703
0.0042951107025146484
0.003760099411010742
0.0042994022369384766
0.003670215606689453
0.0032112598419189453
0.003081083297729492
0.0033168792724609375
0.006774187088012695
0.004094600677490234
0.003998994827270508
0.004696369171142578
0.002667665481567383
0.0030798912048339844
0.0028007030487060547
0.0034859180450439453
0.0036001205444335938
0.0036988258361816406
0.0030596256256103516
0.003864765167236328
0.003644704818725586
0.002804398536682129
0.004937648773193359
0.003689289093017578
0.003517627716064453
0.003340482711791992
0.002766847610473633
0.00415802001953125
0.002693653106689453
0.004935026168823242
0.003620147705078125
0.004920005798339844
0.003090381622314453
0.0030841827392578125
0.004703998565673828
0.0028493404388427734
0.0046176910400390625
0.0034923553466796875
0.0031890869140625
0.0032401084899902344
0.0038797855377197266
0.00462651252746582
0.003348112106323242
0.0029287338256835938
0.0031614303588867188
0.0030901432037353516
0.002357006072998047
0.00394439697265625
0.0033311843872070312
0.002668142318725586
0.0038611888885498047
0.0034589767456054688
0.004050254821777344
0.003353118896484375
0.0038557052612304688
0.004189968109130859
0.002991199493408203
0.0036406517028808594
0.0034139156341552734
0.004151821136474609
0.00484156608581543
0.0026395320892333984
0.0034132003784179688
0.003004789352416992
0.002512216567993164
0.0034227371215820312
0.003415346145629883
0.003186941146850586
0.003363370895385742
0.0029745101928710938
0.003221750259399414
0.002632617950439453
0.003755807876586914
0.0035867691040039062
0.0038056373596191406
0.004195690155029297
0.0034110546112060547
0.002129077911376953
0.0029447078704833984
0.0032215118408203125
0.0029392242431640625
0.0023632049560546875
0.0029768943786621094
0.002733945846557617
0.0021970272064208984
0.002849102020263672
0.002563953399658203
0.003629446029663086
0.0029516220092773438
0.0024480819702148438
0.002779245376586914
0.0039136409759521484
0.005869388580322266
0.003257274627685547
0.003606557846069336
0.002696990966796875
0.002728700637817383
0.0026862621307373047
0.0038063526153564453
0.002660036087036133
0.0028045177459716797
0.003929615020751953
0.003868579864501953
0.0023670196533203125
0.0033981800079345703
0.003495454788208008
0.002706766128540039
0.001928091049194336
0.004254817962646484
0.003570556640625
0.0025243759155273438
0.003108978271484375
0.0027260780334472656
0.003604888916015625
0.002118349075317383
0.0020661354064941406
0.002450704574584961
0.0028963088989257812
0.0030896663665771484
0.0039975643157958984
0.003954410552978516
0.0031020641326904297
0.0032422542572021484
0.0021865367889404297
0.0032503604888916016
0.0021598339080810547
0.0023622512817382812
0.003149747848510742
0.002947092056274414
0.002081155776977539
0.0038750171661376953
0.0025429725646972656
0.002082347869873047
0.0023984909057617188
0.004335165023803711
0.002280712127685547
0.002590179443359375
0.0024955272674560547
0.0028505325317382812
0.0032312870025634766
0.0029163360595703125
0.0027418136596679688
0.004083871841430664
0.0024149417877197266
0.002975940704345703
0.003143787384033203
0.0023796558380126953
0.002638101577758789
0.002832651138305664
0.002774477005004883
0.0016245841979980469
0.002909421920776367
0.0023398399353027344
0.0028727054595947266
0.003055095672607422
0.0026702880859375
0.0027713775634765625
0.0025260448455810547
0.0017409324645996094
0.001699209213256836
0.0025374889373779297
0.002582550048828125
0.0030851364135742188
0.0030591487884521484
0.0025963783264160156
0.0035707950592041016
0.0033712387084960938
0.0036928653717041016
0.0024373531341552734
0.0027310848236083984
0.0039539337158203125
0.0028574466705322266
0.0024259090423583984
0.0014698505401611328
0.0028715133666992188
0.002073526382446289
0.004196643829345703
0.002756357192993164
0.0034987926483154297
0.0018279552459716797
0.002350330352783203
0.0024192333221435547
0.003063201904296875
0.0023932456970214844
0.002757549285888672
0.0032732486724853516
0.0029439926147460938
0.0025446414947509766
0.0026607513427734375
0.002256631851196289
0.0025758743286132812
0.0023474693298339844
0.0030837059020996094
0.0025224685668945312
0.0021953582763671875
0.0022644996643066406
0.0024900436401367188
0.002696990966796875
0.0027077198028564453
0.0026688575744628906
0.0024089813232421875
0.002626180648803711
0.002165079116821289
0.0023887157440185547
0.003274202346801758
0.0029697418212890625
0.002292156219482422
0.004238128662109375
0.0018258094787597656
0.002192974090576172
0.001687765121459961
0.0026810169219970703
0.0033206939697265625
0.0017766952514648438
0.003431081771850586
0.0022649765014648438
0.001706838607788086
0.0013175010681152344
0.002022981643676758
0.002869844436645508
0.003266572952270508
0.0019114017486572266
0.0026323795318603516
0.002928018569946289
0.0026171207427978516
0.002382516860961914
0.002300262451171875
0.0024695396423339844
0.002507448196411133
0.003148317337036133
0.002398252487182617
0.003309011459350586
0.0018534660339355469
0.0026187896728515625
0.0024576187133789062
0.0025403499603271484
0.0032715797424316406
0.0016667842864990234
0.002481222152709961
0.0019006729125976562
0.0026056766510009766
0.003005504608154297
0.002141237258911133
0.002288818359375
0.0022368431091308594
0.002671480178833008
0.002395153045654297
0.003123760223388672
0.0025053024291992188
0.0028367042541503906
0.0018649101257324219
0.00223541259765625
0.0040209293365478516
0.0019652843475341797
0.001983165740966797
0.0032536983489990234
0.002557039260864258
0.002482175827026367
0.0016264915466308594
0.002493619918823242
0.0024139881134033203
0.0020322799682617188
0.002161264419555664
0.0016436576843261719
0.001889944076538086
0.0026183128356933594
0.0017344951629638672
0.002122163772583008
0.0031893253326416016
0.0012447834014892578
0.002997875213623047
0.0016589164733886719
0.002291440963745117
0.0033402442932128906
0.0020339488983154297
0.002328157424926758
0.0034134387969970703
0.001912832260131836
0.0025632381439208984
0.0023651123046875
0.0024576187133789062
0.0016117095947265625
0.002080202102661133
0.0027544498443603516
0.002469301223754883
0.002309560775756836
0.002536773681640625
0.0024907588958740234
0.0026252269744873047
0.0016987323760986328
0.001924276351928711
0.0021805763244628906
0.002838611602783203
0.0028045177459716797
0.0028107166290283203
0.0021440982818603516
0.002414703369140625
0.0015392303466796875
0.002213001251220703
0.0031621456146240234
0.002078533172607422
0.0024123191833496094
0.0023202896118164062
0.002276897430419922
0.0015730857849121094
0.002100706100463867
0.0014722347259521484
0.0034036636352539062
0.002140522003173828
0.0018503665924072266
0.0020606517791748047
0.0025670528411865234
0.0027692317962646484
0.0020291805267333984
0.002566099166870117
0.0022139549255371094
0.0018475055694580078
0.0020737648010253906
0.002379894256591797
0.002051830291748047
0.0025568008422851562
0.0020296573638916016
0.002214193344116211
0.0029535293579101562
0.0017695426940917969
0.002506732940673828
0.0022804737091064453
0.0030384063720703125
0.001821279525756836
0.0013289451599121094
0.002491474151611328
0.0024805068969726562
0.0019321441650390625
0.002516508102416992
0.0023322105407714844
0.0026187896728515625
0.002089977264404297
0.0019025802612304688
0.0023615360260009766
0.002450704574584961
0.0018780231475830078
0.00231170654296875
0.0028357505798339844
0.0019197463989257812
0.0018494129180908203
0.002798795700073242
0.0018117427825927734
0.0021097660064697266
0.002961874008178711
0.0021953582763671875
0.0015363693237304688
0.002286195755004883
0.0021352767944335938
0.002421855926513672
0.0019135475158691406
0.0025587081909179688
0.0018749237060546875
0.0023679733276367188
0.003384828567504883
0.002203226089477539
0.0014660358428955078
0.0021696090698242188
0.0021173954010009766
0.002016782760620117
0.0023996829986572266
0.0029015541076660156
0.00152587890625
0.0024487972259521484
0.0016825199127197266
0.0020904541015625
0.002328634262084961
0.002192974090576172
0.002344846725463867
0.0023331642150878906
0.0025000572204589844
0.002226114273071289
0.0019969940185546875
0.0019359588623046875
0.0023956298828125
0.001569509506225586
0.0015425682067871094
0.0024738311767578125
0.001583099365234375
0.0017061233520507812
0.0018584728240966797
0.002085447311401367
0.0018610954284667969
0.001905202865600586
0.0018146038055419922
0.0028073787689208984
0.0020563602447509766
0.0022373199462890625
0.0036013126373291016
0.002361297607421875
0.0024025440216064453
0.0023598670959472656
0.0024356842041015625
0.0025899410247802734
0.0024645328521728516
0.0026836395263671875
0.001958608627319336
0.003069639205932617
0.003048419952392578
0.0017344951629638672
0.0028939247131347656
0.001500844955444336
0.0017998218536376953
0.0021452903747558594
0.0017566680908203125
0.0020911693572998047
0.0013794898986816406
0.0016019344329833984
0.0015797615051269531
0.002099752426147461
0.0019440650939941406
0.0015423297882080078
0.0025930404663085938
0.001901865005493164
0.002318859100341797
0.0019040107727050781
0.0017447471618652344
0.0021300315856933594
0.0016574859619140625
0.0018763542175292969
0.0018031597137451172
0.0018379688262939453
0.0022208690643310547
0.0018851757049560547
0.0021643638610839844
0.0025446414947509766
0.0017731189727783203
0.0020341873168945312
0.002088308334350586
0.0028989315032958984
0.002666473388671875
0.002751588821411133
0.001672506332397461
0.0023183822631835938
0.0023081302642822266
0.0021839141845703125
0.002386331558227539
0.0020329952239990234
0.0018219947814941406
0.0029757022857666016
0.002357959747314453
0.0013685226440429688
0.0017292499542236328
0.002513885498046875
0.002196788787841797
0.0012257099151611328
0.0018486976623535156
0.002900362014770508
0.001665353775024414
0.001798391342163086
0.002013683319091797
0.002346038818359375
0.002104043960571289
0.0016279220581054688
0.001936197280883789
0.0018727779388427734
0.0027894973754882812
0.0016641616821289062
0.0022759437561035156
0.0023429393768310547
0.0016047954559326172
0.00287628173828125
0.002057790756225586
0.0022449493408203125
0.0023479461669921875
0.0022459030151367188
0.002371072769165039
0.001964092254638672
0.0018935203552246094
0.0018551349639892578
0.001957416534423828
0.0018074512481689453
0.002071380615234375
0.003583192825317383
0.001878499984741211
0.0016722679138183594
0.0016198158264160156
0.001512765884399414
0.0019273757934570312
0.0018529891967773438
0.0026917457580566406
0.0018768310546875
0.0012230873107910156
0.0021071434020996094
0.002496480941772461
0.0017261505126953125
0.0019800662994384766
0.001863718032836914
0.002519845962524414
0.0020117759704589844
0.0017099380493164062
0.0016753673553466797
0.001982450485229492
0.0024602413177490234
0.002213716506958008
0.001990795135498047
0.0032227039337158203
0.0015363693237304688
0.001512765884399414
0.002091646194458008
0.0019211769104003906
0.0014672279357910156
0.002001523971557617
0.002268552780151367
0.0018761157989501953
0.0017807483673095703
0.0018413066864013672
0.001833200454711914
0.0029935836791992188
0.001961231231689453
0.0021643638610839844
0.0018889904022216797
0.0020699501037597656
0.0028946399688720703
0.0024216175079345703
0.002485513687133789
0.0018961429595947266
0.001565694808959961
0.0025780200958251953
0.0016295909881591797
0.0018124580383300781
0.0023622512817382812
0.002403736114501953
0.0020928382873535156
0.002448558807373047
0.002112865447998047
0.0024013519287109375
0.0012943744659423828
0.001398324966430664
0.002542734146118164
0.001970052719116211
0.0023603439331054688
0.0020782947540283203
0.0015285015106201172
0.0014452934265136719
0.001916646957397461
0.0014195442199707031
0.0021889209747314453
0.0021393299102783203
0.0023946762084960938
0.0022284984588623047
0.0017321109771728516
0.0020329952239990234
0.0019214153289794922
0.0015094280242919922
0.0018503665924072266
0.002699613571166992
0.0018203258514404297
0.0023832321166992188
0.0024995803833007812
0.00194549560546875
0.002378702163696289
0.001775979995727539
0.0022056102752685547
0.0019261837005615234
0.0013813972473144531
0.0019385814666748047
0.0019342899322509766
0.0018389225006103516
0.002249479293823242
0.002258777618408203
0.0017404556274414062
0.0019421577453613281
0.0020635128021240234
0.002267599105834961
0.0017826557159423828
0.001998424530029297
0.00235748291015625
0.0012459754943847656
0.0022287368774414062
0.001744985580444336
0.0018384456634521484
0.0013170242309570312
0.0018720626831054688
0.0025277137756347656
0.0018596649169921875
0.0016710758209228516
0.0018513202667236328
0.0015501976013183594
0.0030210018157958984
0.0025038719177246094
0.001596689224243164
0.0018527507781982422
0.001972198486328125
0.002534627914428711
0.0020644664764404297
0.0016469955444335938
0.002087831497192383
0.0016231536865234375
0.0019207000732421875
0.0018701553344726562
0.0019040107727050781
0.0027320384979248047
0.0014338493347167969
0.001895904541015625
0.002269268035888672
0.0026569366455078125
0.0015599727630615234
0.0017528533935546875
0.0020813941955566406
0.0023713111877441406
0.0018358230590820312
0.0020067691802978516
0.0029625892639160156
0.0019936561584472656
0.002223968505859375
0.0014548301696777344
0.0018763542175292969
0.0015230178833007812
0.0018897056579589844
0.0017769336700439453
0.001210927963256836
0.0012960433959960938
0.002337217330932617
0.0018374919891357422
0.0027735233306884766
0.002065420150756836
0.0025796890258789062
0.00348663330078125
0.0017766952514648438
0.002066373825073242
0.0017046928405761719
0.001583099365234375
0.0015604496002197266
0.0020248889923095703
0.0018482208251953125
0.0021173954010009766
0.0015416145324707031
0.0014443397521972656
0.0027506351470947266
0.001999378204345703
0.0018155574798583984
0.0012760162353515625
0.0021643638610839844
0.0019559860229492188
0.0018804073333740234
0.001772165298461914
0.0014336109161376953
0.0022013187408447266
0.002850055694580078
0.0022296905517578125
0.0016524791717529297
0.0016064643859863281
0.0017139911651611328
0.0018606185913085938
0.0024154186248779297
0.0018308162689208984
0.001071929931640625
0.0016312599182128906
0.002652883529663086
0.001878499984741211
0.0028536319732666016
0.0015113353729248047
0.0015208721160888672
0.0023581981658935547
0.0018694400787353516
0.002094745635986328
0.0015211105346679688
0.0024166107177734375
0.0019431114196777344
0.0012743473052978516
0.0023508071899414062
0.001397848129272461
0.001621246337890625
0.0021224021911621094
0.0020356178283691406
0.0023598670959472656
0.0023665428161621094
0.0027937889099121094
0.0018284320831298828
0.0023047924041748047
0.001706838607788086
0.002125263214111328
0.0014269351959228516
0.0020952224731445312
0.0019948482513427734
0.0024290084838867188
0.0013222694396972656
0.001699209213256836
0.0019199848175048828
0.0014698505401611328
0.002307891845703125
0.0016803741455078125
0.0013957023620605469
0.0018644332885742188
0.0015473365783691406
0.0019617080688476562
0.0018219947814941406
0.0015749931335449219
0.00273895263671875
0.002138376235961914
0.001840353012084961
0.0015344619750976562
0.0026416778564453125
0.0023567676544189453
0.0014529228210449219
0.001535654067993164
0.0019385814666748047
0.001398324966430664
0.002431154251098633
0.0019521713256835938
0.001796722412109375
0.001987934112548828
0.001748800277709961
0.0018320083618164062
0.002712726593017578
0.0013403892517089844
0.0024497509002685547
0.0016047954559326172
0.001783609390258789
0.0019161701202392578
0.002243518829345703
0.0016717910766601562
0.0012753009796142578
0.0018851757049560547
0.0020520687103271484
0.001958608627319336
0.0023043155670166016
0.0015327930450439453
0.0019338130950927734
0.0014905929565429688
0.00299072265625
0.0017371177673339844
0.0026543140411376953
0.0016624927520751953
0.001569986343383789
0.0015223026275634766
0.0020895004272460938
0.0014641284942626953
0.001375436782836914
0.0023832321166992188
0.002498626708984375
0.0024213790893554688
0.002248525619506836
0.0015964508056640625
0.0018832683563232422
0.002439260482788086
0.0014188289642333984
0.002254962921142578
0.0019502639770507812
0.002023935317993164
0.0013229846954345703
0.002012491226196289
0.0016071796417236328
0.001783132553100586
0.0019752979278564453
0.0012917518615722656
0.0016748905181884766
0.002062082290649414
0.0021131038665771484
0.0021424293518066406
0.0020973682403564453
0.0014994144439697266
0.00191497802734375
0.0012860298156738281
0.0028307437896728516
0.0015895366668701172
0.001573324203491211
0.0016934871673583984
0.001852273941040039
0.001338958740234375
0.0017299652099609375
0.001979827880859375
0.0014507770538330078
0.002831697463989258
0.002116680145263672
0.0018782615661621094
0.003020048141479492
0.002176523208618164
0.0017426013946533203
0.0022897720336914062
0.0023801326751708984
0.001882791519165039
0.0015091896057128906
0.0017685890197753906
0.0017457008361816406
0.0017502307891845703
0.001932382583618164
0.0014858245849609375
0.0019516944885253906
0.0017647743225097656
0.0022423267364501953
0.0017561912536621094
0.0026369094848632812
0.0012030601501464844
0.0021021366119384766
0.0017910003662109375
0.001928091049194336
0.0016705989837646484
0.0013036727905273438
0.0015327930450439453
0.0017580986022949219
0.0019588470458984375
0.0022606849670410156
0.0013768672943115234
0.00257110595703125
0.002828359603881836
0.0018079280853271484
0.0021333694458007812
0.002473115921020508
0.0019369125366210938
0.0020885467529296875
0.001936197280883789
0.0023496150970458984
0.001798391342163086
0.0015323162078857422
0.0018084049224853516
0.0016515254974365234
0.0017170906066894531
0.0009245872497558594
0.0023250579833984375
0.001744985580444336
0.0025370121002197266
0.0012733936309814453
0.0025670528411865234
0.0020651817321777344
0.0018694400787353516
0.0016868114471435547
0.0017232894897460938
0.0012814998626708984
0.002115488052368164
0.002733945846557617
0.002016782760620117
0.0022020339965820312
0.002202749252319336
0.0017676353454589844
0.001772165298461914
0.0018782615661621094
0.001623392105102539
0.0018606185913085938
0.001857757568359375
0.0013613700866699219
0.002384185791015625
0.0021479129791259766
0.0014104843139648438
0.002295255661010742
0.001421213150024414
0.004363298416137695
0.0014569759368896484
0.0015015602111816406
0.0013689994812011719
0.0021467208862304688
0.0014998912811279297
0.001847982406616211
0.0017719268798828125
0.0016770362854003906
0.0019419193267822266
0.0019369125366210938
0.002011537551879883
0.0016090869903564453
0.0015337467193603516
0.0017039775848388672
0.0014557838439941406
0.0015130043029785156
0.0017476081848144531
0.0015017986297607422
0.0028896331787109375
0.0017104148864746094
0.002493143081665039
0.0015516281127929688
0.001979351043701172
0.0021457672119140625
0.0020966529846191406
0.001905202865600586
0.001529693603515625
0.00173187255859375
0.0017359256744384766
0.001987457275390625
0.0017998218536376953
0.002154827117919922
0.0016903877258300781
0.0023589134216308594
0.0017218589782714844
0.0014481544494628906
0.0021092891693115234
0.0017278194427490234
0.002082347869873047
0.001737833023071289
0.002254486083984375
0.0016896724700927734
0.0015935897827148438
0.0018384456634521484
0.0017697811126708984
0.0016455650329589844
0.0019488334655761719
0.0021963119506835938
0.00202178955078125
0.0017733573913574219
0.0013613700866699219
0.002046346664428711
0.0014739036560058594
0.0014672279357910156
0.002649545669555664
0.0022516250610351562
0.0016331672668457031
0.0013186931610107422
0.002057790756225586
0.002172708511352539
0.0016574859619140625
0.0013878345489501953
0.0020837783813476562
0.001428365707397461
0.001405477523803711
0.0017325878143310547
0.002227783203125
0.0020568370819091797
0.0015845298767089844
0.0012612342834472656
0.0025196075439453125
0.0013895034790039062
0.0014922618865966797
0.0019991397857666016
0.0022287368774414062
0.002264261245727539
0.0031888484954833984
0.003162384033203125
0.0012786388397216797
0.0024285316467285156
0.0012061595916748047
0.0022211074829101562
0.0012936592102050781
0.002077817916870117
0.00312042236328125
0.0022704601287841797
0.0020749568939208984
0.0016832351684570312
0.0013353824615478516
0.0015630722045898438
0.0016963481903076172
0.0018768310546875
0.0013763904571533203
0.0021677017211914062
0.0025513172149658203
0.0023317337036132812
0.0012440681457519531
0.0014290809631347656
0.0017294883728027344
0.001665353775024414
0.0017559528350830078
0.001932382583618164
0.0020360946655273438
0.0017507076263427734
0.002132892608642578
0.0021419525146484375
0.0016942024230957031
0.0015971660614013672
0.001531362533569336
0.0020923614501953125
0.0018436908721923828
0.0014750957489013672
0.002667665481567383
0.0016622543334960938
0.0018966197967529297
0.0015597343444824219
0.002288818359375
0.0019309520721435547
0.0016276836395263672
0.002346038818359375
0.002630949020385742
0.0016417503356933594
0.0019736289978027344
0.0015032291412353516
0.0020461082458496094
0.0018677711486816406
0.002237558364868164
0.0018873214721679688
0.0021543502807617188
0.0020303726196289062
0.0022962093353271484
0.0022482872009277344
0.0015482902526855469
0.0015263557434082031
0.002123594284057617
0.002220630645751953
0.0029191970825195312
0.0023822784423828125
0.001399993896484375
0.0014829635620117188
0.0014328956604003906
0.0017406940460205078
0.0012867450714111328
0.0014264583587646484
0.002213001251220703
0.001650094985961914
0.0016515254974365234
0.001191854476928711
0.001649618148803711
0.002075672149658203
0.0019211769104003906
0.0016398429870605469
0.0011570453643798828
0.0017628669738769531
0.002425670623779297
0.002161264419555664
0.001558065414428711
0.00312042236328125
0.001688241958618164
0.0025937557220458984
0.002001047134399414
0.0013382434844970703
0.0012133121490478516
0.0019588470458984375
0.0015721321105957031
0.0021758079528808594
0.0017778873443603516
0.001493215560913086
0.0022814273834228516
0.0020780563354492188
0.0022575855255126953
0.0015892982482910156
0.0019578933715820312
0.0014548301696777344
0.0018723011016845703
0.0014765262603759766
0.0018880367279052734
0.0026535987854003906
0.002207040786743164
0.001596689224243164
0.0021560192108154297
0.0014069080352783203
0.0015184879302978516
0.0015292167663574219
0.0019097328186035156
0.0017614364624023438
0.0019383430480957031
0.0019140243530273438
0.0015025138854980469
0.002249479293823242
0.0014955997467041016
0.0018649101257324219
0.0017151832580566406
0.0022170543670654297
0.001378774642944336
0.0011951923370361328
0.002087831497192383
0.0012598037719726562
0.00147247314453125
0.0018126964569091797
0.0020732879638671875
0.002538919448852539
0.002032756805419922
0.0016913414001464844
0.0018553733825683594
0.002073049545288086
0.0019941329956054688
0.0016863346099853516
0.002553701400756836
0.002596139907836914
0.0018889904022216797
0.0018260478973388672
0.002677440643310547
0.0016248226165771484
0.002010822296142578
0.001706838607788086
0.0020275115966796875
0.0021698474884033203
0.0014350414276123047
0.0012731552124023438
0.0016791820526123047
0.0015566349029541016
0.002101898193359375
0.0026514530181884766
0.001682281494140625
0.0015866756439208984
0.0018796920776367188
0.0012068748474121094
0.0023076534271240234
0.0012586116790771484
0.0013718605041503906
0.0014481544494628906
0.0021550655364990234
0.001886129379272461
0.0024900436401367188
0.0019447803497314453
0.0020117759704589844
0.001107931137084961
0.0017132759094238281
0.0018944740295410156
0.0021715164184570312
0.0014269351959228516
0.0016245841979980469
0.0025250911712646484
0.002058267593383789
0.001886606216430664
0.0016927719116210938
0.0022797584533691406
0.0016522407531738281
0.0016980171203613281
0.0024344921112060547
0.0017170906066894531
0.002401590347290039
0.0018923282623291016
0.0010743141174316406
0.0017368793487548828
0.001531839370727539
0.002849578857421875
0.0023050308227539062
0.0013127326965332031
0.0014035701751708984
0.0014896392822265625
0.0020601749420166016
0.0015058517456054688
0.001474618911743164
0.0032453536987304688
0.0016486644744873047
0.0022192001342773438
0.001758575439453125
0.002409219741821289
0.0020020008087158203
0.0014369487762451172
0.0022563934326171875
0.0023381710052490234
0.002498149871826172
0.0012667179107666016
0.0018842220306396484
0.0013308525085449219
0.0018014907836914062
0.0020296573638916016
0.002307891845703125
0.0022249221801757812
0.0017178058624267578
0.0016582012176513672
0.0018303394317626953
0.0015742778778076172
0.001430511474609375
0.0018596649169921875
0.002195119857788086
0.002489805221557617
0.0018773078918457031
0.0011234283447265625
0.001865386962890625
0.0013957023620605469
0.0019414424896240234
0.0017039775848388672
0.0019659996032714844
0.002239704132080078
0.0014026165008544922
0.0017082691192626953
0.002548694610595703
0.0016624927520751953
0.0024962425231933594
0.0015594959259033203
0.0014352798461914062
0.0016889572143554688
0.0017514228820800781
0.0015246868133544922
0.0018815994262695312
0.002026796340942383
0.0016694068908691406
0.0017955303192138672
0.0016710758209228516
0.001913309097290039
0.0017619132995605469
0.002613544464111328
0.002079010009765625
0.0018668174743652344
0.00186920166015625
0.0018396377563476562
0.0016782283782958984
0.0021016597747802734
0.002248048782348633
0.0019283294677734375
0.0020470619201660156
0.0020952224731445312
0.0023353099822998047
0.0018270015716552734
0.0027649402618408203
0.0016434192657470703
0.001940011978149414
0.0021381378173828125
0.0018420219421386719
0.0015556812286376953
0.0014660358428955078
0.0017540454864501953
0.0021800994873046875
0.0016429424285888672
0.0012426376342773438
0.0014095306396484375
0.0016508102416992188
0.0013794898986816406
0.0014984607696533203
0.0019421577453613281
0.001287221908569336
0.0027260780334472656
0.002249479293823242
0.002221822738647461
0.001749277114868164
0.001859903335571289
0.0016090869903564453
0.00144195556640625
0.0017855167388916016
0.0019655227661132812
0.001842498779296875
0.0018208026885986328
0.0012028217315673828
0.002014636993408203
0.0021796226501464844
0.0013163089752197266
0.0020024776458740234
0.0018222332000732422
0.0011112689971923828
0.0018913745880126953
0.002315044403076172
0.002630949020385742
0.002900838851928711
0.0017118453979492188
0.0013966560363769531
0.0012950897216796875
0.0012507438659667969
0.0017516613006591797
0.0023386478424072266
0.0032546520233154297
0.0018699169158935547
0.0017654895782470703
0.0019235610961914062
0.0014123916625976562
0.0014004707336425781
0.0014111995697021484
0.0018177032470703125
0.002486705780029297
0.0019402503967285156
0.0025789737701416016
0.0013790130615234375
0.0016148090362548828
0.0014872550964355469
0.002335786819458008
0.0016527175903320312
0.0018150806427001953
0.0020051002502441406
0.0023114681243896484
0.002033233642578125
0.001689910888671875
0.0018622875213623047
0.0028150081634521484
0.002134561538696289
0.0016093254089355469
0.0015494823455810547
0.0017023086547851562
0.0012392997741699219
0.0019719600677490234
0.0017855167388916016
0.0018160343170166016
0.0014657974243164062
0.0015180110931396484
0.0020220279693603516
0.0013222694396972656
0.0021669864654541016
0.0014553070068359375
0.001489400863647461
0.0018134117126464844
0.0016658306121826172
0.0016739368438720703
0.0020682811737060547
0.0026187896728515625
0.001741170883178711
0.001979351043701172
0.0017969608306884766
0.0017766952514648438
0.0021593570709228516
0.0015416145324707031
0.0024504661560058594
0.0020904541015625
0.0016303062438964844
0.0014116764068603516
0.001149892807006836
0.0021338462829589844
0.002653837203979492
0.0018889904022216797
0.0013742446899414062
0.0017213821411132812
0.001682281494140625
0.001847982406616211
0.0014035701751708984
0.002202272415161133
0.001462697982788086
0.0016198158264160156
0.0019328594207763672
0.002273082733154297
0.0028753280639648438
0.002419710159301758
0.0019147396087646484
0.002137899398803711
0.0019173622131347656
0.0019631385803222656
0.002061605453491211
0.0016696453094482422
0.0019910335540771484
0.0023224353790283203
0.0014879703521728516
0.001438140869140625
0.001695394515991211
0.002199411392211914
0.0021851062774658203
0.0010082721710205078
0.002164602279663086
0.0012018680572509766
0.0016629695892333984
0.0016741752624511719
0.0022346973419189453
0.0019562244415283203
0.0020170211791992188
0.0019631385803222656
0.002754688262939453
0.0016405582427978516
0.0018172264099121094
0.0021452903747558594
0.0018310546875
0.0013637542724609375
0.0019330978393554688
0.001188516616821289
0.0016527175903320312
0.0019001960754394531
0.002606630325317383
0.0028581619262695312
0.0018224716186523438
0.00177764892578125
0.001888275146484375
0.0015900135040283203
0.001951456069946289
0.0021398067474365234
0.002041339874267578
0.0025670528411865234
0.0018496513366699219
0.0012593269348144531
0.0013680458068847656
0.0015811920166015625
0.0012917518615722656
0.0026845932006835938
0.0012357234954833984
0.0012164115905761719
0.0018045902252197266
0.0017790794372558594
0.0017058849334716797
0.002177715301513672
0.0015707015991210938
0.002280712127685547
0.0026531219482421875
0.0011625289916992188
0.002821207046508789
0.00183868408203125
0.002295255661010742
0.0017170906066894531
0.0022013187408447266
0.0022308826446533203
0.0018773078918457031
0.0017855167388916016
0.002058744430541992
0.0016341209411621094
0.0015811920166015625
0.0022079944610595703
0.001918792724609375
0.0019838809967041016
0.00128936767578125
0.0013797283172607422
0.0010437965393066406
0.0018439292907714844
0.0016083717346191406
0.0015876293182373047
0.001592874526977539
0.001233816146850586
0.0026569366455078125
0.0016818046569824219
0.002368450164794922
0.001856088638305664
0.0017812252044677734
0.0017638206481933594
0.002289295196533203
0.0018215179443359375
0.00269317626953125
0.002225160598754883
0.0015425682067871094
0.0020923614501953125
0.0019214153289794922
0.0018415451049804688
0.0021047592163085938
0.0020537376403808594
0.0020599365234375
0.0013098716735839844
0.00164794921875
0.0017359256744384766
0.00152587890625
0.0016705989837646484
0.0015637874603271484
0.002036571502685547
0.0021038055419921875
0.0016326904296875
0.0016644001007080078
0.0018563270568847656
0.001486063003540039
0.0011761188507080078
0.001711130142211914
0.0018825531005859375
0.0016329288482666016
0.0015537738800048828
0.0026216506958007812
0.0021963119506835938
0.0018210411071777344
0.002330303192138672
