325.90757155418396
325.7737190723419
325.41378569602966
325.3511769771576
325.17018580436707
324.86658215522766
324.5417523384094
324.1471004486084
324.3556673526764
323.86912631988525
324.04635667800903
323.83959221839905
323.3003716468811
322.61382579803467
323.11436462402344
322.16501092910767
322.14460587501526
321.58582067489624
321.3224265575409
320.34918785095215
319.84702467918396
319.47786808013916
318.6601767539978
318.8292806148529
318.63992619514465
318.0494647026062
318.91259384155273
318.14008355140686
318.5192697048187
318.026850938797
317.91271781921387
317.83829975128174
317.27052187919617
316.1376278400421
315.9465892314911
315.7970449924469
313.89856028556824
311.9002046585083
309.325067281723
305.83552837371826
299.4220178127289
293.0127623081207
291.6134102344513
283.83784914016724
269.54887652397156
267.91588628292084
265.40849590301514
248.59776771068573
245.2326020002365
234.8162180185318
221.2421944141388
216.3889319896698
202.14012777805328
200.45717251300812
197.18285942077637
193.43931198120117
182.98336839675903
179.032461643219
174.0194632411003
161.3994168639183
154.0396495461464
162.16116958856583
152.98698723316193
147.97498279809952
136.46855783462524
138.14792132377625
137.19573709368706
130.55957186222076
115.2065956890583
112.96698462963104
110.74628123641014
107.84164530038834
105.38337311148643
95.92987668514252
97.8742064833641
93.93511506915092
81.67515403032303
82.95569723844528
80.34335422515869
85.7287692129612
82.2709368467331
73.12812516093254
77.33462399244308
76.34700804948807
63.736383497714996
65.71625792980194
63.434216022491455
65.7445182800293
64.00566473603249
55.5720092356205
57.00855892896652
59.78596657514572
54.321954518556595
51.69928535819054
43.574194222688675
47.57183915376663
50.63063010573387
44.244946241378784
42.596220433712006
38.11375820636749
38.69156154990196
36.68305957317352
29.51165497303009
32.094016313552856
30.57429003715515
27.791813015937805
25.323446929454803
22.819084614515305
31.722762763500214
26.149838268756866
20.598229944705963
30.9655619263649
21.44972339272499
37.07225897908211
19.871253207325935
23.243678629398346
21.60297656059265
37.439509868621826
19.771741300821304
15.467229574918747
20.012680411338806
11.756042301654816
15.726528286933899
13.634032130241394
14.186633944511414
12.945586025714874
24.452425003051758
15.028999984264374
12.614285409450531
19.37602236866951
14.761109292507172
16.084783136844635
9.649914175271988
11.830946534872055
14.176445603370667
15.228859007358551
9.651793837547302
8.652890145778656
5.360203862190247
5.19087153673172
9.908201217651367
14.318940043449402
7.725310504436493
7.868878483772278
11.674750924110413
7.647669970989227
9.824124097824097
8.885054349899292
7.86995929479599
3.7443676590919495
2.03409206867218
2.4603911638259888
2.4004316329956055
1.3875232934951782
8.331859529018402
4.398251950740814
3.9889784455299377
23.003900289535522
14.266578584909439
4.252147018909454
3.0769604444503784
1.7773725986480713
1.2324830293655396
5.46340548992157
11.645753026008606
4.476193189620972
6.419226408004761
3.2830438017845154
7.717186689376831
2.209263324737549
2.857055902481079
3.1551924347877502
1.0945346355438232
0.835994303226471
0.48235630989074707
0.33379310369491577
1.2369556427001953
1.9518738985061646
0.6821680068969727
0.32676541805267334
0.33482110500335693
0.23606932163238525
0.28387904167175293
0.19885540008544922
0.37522363662719727
2.9970099925994873
0.7695062160491943
0.5177739858627319
0.32598447799682617
0.1826038360595703
0.7532685995101929
1.7717589139938354
3.544831871986389
13.210495591163635
5.851750910282135
2.1514627933502197
0.8645280599594116
1.3341151475906372
0.5889053344726562
0.4533601999282837
0.2788076400756836
0.21538221836090088
0.1839834451675415
0.1517167091369629
0.13044190406799316
0.1597425937652588
0.1078113317489624
0.2939488887786865
0.14124226570129395
0.1885436773300171
0.09429705142974854
0.11848247051239014
0.11853843927383423
0.11171245574951172
0.10503649711608887
0.11252200603485107
0.07881355285644531
0.07605218887329102
0.15929412841796875
0.42699742317199707
0.13285541534423828
0.11307477951049805
0.08234786987304688
0.09428548812866211
0.10931754112243652
0.08682239055633545
0.06444549560546875
0.07129180431365967
0.056842684745788574
0.061400413513183594
0.09516525268554688
0.06769037246704102
0.04607510566711426
0.10724306106567383
0.05209946632385254
0.07642388343811035
0.062361836433410645
0.05657315254211426
0.06816244125366211
0.06226813793182373
0.06317639350891113
0.05565285682678223
0.06684231758117676
0.047368407249450684
0.03311657905578613
0.08136868476867676
0.055892229080200195
0.0654301643371582
0.04882097244262695
0.0342717170715332
0.04556071758270264
0.039057374000549316
0.035566091537475586
0.037355899810791016
0.035913705825805664
0.03789412975311279
0.04348719120025635
0.03278625011444092
0.04048335552215576
0.036043405532836914
0.0303194522857666
0.02595067024230957
0.03566241264343262
0.03152823448181152
0.046695709228515625
0.03642702102661133
0.03008890151977539
0.038248300552368164
0.04360044002532959
0.04117941856384277
0.029541969299316406
0.031624794006347656
0.025268077850341797
0.028448820114135742
0.04376828670501709
0.03185153007507324
0.029407024383544922
0.03399491310119629
0.02902841567993164
0.023830652236938477
0.027954816818237305
0.0278475284576416
0.02560901641845703
0.029573559761047363
0.0258638858795166
0.03885197639465332
0.026978731155395508
0.03158712387084961
0.02323460578918457
0.024340152740478516
0.030165910720825195
0.032440185546875
0.033731698989868164
0.02653825283050537
0.021292448043823242
0.03238940238952637
0.024557113647460938
0.048772573471069336
0.02556586265563965
0.03438520431518555
0.027543306350708008
0.022588133811950684
0.02562403678894043
0.027590036392211914
0.042038679122924805
0.033432960510253906
0.022649526596069336
0.02270030975341797
0.029303550720214844
0.024600982666015625
0.027094364166259766
0.019109249114990234
0.022530198097229004
0.02264714241027832
0.02477288246154785
0.025155305862426758
0.023155689239501953
0.023104429244995117
0.03125119209289551
0.021364569664001465
0.02129387855529785
0.01810908317565918
0.022902965545654297
0.02502751350402832
0.017113447189331055
0.018198490142822266
0.02066659927368164
0.033634185791015625
0.02969837188720703
0.021051645278930664
0.02874279022216797
0.018085241317749023
0.0225217342376709
0.01374673843383789
0.020791292190551758
0.024459362030029297
0.027291536331176758
0.03940892219543457
0.02170872688293457
0.027640104293823242
0.016505002975463867
0.024194955825805664
0.022864341735839844
0.02125239372253418
0.023077726364135742
0.021448373794555664
0.01726078987121582
0.026862382888793945
0.02016282081604004
0.021103620529174805
0.027062177658081055
0.020341873168945312
0.02206254005432129
0.019241809844970703
0.017061471939086914
0.019761323928833008
0.02176046371459961
0.015064001083374023
0.0316309928894043
0.01852738857269287
0.02507305145263672
0.016005516052246094
0.01881575584411621
0.015758275985717773
0.015455126762390137
0.020998716354370117
0.015464186668395996
0.017411231994628906
0.019567251205444336
0.014102816581726074
0.0202181339263916
0.01847362518310547
0.016289234161376953
0.021405935287475586
0.019503235816955566
0.01875472068786621
0.014353036880493164
0.01983499526977539
0.01602625846862793
0.020349740982055664
0.018761873245239258
0.013637542724609375
0.019138097763061523
0.01331019401550293
0.019044876098632812
0.018537521362304688
0.019728899002075195
0.02175438404083252
0.019027233123779297
0.015586376190185547
0.018131017684936523
0.017077922821044922
0.010926008224487305
0.015921831130981445
0.012303590774536133
0.016749858856201172
0.01634955406188965
0.013735532760620117
0.024652481079101562
0.014501094818115234
0.020789146423339844
0.018567800521850586
0.014198780059814453
0.020534515380859375
0.01664137840270996
0.026967763900756836
0.016068696975708008
0.019343137741088867
0.018687009811401367
0.015294790267944336
0.019756317138671875
0.017192602157592773
0.016873836517333984
0.013075590133666992
0.01850295066833496
0.014803171157836914
0.01506662368774414
0.01325225830078125
0.014349937438964844
0.011696577072143555
0.011644601821899414
0.01894521713256836
0.023481249809265137
0.01918649673461914
0.016391515731811523
0.011742353439331055
0.01405477523803711
0.01332235336303711
0.016106367111206055
0.017055511474609375
0.0174788236618042
0.020373106002807617
0.015569448471069336
0.01651787757873535
0.0175015926361084
0.015121221542358398
0.015932798385620117
0.01816558837890625
0.011266231536865234
0.01459813117980957
0.018649578094482422
0.013487815856933594
0.012751102447509766
0.015369415283203125
0.012817859649658203
0.013299703598022461
0.0150221586227417
0.016261577606201172
0.018436670303344727
0.012368917465209961
0.012181520462036133
0.013576269149780273
0.01595020294189453
0.018589258193969727
0.010584115982055664
0.012014627456665039
0.012950897216796875
0.011413335800170898
0.01492762565612793
0.017235755920410156
0.02749013900756836
0.0119476318359375
0.014207839965820312
0.015934348106384277
0.013176918029785156
0.017833948135375977
0.016863346099853516
0.015062808990478516
0.012824058532714844
0.014458179473876953
0.015287160873413086
0.014207839965820312
0.010696649551391602
0.014263629913330078
0.013794183731079102
0.012946724891662598
0.013016700744628906
0.013880252838134766
0.011844635009765625
0.014733076095581055
0.013344287872314453
0.01472330093383789
0.01658034324645996
0.015356302261352539
0.01546621322631836
0.009278535842895508
0.014008045196533203
0.012816190719604492
0.011245965957641602
0.011742353439331055
0.010486125946044922
0.012859582901000977
0.011832475662231445
0.009127140045166016
0.012606978416442871
0.018540143966674805
0.01268315315246582
0.011075258255004883
0.014689922332763672
0.011908531188964844
0.012928247451782227
0.016382694244384766
0.01717066764831543
0.014967203140258789
0.025467872619628906
0.010672569274902344
0.015319108963012695
0.013497591018676758
0.013143539428710938
0.012406110763549805
0.012925148010253906
0.015619039535522461
0.011597156524658203
0.013613462448120117
0.010320663452148438
0.013590097427368164
0.015189647674560547
0.013482093811035156
0.011578559875488281
0.010765790939331055
0.012012720108032227
0.01173090934753418
0.01154780387878418
0.012364387512207031
0.015850067138671875
0.012159347534179688
0.015910863876342773
0.012292146682739258
0.012926340103149414
0.011261940002441406
0.010278463363647461
0.010752201080322266
0.01796436309814453
0.00887441635131836
0.012814760208129883
0.012593984603881836
0.011744022369384766
0.009615182876586914
0.011385202407836914
0.010442256927490234
0.025281429290771484
0.014806270599365234
0.012172222137451172
0.010935783386230469
0.014263153076171875
0.010537147521972656
0.012490034103393555
0.010130167007446289
0.013874292373657227
0.015876293182373047
0.010742902755737305
0.009413957595825195
0.01218867301940918
0.012873649597167969
0.008472204208374023
0.011119842529296875
0.013590574264526367
0.01185297966003418
0.013489484786987305
0.01062917709350586
0.011867046356201172
0.012908458709716797
0.016002416610717773
0.010224580764770508
0.010170698165893555
0.009500980377197266
0.012696266174316406
0.012122392654418945
0.013436317443847656
0.013038873672485352
0.008108139038085938
0.011146068572998047
0.015181303024291992
0.0173872709274292
0.016472578048706055
0.010243654251098633
0.012952089309692383
0.010520696640014648
0.016429662704467773
0.013315916061401367
0.011663675308227539
0.010917425155639648
0.010292530059814453
0.00968313217163086
0.011877298355102539
0.012766838073730469
0.011611461639404297
0.00946807861328125
0.012217044830322266
0.010080933570861816
0.010213613510131836
0.010398149490356445
0.010504484176635742
0.015548944473266602
0.009410619735717773
0.010485649108886719
0.010648012161254883
0.00970768928527832
0.013393402099609375
0.012070178985595703
0.012702703475952148
0.010553598403930664
0.011706352233886719
0.0179445743560791
0.011199951171875
0.016663312911987305
0.00872802734375
0.011700153350830078
0.011124610900878906
0.011239767074584961
0.013061285018920898
0.010074853897094727
0.011307239532470703
0.014552593231201172
0.01341390609741211
0.011873960494995117
0.01103067398071289
0.00996851921081543
0.010598421096801758
0.010125875473022461
0.011750221252441406
0.011794567108154297
0.013989686965942383
0.010554313659667969
0.009871244430541992
0.012083292007446289
0.009829044342041016
0.011100292205810547
0.00986027717590332
0.009468555450439453
0.01076960563659668
0.011423110961914062
0.015537738800048828
0.01261281967163086
0.011834383010864258
0.008669853210449219
0.010069847106933594
0.0118941068649292
0.010104179382324219
0.012771129608154297
0.012178421020507812
0.008226394653320312
0.01134800910949707
0.011874198913574219
0.01087331771850586
0.009614706039428711
0.01148080825805664
0.011545896530151367
0.010891914367675781
0.011061906814575195
0.009923696517944336
0.011648893356323242
0.012598991394042969
0.010666608810424805
0.007664203643798828
0.01020503044128418
0.011714696884155273
0.009799480438232422
0.010806798934936523
0.011077404022216797
0.012028217315673828
0.012758970260620117
0.011162042617797852
0.013186931610107422
0.011463403701782227
0.012237548828125
0.01216435432434082
0.010394573211669922
0.00853729248046875
0.008639812469482422
0.0073969364166259766
0.01130521297454834
0.00920414924621582
0.011624813079833984
0.01628398895263672
0.009793519973754883
0.009557723999023438
0.009253978729248047
0.013257980346679688
0.008806705474853516
0.010908126831054688
0.011059284210205078
0.011384010314941406
0.01244211196899414
0.014411687850952148
0.009999275207519531
0.01214456558227539
0.011635422706604004
0.009060382843017578
0.012870550155639648
0.012464523315429688
0.009084463119506836
0.012296199798583984
0.012166500091552734
0.01215219497680664
0.01078176498413086
0.012533187866210938
0.008473873138427734
0.007299661636352539
0.008597373962402344
0.009776830673217773
0.008244037628173828
0.008805990219116211
0.00856781005859375
0.009855031967163086
0.008517026901245117
0.011256217956542969
0.0170440673828125
0.010666131973266602
0.00828409194946289
0.010198354721069336
0.009899377822875977
0.009886980056762695
0.008693456649780273
0.010036706924438477
0.008126020431518555
0.013519287109375
0.011695146560668945
0.011347055435180664
0.010947704315185547
0.008284807205200195
0.011332035064697266
0.009860515594482422
0.009345531463623047
0.010833501815795898
0.009428024291992188
0.009965896606445312
0.016049623489379883
0.008400678634643555
0.011035442352294922
0.007367610931396484
0.011041402816772461
0.008634805679321289
0.012249946594238281
0.007622241973876953
0.009502887725830078
0.01043558120727539
0.009275436401367188
0.009746789932250977
0.010352373123168945
0.010624170303344727
0.009974002838134766
0.014009833335876465
0.009202718734741211
0.011423826217651367
0.010390758514404297
0.009479284286499023
0.011601924896240234
0.01069784164428711
0.008048295974731445
0.0072748661041259766
0.010946035385131836
0.00818777084350586
0.012516975402832031
0.01096200942993164
0.009238958358764648
0.008218050003051758
0.01060938835144043
0.01006460189819336
0.01241159439086914
0.011526107788085938
0.011035323143005371
0.008086681365966797
0.013734102249145508
0.014184951782226562
0.007533073425292969
0.009543657302856445
0.012129783630371094
0.011709451675415039
0.008122920989990234
0.015686750411987305
0.010617733001708984
0.009819507598876953
0.008769035339355469
0.007488250732421875
0.008824586868286133
0.009033203125
0.009808540344238281
0.010330677032470703
0.007999420166015625
0.0077893733978271484
0.012377023696899414
0.01081538200378418
0.011416196823120117
0.011675119400024414
0.009497404098510742
0.007524967193603516
0.009796857833862305
0.00878000259399414
0.009443044662475586
0.009189844131469727
0.011433601379394531
0.007971763610839844
0.01046133041381836
0.008691787719726562
0.009203910827636719
0.010413169860839844
0.00929403305053711
0.013412237167358398
0.009387493133544922
0.008207321166992188
0.008929252624511719
0.012557029724121094
0.014674901962280273
0.009176969528198242
0.007357120513916016
0.01010441780090332
0.0077707767486572266
0.00980520248413086
0.012637615203857422
0.009567737579345703
0.008701801300048828
0.008766889572143555
0.010517120361328125
0.009647607803344727
0.010640621185302734
0.009310483932495117
0.009416580200195312
0.009578466415405273
0.008732795715332031
0.009689807891845703
0.010592222213745117
0.00991368293762207
0.010311365127563477
0.00897836685180664
0.007157564163208008
0.00923013687133789
0.010013103485107422
0.008038043975830078
0.013516426086425781
0.008208513259887695
0.005688190460205078
0.008498430252075195
0.010163545608520508
0.011145353317260742
0.009233474731445312
0.008635997772216797
0.010065078735351562
0.009758710861206055
0.01166987419128418
0.010033845901489258
0.009905815124511719
0.014417648315429688
0.010100603103637695
0.009298563003540039
0.010277986526489258
0.010118961334228516
0.008011341094970703
0.009162545204162598
0.012549638748168945
0.012255430221557617
0.008748769760131836
0.010339736938476562
0.006862640380859375
0.010266542434692383
0.008403539657592773
0.011806726455688477
0.00884246826171875
0.014770984649658203
0.007970571517944336
0.013118982315063477
0.008458375930786133
0.008265018463134766
0.008127927780151367
0.009075403213500977
0.008877992630004883
0.00883626937866211
0.009285926818847656
0.00978708267211914
0.010960102081298828
0.007828712463378906
0.010815143585205078
0.008219242095947266
0.009337663650512695
0.009124279022216797
0.009810686111450195
0.008605718612670898
0.011329889297485352
0.011209249496459961
0.007860660552978516
0.011565446853637695
0.010387897491455078
0.009144306182861328
0.005720853805541992
0.008427143096923828
0.009048223495483398
0.009098529815673828
0.009781837463378906
0.014296770095825195
0.008878231048583984
0.0073699951171875
0.008278131484985352
0.010864734649658203
0.008976221084594727
0.01135706901550293
0.008482933044433594
0.010103940963745117
0.00984644889831543
0.008086681365966797
0.011766910552978516
0.011113166809082031
0.009085416793823242
0.010814428329467773
0.008087396621704102
0.009419441223144531
0.012043952941894531
0.009104490280151367
0.007948040962219238
0.008117198944091797
0.008824586868286133
0.007717609405517578
0.009209632873535156
0.0076525211334228516
0.008832931518554688
0.00885629653930664
0.00722813606262207
0.00857400894165039
0.01535654067993164
0.008847475051879883
0.00841522216796875
0.007907867431640625
0.010689496994018555
0.008431434631347656
0.009280681610107422
0.008281707763671875
0.016864776611328125
0.007581472396850586
0.006829023361206055
0.010396242141723633
0.010501623153686523
0.008279085159301758
0.010221242904663086
0.010556459426879883
0.008890390396118164
0.008302450180053711
0.009992361068725586
0.008133649826049805
0.008604288101196289
0.008779048919677734
0.011213541030883789
0.008546590805053711
0.010083913803100586
0.011459589004516602
0.007291316986083984
0.010188817977905273
0.008552074432373047
0.010831832885742188
0.009532928466796875
0.006596565246582031
0.008402585983276367
0.009625434875488281
0.009985208511352539
0.008106231689453125
0.008443355560302734
0.0075871944427490234
0.009443044662475586
0.010634183883666992
0.00875544548034668
0.010284423828125
0.010949850082397461
0.009201765060424805
0.008450984954833984
0.011954784393310547
0.007178783416748047
0.01458597183227539
0.008439064025878906
0.009734630584716797
0.012760162353515625
0.006688594818115234
0.008502721786499023
0.009328842163085938
0.00714564323425293
0.008942127227783203
0.012031316757202148
0.008725166320800781
0.009113311767578125
0.005717039108276367
0.009140491485595703
0.0071659088134765625
0.007681608200073242
0.008768796920776367
0.008926630020141602
0.009896993637084961
0.010565519332885742
0.008994579315185547
0.010224580764770508
0.011360883712768555
0.00847625732421875
0.008594274520874023
0.008805990219116211
0.005766868591308594
0.008717060089111328
0.008022546768188477
0.008954286575317383
0.007355213165283203
0.009120464324951172
0.007188320159912109
0.009848356246948242
0.007809877395629883
0.009807586669921875
0.00942683219909668
0.011611700057983398
0.014246702194213867
0.01198720932006836
0.006838321685791016
0.009148120880126953
0.00942230224609375
0.01104593276977539
0.008591413497924805
0.012141942977905273
0.007834911346435547
0.007489681243896484
0.008215904235839844
0.008852481842041016
0.011325836181640625
0.008845329284667969
0.007441997528076172
0.008728265762329102
0.008606195449829102
0.010825634002685547
0.013140201568603516
0.009121179580688477
0.00954437255859375
0.009903669357299805
0.006434440612792969
0.008009672164916992
0.007783412933349609
0.009080886840820312
0.007264852523803711
0.008582353591918945
0.0074214935302734375
0.008591413497924805
0.009677529335021973
0.01022958755493164
0.010769367218017578
0.007968425750732422
0.00832056999206543
0.012469768524169922
0.010251522064208984
0.009450674057006836
0.009065628051757812
0.009697675704956055
0.010491371154785156
0.009772300720214844
0.008543729782104492
0.010258197784423828
0.008184432983398438
0.00905156135559082
0.011650562286376953
0.0075130462646484375
0.008335113525390625
0.006318569183349609
0.00921773910522461
0.009000301361083984
0.01155233383178711
0.008715391159057617
0.007071733474731445
0.010069847106933594
0.009561777114868164
0.01123666763305664
0.006282329559326172
0.007822513580322266
0.00973963737487793
0.008489608764648438
0.007865667343139648
0.0061647891998291016
0.009393930435180664
0.008175015449523926
0.007616519927978516
0.009525775909423828
0.00902247428894043
0.008671045303344727
0.010175228118896484
0.008380889892578125
0.008100509643554688
0.009319305419921875
0.010418415069580078
0.007444858551025391
0.015047311782836914
0.010767936706542969
0.009791851043701172
0.00984954833984375
0.008022546768188477
0.009022951126098633
0.0074481964111328125
0.00989985466003418
0.008021831512451172
0.010409355163574219
0.009985208511352539
0.00851583480834961
0.009759902954101562
0.010541677474975586
0.008153676986694336
0.010300874710083008
0.01126861572265625
0.006412506103515625
0.009064674377441406
0.008239984512329102
0.008570432662963867
0.011214256286621094
0.007479429244995117
0.013051271438598633
0.006772756576538086
0.009440422058105469
0.00975346565246582
0.009335041046142578
0.009742021560668945
0.0077991485595703125
0.007529497146606445
0.006476163864135742
0.0075397491455078125
0.012699365615844727
0.008718609809875488
0.008063316345214844
0.007351398468017578
0.00774836540222168
0.00717926025390625
0.008455991744995117
0.011953353881835938
0.009705781936645508
0.00826716423034668
0.008957624435424805
0.00830388069152832
0.007033348083496094
0.009390115737915039
0.0075724124908447266
0.007503032684326172
0.009598255157470703
0.008986949920654297
0.007542848587036133
0.009430170059204102
0.010060548782348633
0.008403778076171875
0.009403705596923828
0.007701396942138672
0.008493423461914062
0.011213302612304688
0.010015726089477539
0.006984710693359375
0.008834600448608398
0.008209705352783203
0.00834965705871582
0.007028460502624512
0.00796651840209961
0.008708953857421875
0.010749101638793945
0.010304689407348633
0.008944511413574219
0.01102304458618164
0.008693456649780273
0.011148452758789062
0.013113021850585938
0.010223865509033203
0.006781816482543945
0.00948786735534668
0.0074808597564697266
0.011973381042480469
0.007925987243652344
0.0059337615966796875
0.007017374038696289
0.006868124008178711
0.008081436157226562
0.008765697479248047
0.006075620651245117
0.009572267532348633
0.007054567337036133
0.009773015975952148
0.009162425994873047
0.006980419158935547
0.008614301681518555
0.00898599624633789
0.011120080947875977
0.009919881820678711
0.008913993835449219
0.01111602783203125
0.008675575256347656
0.008586406707763672
0.009312868118286133
0.010263204574584961
0.013330936431884766
0.005679607391357422
0.007565736770629883
0.014128446578979492
0.006261587142944336
0.009159564971923828
0.009579658508300781
0.007584571838378906
0.008606672286987305
0.009299278259277344
0.010603666305541992
0.010227203369140625
0.008232355117797852
0.006836891174316406
0.008949995040893555
0.009016990661621094
0.007858991622924805
0.008240222930908203
0.007554531097412109
0.006937265396118164
0.012256145477294922
0.010381937026977539
0.010714530944824219
0.00834965705871582
0.009431600570678711
0.008011102676391602
0.008681535720825195
0.008693695068359375
0.009626388549804688
0.007788419723510742
0.007597684860229492
0.005781292915344238
0.008232831954956055
0.0078122615814208984
0.008517980575561523
0.01394200325012207
0.012092828750610352
0.00969243049621582
0.006382942199707031
0.008927583694458008
0.009502649307250977
0.009301185607910156
0.009808540344238281
0.009537935256958008
0.006430864334106445
0.007058620452880859
0.006726503372192383
0.007768154144287109
0.010128259658813477
0.008409738540649414
0.007392406463623047
0.009303808212280273
0.008655548095703125
0.007279157638549805
0.009113311767578125
0.009007692337036133
0.008465290069580078
0.0063970088958740234
0.010122060775756836
0.009672880172729492
0.00994110107421875
0.00805044174194336
0.009627342224121094
0.006632089614868164
0.009634971618652344
0.00939488410949707
0.0073699951171875
0.007881879806518555
0.013240575790405273
0.010578393936157227
0.007488250732421875
0.00931859016418457
0.010500431060791016
0.008331775665283203
0.0076863765716552734
0.01154470443725586
0.0078089237213134766
0.007060527801513672
0.011718273162841797
0.007528066635131836
0.011851787567138672
0.008094310760498047
0.007982015609741211
0.007776737213134766
0.007132530212402344
0.009955167770385742
0.008471250534057617
0.0074193477630615234
0.008948564529418945
0.00878596305847168
0.007384538650512695
0.0074918270111083984
0.013441801071166992
0.008880615234375
0.009774923324584961
0.009191036224365234
0.008313655853271484
0.0057413578033447266
0.008986949920654297
0.009060859680175781
0.009430408477783203
0.0071942806243896484
0.008823871612548828
0.009408235549926758
0.008778572082519531
0.008782386779785156
0.0071620941162109375
0.009805917739868164
0.010670185089111328
0.010124444961547852
0.010178804397583008
0.007291078567504883
0.008704423904418945
0.010945796966552734
0.007629871368408203
0.007037162780761719
0.008660078048706055
0.009183645248413086
0.010000944137573242
0.008873820304870605
0.009358644485473633
0.00841212272644043
0.012025594711303711
0.00666499137878418
0.008930444717407227
0.00915074348449707
0.007018566131591797
0.0091400146484375
0.008143424987792969
0.009372234344482422
0.008883237838745117
0.009175300598144531
0.008135557174682617
0.008092641830444336
0.007502079010009766
0.007181644439697266
0.010799407958984375
0.008646726608276367
0.007844686508178711
0.009224891662597656
0.008787155151367188
0.009787559509277344
0.008984804153442383
0.010338306427001953
0.008359432220458984
0.008679866790771484
0.008787870407104492
0.008605003356933594
0.008182525634765625
0.008670330047607422
0.00704503059387207
0.006992340087890625
0.009194374084472656
0.01020669937133789
0.00879812240600586
0.008618593215942383
0.011298894882202148
0.00854039192199707
0.006600141525268555
0.005447864532470703
0.007590055465698242
0.007749080657958984
0.01422119140625
0.007852315902709961
0.009274721145629883
0.008633852005004883
0.011410713195800781
0.008723616600036621
0.007737636566162109
0.010888338088989258
0.01103067398071289
0.006097316741943359
0.010834932327270508
0.008864402770996094
0.0061550140380859375
0.009486675262451172
0.008675336837768555
0.008214235305786133
0.009286880493164062
0.008557319641113281
0.007869243621826172
0.008364200592041016
0.0067806243896484375
0.009535074234008789
0.00843191146850586
0.008554458618164062
0.008867025375366211
0.008322954177856445
0.0066111087799072266
0.00870513916015625
0.008916616439819336
0.015995025634765625
0.007806062698364258
0.009379148483276367
0.009375333786010742
0.00767970085144043
0.0075969696044921875
0.010164022445678711
0.006554365158081055
0.008088111877441406
0.008716106414794922
0.008539915084838867
0.008852720260620117
0.0077326297760009766
0.010460853576660156
0.0074138641357421875
0.009345293045043945
0.007612943649291992
0.007844686508178711
0.009656906127929688
0.009678840637207031
0.009814977645874023
0.007635593414306641
0.00888681411743164
0.009908199310302734
0.0070340633392333984
0.0062525272369384766
0.00903773307800293
0.009845495223999023
0.007716655731201172
0.00857090950012207
0.012311220169067383
0.009596824645996094
0.008711814880371094
0.007788181304931641
0.007817983627319336
0.009555578231811523
0.008533477783203125
0.010154962539672852
0.0074121952056884766
0.009718894958496094
0.00800776481628418
0.007242918014526367
0.009220600128173828
0.007907390594482422
0.010786294937133789
0.010720491409301758
0.006987571716308594
0.008767843246459961
0.007100343704223633
0.007678985595703125
0.008650541305541992
0.010091900825500488
0.010380983352661133
0.007946252822875977
0.009829998016357422
0.006403684616088867
0.012475252151489258
0.007632732391357422
0.0071260929107666016
0.009328365325927734
0.007959842681884766
0.011811017990112305
0.010554313659667969
0.00792837142944336
0.01026010513305664
0.005522966384887695
0.008911848068237305
0.008941650390625
0.008989095687866211
0.00815892219543457
0.00759124755859375
0.008217334747314453
0.007626056671142578
0.011372089385986328
0.008739948272705078
0.008286356925964355
0.008471488952636719
0.008256196975708008
0.008524894714355469
0.008915185928344727
0.010246515274047852
0.008836984634399414
0.007262468338012695
0.007463216781616211
0.00796818733215332
0.011268138885498047
0.00931859016418457
0.009065628051757812
0.009102344512939453
0.009179830551147461
0.007564067840576172
0.008555412292480469
0.010063648223876953
0.00870513916015625
0.013606071472167969
0.008466005325317383
0.007746458053588867
0.009883880615234375
0.00876927375793457
0.007520914077758789
0.00823974609375
0.008628129959106445
0.009464740753173828
0.009552240371704102
0.007809638977050781
0.010007381439208984
0.007649660110473633
0.00764918327331543
0.004782676696777344
0.007563352584838867
0.010273218154907227
0.009515762329101562
0.010166168212890625
0.00852060317993164
0.0059926509857177734
0.0084686279296875
0.008469820022583008
0.009234428405761719
0.009088993072509766
0.0076141357421875
0.007409811019897461
0.007055521011352539
0.008387088775634766
0.009548664093017578
0.010606050491333008
0.009737491607666016
0.009817123413085938
0.007674455642700195
0.0074803829193115234
0.009529829025268555
0.008687257766723633
0.008367300033569336
0.006792545318603516
0.011630535125732422
0.010868072509765625
0.00771641731262207
0.012056350708007812
0.008609533309936523
0.0076389312744140625
0.00991678237915039
0.009902477264404297
0.007317066192626953
0.006900310516357422
0.0076749324798583984
0.010099172592163086
0.008996009826660156
0.009064912796020508
0.006354808807373047
0.007368803024291992
0.008382320404052734
0.007987737655639648
0.009916305541992188
0.00890207290649414
0.0067501068115234375
0.008772134780883789
0.008962392807006836
0.009972333908081055
0.009595155715942383
0.008786678314208984
0.00772547721862793
0.009186506271362305
0.0074405670166015625
0.008388996124267578
0.008287906646728516
0.007434844970703125
0.007912635803222656
0.008687973022460938
0.010345220565795898
0.007299661636352539
0.00924992561340332
0.01012730598449707
0.008078813552856445
0.014217615127563477
0.006913900375366211
0.009346246719360352
0.009378194808959961
0.008295536041259766
0.011276960372924805
0.008887529373168945
0.007933378219604492
0.00823211669921875
0.008105039596557617
0.006883382797241211
0.010347366333007812
0.008363008499145508
0.007691383361816406
0.008852005004882812
0.008161544799804688
0.00773930549621582
0.008344411849975586
0.00799250602722168
0.010440587997436523
0.006832122802734375
0.009033918380737305
0.008139848709106445
0.006692171096801758
0.009485244750976562
0.006829500198364258
0.008494138717651367
0.008150100708007812
0.006779193878173828
0.011300802230834961
0.012496232986450195
0.008563756942749023
0.0069653987884521484
0.00993037223815918
0.008176803588867188
0.010995626449584961
0.007928609848022461
0.008586883544921875
0.006230354309082031
0.007052183151245117
0.009791135787963867
0.008714437484741211
0.010493278503417969
0.008209943771362305
0.009302139282226562
0.0071926116943359375
0.009969472885131836
0.010829687118530273
0.009914875030517578
0.006632089614868164
0.008970975875854492
0.006530046463012695
0.011284112930297852
0.009299516677856445
0.007519721984863281
0.00847768783569336
0.009655952453613281
0.008677482604980469
0.008321762084960938
0.009176015853881836
0.009751558303833008
0.00791311264038086
0.008613109588623047
0.008498668670654297
0.007827520370483398
0.011395692825317383
0.010002851486206055
0.00619959831237793
0.0064775943756103516
0.008071184158325195
0.009382486343383789
0.006848573684692383
0.006869077682495117
0.008344411849975586
0.007838726043701172
0.009203195571899414
0.011659383773803711
0.010818719863891602
0.008360624313354492
0.009862661361694336
0.008962512016296387
0.011178731918334961
0.007010698318481445
0.010035276412963867
0.007507801055908203
0.007964611053466797
0.010347604751586914
0.007593870162963867
0.006009578704833984
0.008977413177490234
0.009614706039428711
0.01218724250793457
0.007180452346801758
0.00630640983581543
0.008276939392089844
0.00769495964050293
0.008073091506958008
0.00815892219543457
0.009069204330444336
0.011465311050415039
0.006987571716308594
0.009050607681274414
0.007734775543212891
0.009977102279663086
0.013456106185913086
0.008294820785522461
0.008485794067382812
0.007542848587036133
0.0057566165924072266
0.009128570556640625
0.0075914859771728516
0.0068056583404541016
0.009907960891723633
0.007611751556396484
0.008943796157836914
0.009206295013427734
0.006134986877441406
0.011472463607788086
0.009390115737915039
0.008172035217285156
0.008643865585327148
0.010884761810302734
0.006986379623413086
0.009910106658935547
0.008118152618408203
0.010138988494873047
0.011416912078857422
0.008661746978759766
0.008068323135375977
0.009363889694213867
0.006800413131713867
0.007886171340942383
0.009877204895019531
0.00892949104309082
0.01180124282836914
0.0073392391204833984
0.00919485092163086
0.008394718170166016
0.008404970169067383
0.0077707767486572266
0.00900125503540039
0.010786056518554688
0.008275985717773438
0.0071446895599365234
0.007670164108276367
0.006387948989868164
0.01119542121887207
0.008579730987548828
0.009402036666870117
0.00809931755065918
0.009119868278503418
0.008209466934204102
0.0072667598724365234
0.00731968879699707
0.008451700210571289
0.008517980575561523
0.00844120979309082
0.00837564468383789
