325.19491958618164
324.437082529068
323.5477843284607
322.91779923439026
322.2902135848999
321.4843363761902
320.4135386943817
320.3662874698639
319.52850127220154
319.7794415950775
319.42106556892395
318.75215005874634
318.9713623523712
318.0919749736786
317.83103823661804
317.8763198852539
317.5317771434784
316.24720644950867
311.2730185985565
299.2075252532959
281.5149049758911
261.9992003440857
242.21822369098663
219.45821344852448
206.29925501346588
192.89759528636932
162.73553866147995
158.86582404375076
141.4160054922104
122.14869266748428
107.67427089810371
102.14632794260979
98.32871401309967
90.0062695145607
67.25517389178276
63.84157598018646
63.42771500349045
49.54370269179344
46.36875709891319
36.31371456384659
40.7669061422348
36.20577770471573
31.477440357208252
25.996036887168884
27.550103962421417
19.465827643871307
16.340941846370697
16.364357233047485
17.233470797538757
20.189932823181152
9.734794616699219
9.207379221916199
14.515470564365387
6.401880264282227
17.498955637216568
5.44942170381546
10.99929279088974
7.863150119781494
3.8501564264297485
2.5318315029144287
3.237335443496704
0.7488296031951904
0.28064680099487305
0.5000230073928833
0.4640408754348755
2.974494695663452
10.838904976844788
7.745232701301575
6.792076945304871
2.6634851694107056
1.945294737815857
0.6884521245956421
0.18454980850219727
0.1356651782989502
0.19638633728027344
3.074099361896515
8.762866199016571
1.2570980191230774
0.31003689765930176
0.23504042625427246
0.14228129386901855
0.11482119560241699
0.08659791946411133
0.05989551544189453
0.09553730487823486
0.053353071212768555
0.06414556503295898
0.038701534271240234
0.05026113986968994
0.027013540267944336
0.033043861389160156
0.0629802942276001
0.03377103805541992
0.0377274751663208
0.026053905487060547
0.03891801834106445
0.02086317539215088
0.024331331253051758
0.018102049827575684
0.015881061553955078
0.042961835861206055
0.023486852645874023
0.016476154327392578
0.012261152267456055
0.013463973999023438
0.016084671020507812
0.018033742904663086
0.016765117645263672
0.015123367309570312
0.016214847564697266
0.011309146881103516
0.01417851448059082
0.014362812042236328
0.014283895492553711
0.01383519172668457
0.01004648208618164
0.014615535736083984
0.012941360473632812
0.008498191833496094
0.009829998016357422
0.008632659912109375
0.011283636093139648
0.013148069381713867
0.014861822128295898
0.01277458667755127
0.009262442588806152
0.010841608047485352
0.013740777969360352
0.007728099822998047
0.011837005615234375
0.009274959564208984
0.0090789794921875
0.01097869873046875
0.008614063262939453
0.00867915153503418
0.009992361068725586
0.006378650665283203
0.008834600448608398
0.007843494415283203
0.008589982986450195
0.008107662200927734
0.00724029541015625
0.011655211448669434
0.004137992858886719
0.008728981018066406
0.00747227668762207
0.006626605987548828
0.008350610733032227
0.004853725433349609
0.0069959163665771484
0.0068988800048828125
0.007073163986206055
0.006211996078491211
0.006098747253417969
0.006203413009643555
0.00809478759765625
0.006640911102294922
0.0062787532806396484
0.005751371383666992
0.007778167724609375
0.0043261051177978516
0.005123615264892578
0.0069468021392822266
0.008030176162719727
0.006016254425048828
0.0062944889068603516
0.0059354305267333984
0.005069732666015625
0.006503105163574219
0.006062746047973633
0.004476308822631836
0.0065271854400634766
0.005992889404296875
0.004451751708984375
0.004441976547241211
0.004361629486083984
0.006181478500366211
0.006252288818359375
0.005423784255981445
0.0032722949981689453
0.004814863204956055
0.004931926727294922
0.004388332366943359
0.0065801143646240234
0.004465818405151367
0.005541563034057617
0.006429910659790039
0.00433802604675293
0.0037000179290771484
0.003918647766113281
0.005849599838256836
0.005982160568237305
0.004563331604003906
0.005530834197998047
0.005282402038574219
0.004351615905761719
0.004961967468261719
0.0037653446197509766
0.004728794097900391
0.0026841163635253906
0.0043790340423583984
0.0059854984283447266
0.0041844844818115234
0.004301309585571289
0.0033159255981445312
0.00357818603515625
0.004622459411621094
0.004194974899291992
0.0030736923217773438
0.003989219665527344
0.0040590763092041016
0.0035600662231445312
0.004091739654541016
0.0033409595489501953
0.004069089889526367
0.00441288948059082
0.003637075424194336
0.0046269893646240234
0.006268739700317383
0.0049898624420166016
0.004704475402832031
0.0035500526428222656
0.0032377243041992188
0.003652811050415039
0.0031795501708984375
0.003256082534790039
0.004250764846801758
0.0034399032592773438
0.0029327869415283203
0.0035114288330078125
0.004657745361328125
0.004818916320800781
0.00411534309387207
0.003116130828857422
0.003971099853515625
0.003991127014160156
0.0038530826568603516
0.0037174224853515625
0.003411531448364258
0.0038421154022216797
0.00363922119140625
0.003572225570678711
0.0032813549041748047
0.0031566619873046875
0.0027718544006347656
0.004366159439086914
0.0031960010528564453
0.003322124481201172
0.0035507678985595703
0.0029828548431396484
0.0034143924713134766
0.0026612281799316406
0.004619598388671875
0.0031702518463134766
0.002301931381225586
0.003498077392578125
0.0034379959106445312
0.003152608871459961
0.0026955604553222656
0.0041468143463134766
0.003753185272216797
0.003081083297729492
0.003111600875854492
0.0033473968505859375
0.00241851806640625
0.0038602352142333984
0.002987384796142578
0.0035691261291503906
0.003749370574951172
0.0026938915252685547
0.002895832061767578
0.003175497055053711
0.0029892921447753906
0.0030906200408935547
0.0035009384155273438
0.0023772716522216797
0.0021440982818603516
0.002058744430541992
0.0029020309448242188
0.003112316131591797
0.0036749839782714844
0.0023779869079589844
0.0036563873291015625
0.0034193992614746094
0.003370046615600586
0.002584695816040039
0.0035758018493652344
0.003032207489013672
0.0018358230590820312
0.003271818161010742
0.002531766891479492
0.0030815601348876953
0.004229068756103516
0.0023729801177978516
0.0026063919067382812
0.002572774887084961
0.0015799999237060547
0.003382444381713867
0.003902912139892578
0.0027027130126953125
0.002979278564453125
0.002351999282836914
0.002898693084716797
0.0026044845581054688
0.0027382373809814453
0.0033426284790039062
0.0038461685180664062
0.0029418468475341797
0.0023603439331054688
0.003030061721801758
0.003161907196044922
0.0023949146270751953
0.0020432472229003906
0.002580881118774414
0.002549409866333008
0.00213623046875
0.0028848648071289062
0.003076791763305664
0.0036110877990722656
0.0018610954284667969
0.0021181106567382812
0.002086162567138672
0.0033712387084960938
0.002263307571411133
0.002474069595336914
0.002835988998413086
0.003398418426513672
0.0024111270904541016
0.0022211074829101562
0.0022585391998291016
0.0032875537872314453
0.0020596981048583984
0.0026237964630126953
0.002870798110961914
0.002181529998779297
0.002355337142944336
0.0018954277038574219
0.0025167465209960938
0.0025513172149658203
0.0022644996643066406
0.002472400665283203
0.0026412010192871094
0.0021669864654541016
0.002628803253173828
0.0020706653594970703
0.0023488998413085938
0.0033397674560546875
0.002227306365966797
0.0028200149536132812
0.0024251937866210938
0.002335786819458008
0.0023641586303710938
0.0028069019317626953
0.0025124549865722656
0.0027074813842773438
0.0020003318786621094
0.002401590347290039
0.0021886825561523438
0.0016453266143798828
0.002266407012939453
0.0026712417602539062
0.002370595932006836
0.0020983219146728516
0.0027282238006591797
0.0031020641326904297
0.0025599002838134766
0.0019419193267822266
0.0020241737365722656
0.002409696578979492
0.001825094223022461
0.002857208251953125
0.0024938583374023438
0.0015213489532470703
0.0021784305572509766
0.002279520034790039
0.0015778541564941406
0.0018360614776611328
0.001733541488647461
0.001986980438232422
0.0025043487548828125
0.0022764205932617188
0.0017533302307128906
0.0030231475830078125
0.0027489662170410156
0.0017461776733398438
0.0017380714416503906
0.002148866653442383
0.0017406940460205078
0.0021474361419677734
0.0022416114807128906
0.0022644996643066406
0.0021600723266601562
0.002256155014038086
0.0021140575408935547
0.002764463424682617
0.00194549560546875
0.0022029876708984375
0.002370595932006836
0.0020389556884765625
0.003095865249633789
0.002022266387939453
0.0025148391723632812
0.0037949085235595703
0.0021772384643554688
0.0018110275268554688
0.0016036033630371094
0.0021774768829345703
0.003117084503173828
0.0016982555389404297
0.0020890235900878906
0.0018315315246582031
0.0019176006317138672
0.001743316650390625
0.0023620128631591797
0.0021910667419433594
0.0023119449615478516
0.0016455650329589844
0.00217437744140625
0.0017600059509277344
0.002485990524291992
0.002592325210571289
0.0015337467193603516
0.001622915267944336
0.0020804405212402344
0.0021431446075439453
0.002561807632446289
0.0017807483673095703
0.002025127410888672
0.0024399757385253906
0.001779794692993164
0.0021224021911621094
0.002093076705932617
0.0022640228271484375
0.0018000602722167969
0.0020704269409179688
0.0017306804656982422
0.0028281211853027344
0.0021789073944091797
0.002474546432495117
0.0022780895233154297
0.0020678043365478516
0.0026025772094726562
0.0017299652099609375
0.0017654895782470703
0.0018184185028076172
0.0020232200622558594
0.0022301673889160156
0.0024056434631347656
0.001968860626220703
0.002105236053466797
0.0017337799072265625
0.002002716064453125
0.001766204833984375
0.0021746158599853516
0.0015611648559570312
0.0018606185913085938
0.002273082733154297
0.002232074737548828
0.0016353130340576172
0.0019030570983886719
0.001741170883178711
0.00249481201171875
0.0022249221801757812
0.001611948013305664
0.0015959739685058594
0.0016112327575683594
0.0024051666259765625
0.002414226531982422
0.0019378662109375
0.0015003681182861328
0.0018689632415771484
0.0025832653045654297
0.002088785171508789
0.002451658248901367
0.0017848014831542969
0.0017902851104736328
0.0014958381652832031
0.001959562301635742
0.0017514228820800781
0.0016107559204101562
0.0017960071563720703
0.002084493637084961
0.0015878677368164062
0.0021469593048095703
0.0022535324096679688
0.0021822452545166016
0.002015829086303711
0.0012729167938232422
0.0016624927520751953
0.001310586929321289
0.0016665458679199219
0.0016820430755615234
0.0018830299377441406
0.0018825531005859375
0.001691579818725586
0.0018723011016845703
0.0017414093017578125
0.0016617774963378906
0.0022573471069335938
0.0014259815216064453
0.002515077590942383
0.0013430118560791016
0.0018689632415771484
0.002380847930908203
0.0020360946655273438
0.0020585060119628906
0.0021610260009765625
0.0015816688537597656
0.0019192695617675781
0.003253459930419922
0.0018677711486816406
0.0019478797912597656
0.0016524791717529297
0.0019259452819824219
0.0017888545989990234
0.001985788345336914
0.002399444580078125
0.0018649101257324219
0.0017936229705810547
0.0023505687713623047
0.0020782947540283203
0.0012400150299072266
0.0018734931945800781
0.0015163421630859375
0.0017774105072021484
0.001695871353149414
0.001756906509399414
0.002368450164794922
0.0015625953674316406
0.0017108917236328125
0.002198457717895508
0.002145528793334961
0.0013415813446044922
0.002223968505859375
0.0014557838439941406
0.002203702926635742
0.0017673969268798828
0.001207113265991211
0.0015747547149658203
0.0016269683837890625
0.001786947250366211
0.0020084381103515625
0.001352071762084961
0.002025127410888672
0.0012667179107666016
0.0016193389892578125
0.0017135143280029297
0.001352548599243164
0.0026183128356933594
0.0014111995697021484
0.0015256404876708984
0.0013403892517089844
0.0014004707336425781
0.0015790462493896484
0.0015785694122314453
0.0018763542175292969
0.0015215873718261719
0.001786947250366211
0.0014841556549072266
0.0014901161193847656
0.00262451171875
0.0013222694396972656
0.002439737319946289
0.001422882080078125
0.0016682147979736328
0.001657724380493164
0.001966238021850586
0.001538991928100586
0.0021982192993164062
0.001855611801147461
0.0027513504028320312
0.0015304088592529297
0.0017626285552978516
0.0017347335815429688
0.0020723342895507812
0.0014004707336425781
0.0022301673889160156
0.0017380714416503906
0.001424551010131836
0.00127410888671875
0.0023741722106933594
0.0020351409912109375
0.0015120506286621094
0.0009100437164306641
0.0016858577728271484
0.002422809600830078
0.0015981197357177734
0.0014994144439697266
0.0016949176788330078
0.0019826889038085938
0.0015535354614257812
0.001581430435180664
0.00191497802734375
0.001997709274291992
0.0018453598022460938
0.001980304718017578
0.0017480850219726562
0.001949310302734375
0.002363920211791992
0.002039670944213867
0.0015578269958496094
0.0011985301971435547
0.0013103485107421875
0.0013575553894042969
0.0016927719116210938
0.001790761947631836
0.0009882450103759766
0.0016341209411621094
0.0011701583862304688
0.0016689300537109375
0.002412080764770508
0.0021483898162841797
0.0016565322875976562
0.0017173290252685547
0.0024209022521972656
0.0019505023956298828
0.0015881061553955078
0.0015921592712402344
0.0014376640319824219
0.0018849372863769531
0.0016222000122070312
0.0016705989837646484
0.0016009807586669922
0.0014944076538085938
0.001333475112915039
0.001859903335571289
0.0014455318450927734
0.0017712116241455078
0.0014545917510986328
0.0011184215545654297
0.0019404888153076172
0.0013575553894042969
0.0013942718505859375
0.0012774467468261719
0.001760721206665039
0.0016238689422607422
0.0017185211181640625
0.002221345901489258
0.001918792724609375
0.002093791961669922
0.0016596317291259766
0.002200603485107422
0.0013725757598876953
0.0018794536590576172
0.0011701583862304688
0.0016219615936279297
0.002093076705932617
0.001470327377319336
0.0014650821685791016
0.0012319087982177734
0.0019638538360595703
0.0014379024505615234
0.0020456314086914062
0.0015621185302734375
0.0017228126525878906
0.002320528030395508
0.0013785362243652344
0.0018069744110107422
0.0018191337585449219
0.0013675689697265625
0.0015358924865722656
0.0015044212341308594
0.0017147064208984375
0.0018393993377685547
0.0015845298767089844
0.0011997222900390625
0.0019390583038330078
0.0013589859008789062
0.0013194084167480469
0.0014989376068115234
0.0015366077423095703
0.0014672279357910156
0.0021719932556152344
0.0011982917785644531
0.0017666816711425781
0.0011477470397949219
0.002295970916748047
0.0023136138916015625
0.0009655952453613281
0.0013675689697265625
0.0019459724426269531
0.00115966796875
0.0015370845794677734
0.001178741455078125
0.0019037723541259766
0.0011801719665527344
0.0014300346374511719
0.0015697479248046875
0.0014374256134033203
0.0014324188232421875
0.0017685890197753906
0.0015442371368408203
0.0015664100646972656
0.0015673637390136719
0.0015883445739746094
0.0017096996307373047
0.0017468929290771484
0.0017037391662597656
0.0017807483673095703
0.0018968582153320312
0.0011746883392333984
0.0015382766723632812
0.0021567344665527344
0.0023407936096191406
0.001238107681274414
0.001522064208984375
0.0015366077423095703
0.0014379024505615234
0.0022690296173095703
0.0012021064758300781
0.0017216205596923828
0.0012123584747314453
0.0017974376678466797
0.0015375614166259766
0.0014851093292236328
0.0016169548034667969
0.0014729499816894531
0.0012230873107910156
0.001760721206665039
0.0012009143829345703
0.001188039779663086
0.0020599365234375
0.001580953598022461
0.0019652843475341797
0.0013689994812011719
0.001598358154296875
0.0019407272338867188
0.001522064208984375
0.0016007423400878906
0.001636505126953125
0.0015110969543457031
0.0020532608032226562
0.0017924308776855469
0.0016624927520751953
0.0014452934265136719
0.001542806625366211
0.0014140605926513672
0.0017139911651611328
0.0015223026275634766
0.0015418529510498047
0.0016727447509765625
0.0018889904022216797
0.0015842914581298828
0.0015139579772949219
0.0014858245849609375
0.0013074874877929688
0.0013267993927001953
0.0012538433074951172
0.0013527870178222656
0.0015332698822021484
0.0020232200622558594
0.0018379688262939453
0.0013954639434814453
0.0014171600341796875
0.0012617111206054688
0.0011625289916992188
0.0013818740844726562
0.0016112327575683594
0.0014078617095947266
0.0013093948364257812
0.0013561248779296875
0.0021011829376220703
0.0017325878143310547
0.0016112327575683594
0.001127004623413086
0.0015850067138671875
0.0014522075653076172
0.0012404918670654297
0.001842498779296875
0.0015075206756591797
0.001264810562133789
0.0018544197082519531
0.0016160011291503906
0.001802206039428711
0.0014688968658447266
0.0018916130065917969
0.001748800277709961
0.0014495849609375
0.0013818740844726562
0.0011754035949707031
0.0023174285888671875
0.0010898113250732422
0.0014905929565429688
0.0013306140899658203
0.0010585784912109375
0.0014295578002929688
0.0010724067687988281
0.0018646717071533203
0.0017037391662597656
0.0012831687927246094
0.001800537109375
0.0015234947204589844
0.0020983219146728516
0.0009236335754394531
0.0012240409851074219
0.0014727115631103516
0.0018932819366455078
0.0012912750244140625
0.001486063003540039
0.0021147727966308594
0.0014066696166992188
0.0014870166778564453
0.001519918441772461
0.001497030258178711
0.001665353775024414
0.0015072822570800781
0.0013434886932373047
0.0019402503967285156
0.002302885055541992
0.0012493133544921875
0.0015463829040527344
0.0019788742065429688
0.0009603500366210938
0.0016040802001953125
0.0014770030975341797
0.0013484954833984375
0.0012133121490478516
0.0013718605041503906
0.0012285709381103516
0.001508474349975586
0.0015597343444824219
0.0012257099151611328
0.0014863014221191406
0.0013730525970458984
0.001512289047241211
0.001631021499633789
0.001224517822265625
0.001215219497680664
0.0019428730010986328
0.0012385845184326172
0.0015091896057128906
0.0013434886932373047
0.0012624263763427734
0.001268148422241211
0.0010004043579101562
0.0014328956604003906
0.0012776851654052734
0.0015616416931152344
0.0014390945434570312
0.0019419193267822266
0.0012857913970947266
0.0014884471893310547
0.002098560333251953
0.0017383098602294922
0.0014290809631347656
0.0022172927856445312
0.0019974708557128906
0.0015933513641357422
0.001482248306274414
0.0019719600677490234
0.0010945796966552734
0.0014960765838623047
0.0018038749694824219
0.0016858577728271484
0.0014767646789550781
0.0016109943389892578
0.001348733901977539
0.0011894702911376953
0.0008053779602050781
0.0017163753509521484
0.001378774642944336
0.0009713172912597656
0.0017600059509277344
0.0012743473052978516
0.0014908313751220703
0.0018568038940429688
0.0020151138305664062
0.001844644546508789
0.0013766288757324219
0.001451253890991211
0.0015604496002197266
0.0018374919891357422
0.0013148784637451172
0.0018067359924316406
0.0010068416595458984
0.0013725757598876953
0.00146484375
0.001786947250366211
0.0011563301086425781
0.0018796920776367188
0.001405477523803711
0.0016553401947021484
0.0013551712036132812
0.0013227462768554688
0.0017805099487304688
0.0015244483947753906
0.0013437271118164062
0.001226186752319336
0.0017490386962890625
0.0011208057403564453
0.0011038780212402344
0.0015506744384765625
0.0014400482177734375
0.0017011165618896484
0.0020182132720947266
0.0008890628814697266
0.0014920234680175781
0.0015172958374023438
0.001882314682006836
0.0009927749633789062
0.0017304420471191406
0.0009884834289550781
0.0016684532165527344
0.0018050670623779297
0.001173257827758789
0.001699686050415039
0.0016341209411621094
0.001463174819946289
0.0016465187072753906
0.0012335777282714844
0.00183868408203125
0.0016870498657226562
0.0011830329895019531
0.0012929439544677734
0.0012080669403076172
0.0015308856964111328
0.0018455982208251953
0.0012488365173339844
0.0017266273498535156
0.0014684200286865234
0.0017337799072265625
0.000990152359008789
0.001325845718383789
0.0009195804595947266
0.0017170906066894531
0.0015270709991455078
0.0016410350799560547
0.001539468765258789
0.0014443397521972656
0.002039670944213867
0.0017633438110351562
0.0017311573028564453
0.0012319087982177734
0.001524209976196289
0.0012962818145751953
0.001268148422241211
0.0012598037719726562
0.001501321792602539
0.0017850399017333984
0.0009207725524902344
0.002030611038208008
0.001697540283203125
0.0013606548309326172
0.0011522769927978516
0.0015921592712402344
0.0015740394592285156
0.001729726791381836
0.0011751651763916016
0.0011096000671386719
0.0015163421630859375
0.001312255859375
0.0012013912200927734
0.0015485286712646484
0.00193023681640625
0.001241922378540039
0.0015115737915039062
0.0016984939575195312
0.001280069351196289
0.0012369155883789062
0.001756906509399414
0.0011501312255859375
0.001356363296508789
0.0011827945709228516
0.0018410682678222656
0.0012960433959960938
0.002180814743041992
0.0011124610900878906
0.0012705326080322266
0.0009877681732177734
0.0014367103576660156
0.001125335693359375
0.0012314319610595703
0.001895904541015625
0.0015952587127685547
0.0015230178833007812
0.0015020370483398438
0.0014035701751708984
0.0013623237609863281
0.0015676021575927734
0.0016732215881347656
0.001104593276977539
0.0018389225006103516
0.0011131763458251953
0.0012655258178710938
0.0016269683837890625
0.0015616416931152344
0.0014815330505371094
0.0015153884887695312
0.0016126632690429688
0.0014367103576660156
0.0014336109161376953
0.0011527538299560547
0.00113677978515625
0.00133514404296875
0.0013933181762695312
0.0012617111206054688
0.00174713134765625
0.0014791488647460938
0.0013852119445800781
0.0014803409576416016
0.0017268657684326172
0.0010159015655517578
0.0014660358428955078
0.001873016357421875
0.0016965866088867188
0.0019683837890625
0.0010297298431396484
0.0015821456909179688
0.0013005733489990234
0.0012514591217041016
0.001493215560913086
0.001245260238647461
0.001409769058227539
0.0014958381652832031
0.0015063285827636719
0.0012884140014648438
0.0013856887817382812
0.001672506332397461
0.001313924789428711
0.001390218734741211
0.001378774642944336
0.0012235641479492188
0.001683950424194336
0.0010783672332763672
0.0010373592376708984
0.0014197826385498047
0.0015392303466796875
0.0011551380157470703
0.0013070106506347656
0.0018131732940673828
0.0011377334594726562
0.001367330551147461
0.0013713836669921875
0.0018930435180664062
0.0010907649993896484
0.0015728473663330078
0.001277923583984375
0.0016858577728271484
0.0017614364624023438
0.0010673999786376953
0.0012004375457763672
0.0016155242919921875
0.0013191699981689453
0.001482248306274414
0.0016906261444091797
0.0018305778503417969
0.0014674663543701172
0.0012595653533935547
0.001407623291015625
0.0013890266418457031
0.0012726783752441406
0.0018224716186523438
0.0016205310821533203
0.0017437934875488281
0.0010769367218017578
0.0011622905731201172
0.0014209747314453125
0.0012087821960449219
0.0016560554504394531
0.0017473697662353516
0.0013475418090820312
0.0014872550964355469
0.0018079280853271484
0.0017557144165039062
0.001295328140258789
0.0012083053588867188
0.0014636516571044922
0.0017664432525634766
0.0013034343719482422
0.0016412734985351562
0.0012402534484863281
0.0015325546264648438
0.0012285709381103516
0.0014712810516357422
0.001035451889038086
0.0008339881896972656
0.0015094280242919922
0.001096963882446289
0.001346588134765625
0.0015902519226074219
0.0011091232299804688
0.002008199691772461
0.0014734268188476562
0.0011639595031738281
0.0018701553344726562
0.0014426708221435547
0.0014667510986328125
0.0017588138580322266
0.0009181499481201172
0.0011157989501953125
0.001983642578125
0.0022063255310058594
0.001338958740234375
0.002053499221801758
0.0012662410736083984
0.0015978813171386719
0.0012755393981933594
0.0014812946319580078
0.0013718605041503906
0.0013935565948486328
0.0015404224395751953
0.0014567375183105469
0.0010726451873779297
0.0011723041534423828
0.0010745525360107422
0.001474618911743164
0.0009553432464599609
0.0013086795806884766
0.0015757083892822266
0.0011823177337646484
0.0017347335815429688
0.0016345977783203125
0.0019321441650390625
0.0014317035675048828
0.001255035400390625
0.001299142837524414
0.0008192062377929688
0.0017082691192626953
0.00121307373046875
0.0016138553619384766
0.0013728141784667969
0.0016598701477050781
0.0015435218811035156
0.0013511180877685547
0.0015406608581542969
0.0014264583587646484
0.0011718273162841797
0.001203298568725586
0.001825571060180664
0.0014147758483886719
0.0013170242309570312
0.0013585090637207031
0.0014867782592773438
0.0018320083618164062
0.0008664131164550781
0.0015363693237304688
0.0012331008911132812
0.001489400863647461
0.0009367465972900391
0.0017099380493164062
0.001379251480102539
0.0017533302307128906
0.0014684200286865234
0.001416921615600586
0.0009832382202148438
0.0012683868408203125
0.0013899803161621094
0.001689910888671875
0.0016465187072753906
0.0010788440704345703
0.0019040107727050781
0.0018622875213623047
0.0009636878967285156
0.0015053749084472656
0.0012056827545166016
0.0015265941619873047
0.0009677410125732422
0.0012443065643310547
0.0014107227325439453
0.0013179779052734375
0.001542806625366211
0.0013473033905029297
0.0007879734039306641
0.001318216323852539
0.0018918514251708984
0.0014693737030029297
0.0020279884338378906
0.0016841888427734375
0.0014958381652832031
0.0013782978057861328
0.0014729499816894531
0.0012316703796386719
0.0016624927520751953
0.0018019676208496094
0.0017583370208740234
0.0016531944274902344
0.00146484375
0.0016484260559082031
0.0013403892517089844
0.0014684200286865234
0.0009074211120605469
0.0014119148254394531
0.0010089874267578125
0.0014853477478027344
0.0011930465698242188
0.0012924671173095703
0.0008571147918701172
0.0014584064483642578
0.0017697811126708984
0.0015039443969726562
0.0015511512756347656
0.0015571117401123047
0.0014662742614746094
0.0013856887817382812
0.0011985301971435547
0.002451181411743164
0.0016508102416992188
0.0013353824615478516
0.0014045238494873047
0.0017251968383789062
0.0011954307556152344
0.0017213821411132812
0.0014138221740722656
0.0014469623565673828
0.0013630390167236328
0.001096487045288086
0.0016396045684814453
0.001329660415649414
0.0010836124420166016
0.0009703636169433594
0.0012257099151611328
0.0013294219970703125
0.0014495849609375
0.0010170936584472656
0.0011284351348876953
0.0010118484497070312
0.0015861988067626953
0.0016002655029296875
0.0013494491577148438
0.001615762710571289
0.0012366771697998047
0.0012598037719726562
0.0013856887817382812
0.0017216205596923828
0.001394510269165039
0.0014007091522216797
0.001241922378540039
0.0013117790222167969
0.0013506412506103516
0.0018298625946044922
0.0011928081512451172
0.0015048980712890625
0.0018849372863769531
0.0011584758758544922
0.0013446807861328125
0.0015707015991210938
0.0015211105346679688
0.0010271072387695312
0.0012137889862060547
0.0012867450714111328
0.0023539066314697266
0.0013499259948730469
0.00118255615234375
0.001241922378540039
0.0012722015380859375
0.0013325214385986328
0.0011811256408691406
0.0016961097717285156
0.0011200904846191406
0.00128936767578125
0.0011665821075439453
0.001264810562133789
0.0016350746154785156
0.0017292499542236328
0.0015292167663574219
0.0017118453979492188
0.00103759765625
0.0014595985412597656
0.001543283462524414
0.001585245132446289
0.001659393310546875
0.0019910335540771484
0.001558542251586914
0.0013575553894042969
0.001895904541015625
0.001317739486694336
0.0021529197692871094
0.0014138221740722656
0.00115203857421875
0.0011768341064453125
0.001875162124633789
0.0015876293182373047
0.0011982917785644531
0.0011510848999023438
0.0007202625274658203
0.0011136531829833984
0.0011317729949951172
0.001047372817993164
0.0016641616821289062
0.0013244152069091797
0.001041412353515625
0.0010352134704589844
0.0010890960693359375
0.001031637191772461
0.0015728473663330078
0.0014369487762451172
0.0014061927795410156
0.0011930465698242188
0.0019173622131347656
0.0012810230255126953
0.0018401145935058594
0.0013582706451416016
0.0017185211181640625
0.0012197494506835938
0.0014731884002685547
0.0018320083618164062
0.0015442371368408203
0.0014414787292480469
0.0011091232299804688
0.0013589859008789062
0.0015821456909179688
0.0019099712371826172
0.0015685558319091797
0.0010521411895751953
0.001722574234008789
0.0013031959533691406
0.0015099048614501953
0.0017023086547851562
0.0015916824340820312
0.0011410713195800781
0.0016582012176513672
0.0011293888092041016
0.0014910697937011719
0.0014483928680419922
0.001333475112915039
0.0014338493347167969
0.001661539077758789
0.0010230541229248047
0.0009493827819824219
0.0012633800506591797
0.0011279582977294922
0.0008609294891357422
0.0015158653259277344
0.0013489723205566406
0.0011799335479736328
0.0015118122100830078
0.0012164115905761719
0.0017044544219970703
0.0017185211181640625
0.00133514404296875
0.0013403892517089844
0.0016477108001708984
0.0014955997467041016
0.0011649131774902344
0.0012433528900146484
0.001743316650390625
0.0008280277252197266
0.0011396408081054688
0.001566171646118164
0.0009520053863525391
0.0015227794647216797
0.0015003681182861328
0.0010721683502197266
0.0013556480407714844
0.001583099365234375
0.0017092227935791016
0.001238107681274414
0.0013988018035888672
0.0012230873107910156
0.001636505126953125
0.0012018680572509766
0.0016055107116699219
0.001466989517211914
0.0019123554229736328
0.0016946792602539062
0.0009865760803222656
0.0011866092681884766
0.001369476318359375
0.0014433860778808594
0.0013320446014404297
0.0014748573303222656
0.001638650894165039
0.0010111331939697266
0.0012476444244384766
0.0015761852264404297
0.0012049674987792969
0.0011534690856933594
0.0014684200286865234
0.001554727554321289
0.001783132553100586
0.0015687942504882812
0.0012660026550292969
0.001430511474609375
0.0015425682067871094
0.001018524169921875
0.002016305923461914
0.0016140937805175781
0.0009489059448242188
0.00115203857421875
0.0015883445739746094
0.0014145374298095703
0.0010941028594970703
0.001123666763305664
0.0011930465698242188
0.0014820098876953125
0.0019526481628417969
0.0007874965667724609
0.0017268657684326172
0.0012164115905761719
0.001626729965209961
0.0013728141784667969
0.0016837120056152344
0.0011434555053710938
0.0014925003051757812
0.0013179779052734375
0.001825571060180664
0.0010833740234375
0.0011539459228515625
0.0020284652709960938
0.0013189315795898438
0.001383066177368164
0.001233816146850586
0.001398324966430664
0.001485586166381836
0.0009686946868896484
0.001306772232055664
0.0013020038604736328
0.0009312629699707031
0.0013003349304199219
0.001043558120727539
0.0009946823120117188
0.0016896724700927734
0.0014233589172363281
0.0010526180267333984
0.0013954639434814453
0.0019414424896240234
0.0012671947479248047
0.0016605854034423828
0.0013053417205810547
0.0015990734100341797
0.0018680095672607422
0.0012624263763427734
0.0013301372528076172
0.0014226436614990234
0.0014598369598388672
0.0015552043914794922
0.0010755062103271484
0.0020842552185058594
0.0015931129455566406
0.0016665458679199219
0.0013165473937988281
0.0013005733489990234
0.0012085437774658203
0.0012898445129394531
0.0011119842529296875
0.0013573169708251953
0.0011188983917236328
0.0016326904296875
0.0014297962188720703
0.0011370182037353516
0.0009229183197021484
0.0011165142059326172
0.00138092041015625
0.0013859272003173828
0.0015649795532226562
0.001951456069946289
0.002039670944213867
0.0010623931884765625
0.0014395713806152344
0.0015559196472167969
0.0013928413391113281
0.0016980171203613281
0.0009472370147705078
0.001819610595703125
0.0018258094787597656
0.0016002655029296875
0.001363515853881836
0.0009312629699707031
0.0010652542114257812
0.0018846988677978516
0.001435995101928711
0.0011017322540283203
0.0014128684997558594
0.0011074542999267578
0.0008819103240966797
0.0017857551574707031
0.0013947486877441406
0.0019435882568359375
0.0015752315521240234
0.0009903907775878906
0.0012481212615966797
0.0016527175903320312
0.001344442367553711
0.0014774799346923828
0.0010943412780761719
0.0016818046569824219
0.0016553401947021484
0.0012586116790771484
0.0010786056518554688
0.0014617443084716797
0.0012335777282714844
0.001247406005859375
0.0014007091522216797
0.00159454345703125
0.0012314319610595703
0.0014798641204833984
0.0012934207916259766
0.0014400482177734375
0.0012331008911132812
0.0014042854309082031
0.0012171268463134766
0.002040386199951172
0.0011916160583496094
0.0014553070068359375
0.0010519027709960938
0.001827239990234375
0.0014462471008300781
0.0017733573913574219
0.0018248558044433594
0.0013632774353027344
0.001316070556640625
0.0009589195251464844
0.0015189647674560547
0.00152587890625
0.0013871192932128906
0.001348257064819336
0.001867532730102539
0.0015988349914550781
0.0018534660339355469
0.0016853809356689453
0.0009789466857910156
0.0014202594757080078
0.0012485980987548828
0.0011854171752929688
0.001392364501953125
0.0013120174407958984
0.0015246868133544922
0.0012536048889160156
0.001650094985961914
0.0013675689697265625
0.0012047290802001953
0.0009534358978271484
0.0019843578338623047
0.0014469623565673828
0.0011146068572998047
0.001176595687866211
0.0009608268737792969
0.0015027523040771484
0.0011248588562011719
0.0012104511260986328
0.0014176368713378906
0.0012936592102050781
0.002022266387939453
0.001201629638671875
0.0010027885437011719
0.0011391639709472656
0.0013611316680908203
0.0013861656188964844
0.0016942024230957031
0.0014314651489257812
0.001523733139038086
0.0012950897216796875
0.001979827880859375
0.0012595653533935547
0.0016469955444335938
0.0015294551849365234
0.0010025501251220703
0.0018200874328613281
0.001390695571899414
0.0016512870788574219
0.0016531944274902344
0.0013899803161621094
0.0013611316680908203
0.001413583755493164
0.0013108253479003906
0.0010249614715576172
0.0011167526245117188
0.0012967586517333984
0.0015044212341308594
0.0010874271392822266
0.0011019706726074219
0.0017278194427490234
0.0009663105010986328
0.0013365745544433594
0.0013589859008789062
0.0012748241424560547
0.001451730728149414
0.0013356208801269531
0.0012211799621582031
0.0014619827270507812
0.0014674663543701172
0.0014781951904296875
0.0010256767272949219
0.001552581787109375
0.0013897418975830078
0.0014586448669433594
0.0014772415161132812
0.0010907649993896484
0.0012347698211669922
0.0016698837280273438
0.001191854476928711
0.0015704631805419922
0.0009436607360839844
0.0011501312255859375
0.0012814998626708984
0.001218557357788086
0.0011408329010009766
0.0018320083618164062
0.0010113716125488281
0.0018668174743652344
0.0013730525970458984
0.0014643669128417969
0.0018131732940673828
0.0017209053039550781
0.0016207695007324219
0.0016727447509765625
0.001352548599243164
0.0012862682342529297
0.0010714530944824219
0.0010716915130615234
0.0015022754669189453
0.001781463623046875
0.0015938282012939453
0.0012116432189941406
0.0015819072723388672
0.0009660720825195312
0.0015330314636230469
0.0012297630310058594
0.0012989044189453125
0.0015599727630615234
0.001786947250366211
0.0013742446899414062
0.0012392997741699219
0.0013823509216308594
0.0012731552124023438
0.0012900829315185547
0.0012707710266113281
0.001729726791381836
0.001474618911743164
0.0014827251434326172
0.0015757083892822266
0.0014927387237548828
0.0014452934265136719
0.001870870590209961
0.001584768295288086
0.0014219284057617188
0.00151824951171875
0.0010225772857666016
0.001116037368774414
0.0012967586517333984
0.0009746551513671875
0.001523733139038086
0.0015645027160644531
0.0012941360473632812
0.0016045570373535156
0.0014622211456298828
0.0015659332275390625
0.0015060901641845703
0.001462697982788086
0.000995635986328125
0.0012693405151367188
0.0013337135314941406
0.0012750625610351562
0.0017173290252685547
0.0009262561798095703
0.0014944076538085938
0.0016834735870361328
0.0019426345825195312
0.0011484622955322266
0.0011606216430664062
0.0013871192932128906
0.0012655258178710938
0.0013117790222167969
0.0009744167327880859
0.0013189315795898438
0.0014178752899169922
0.0011143684387207031
0.0013031959533691406
0.001191854476928711
0.0016674995422363281
0.00131988525390625
0.0010755062103271484
0.0016002655029296875
0.0012869834899902344
0.0017476081848144531
0.0016186237335205078
0.0011966228485107422
0.0012464523315429688
0.0015041828155517578
0.001588582992553711
0.0019040107727050781
0.0013377666473388672
0.0017120838165283203
0.001107931137084961
0.0009920597076416016
0.0015788078308105469
0.001483917236328125
0.0010349750518798828
0.0014052391052246094
0.0017268657684326172
0.001224517822265625
0.0014798641204833984
0.0010671615600585938
0.0013692378997802734
0.0013611316680908203
0.0016658306121826172
0.0013964176177978516
0.0010323524475097656
0.0009450912475585938
0.0012531280517578125
0.0014293193817138672
0.0018968582153320312
0.0011298656463623047
0.0014307498931884766
0.0013918876647949219
0.0012748241424560547
0.0016367435455322266
0.0017137527465820312
0.0011296272277832031
0.0016942024230957031
