325.8571448326111
325.2900984287262
324.7788906097412
324.7045199871063
324.0872893333435
324.00869274139404
323.07740902900696
323.2546315193176
322.24222707748413
322.03492975234985
320.9134202003479
320.10188579559326
319.5967800617218
318.74589562416077
318.0494165420532
318.85535621643066
318.73158288002014
318.4673705101013
318.49226236343384
317.9405257701874
317.3886773586273
317.94646167755127
315.66834473609924
315.0394241809845
312.05778193473816
304.8819181919098
295.4109342098236
287.024267911911
280.05004358291626
271.44530642032623
258.9531327486038
239.02838277816772
229.02136266231537
226.21146619319916
196.44992911815643
193.33976060152054
189.05622386932373
187.81020706892014
176.08620589971542
171.2785295844078
163.20253318548203
149.62451660633087
142.93005633354187
149.60145473480225
141.48562049865723
122.14050990343094
115.32351493835449
130.2754037976265
104.91115611791611
110.80831736326218
99.7146001458168
91.3209615945816
86.0793188214302
90.5272753238678
81.2870306968689
73.80257961153984
65.59811198711395
68.5090221464634
69.69941246509552
55.69265174865723
64.25097259879112
47.91434794664383
58.15128022432327
56.01179301738739
43.76093405485153
45.85671046376228
45.770014077425
40.43419122695923
37.373323023319244
30.721467316150665
40.969693064689636
32.08428531885147
28.260129392147064
24.077192902565002
28.65650862455368
23.12525248527527
22.703300893306732
23.71542716026306
22.990094661712646
19.85038724541664
15.787366032600403
18.580263137817383
15.975725889205933
13.416281938552856
18.18334150314331
14.724968910217285
11.1276313662529
15.256369829177856
9.527757465839386
12.684604227542877
11.302565813064575
10.957135915756226
6.208604574203491
14.591461539268494
10.10867828130722
12.785065114498138
14.561276257038116
12.428911328315735
12.344150185585022
6.667091012001038
11.764455556869507
7.914516746997833
2.766944944858551
3.4991570711135864
3.0275349617004395
2.7986481189727783
1.8653556108474731
1.1860015392303467
4.801251173019409
4.547316312789917
11.948876142501831
4.317351758480072
2.179069757461548
2.707002282142639
2.4837476015090942
6.45359742641449
3.6110490560531616
0.858977198600769
0.4312847852706909
0.45017099380493164
0.5901902914047241
4.9199172258377075
4.743360102176666
1.584348440170288
0.42595791816711426
0.28080856800079346
0.7088719606399536
0.9241064786911011
0.3120391368865967
0.19485390186309814
0.22085118293762207
0.1836622953414917
0.10197842121124268
0.15586566925048828
0.12735331058502197
0.2012801170349121
1.2635542154312134
5.980434775352478
11.250840783119202
0.9855709075927734
2.8941131830215454
3.178738236427307
1.3038305044174194
0.7095135450363159
0.3422359228134155
0.17693912982940674
0.2741132974624634
0.4497290849685669
0.15277695655822754
0.13823556900024414
0.10516619682312012
0.10640692710876465
0.10716056823730469
0.06451654434204102
0.058446407318115234
0.05888688564300537
0.08245182037353516
0.06980502605438232
0.059760212898254395
0.054961204528808594
0.05767476558685303
0.05571269989013672
0.060678720474243164
0.0612492561340332
0.04329204559326172
0.04370737075805664
0.06251287460327148
0.05074203014373779
0.03905355930328369
0.047867774963378906
0.049103736877441406
0.042860984802246094
0.037113189697265625
0.0484461784362793
0.03155636787414551
0.03847932815551758
0.0376591682434082
0.040523529052734375
0.04719901084899902
0.034783244132995605
0.0379786491394043
0.03352499008178711
0.03357219696044922
0.0439302921295166
0.035443782806396484
0.024115324020385742
0.03635811805725098
0.019013404846191406
0.022383928298950195
0.031410932540893555
0.017965316772460938
0.03078150749206543
0.019611120223999023
0.024941682815551758
0.017637252807617188
0.020383834838867188
0.019636869430541992
0.020086050033569336
0.02247905731201172
0.020618796348571777
0.022529125213623047
0.023479819297790527
0.0280759334564209
0.015439033508300781
0.017570018768310547
0.026146411895751953
0.02011871337890625
0.01806926727294922
0.01516270637512207
0.019747495651245117
0.02287912368774414
0.020445823669433594
0.016045331954956055
0.021382808685302734
0.018230438232421875
0.025922060012817383
0.01814126968383789
0.025849342346191406
0.030948638916015625
0.02392268180847168
0.019953250885009766
0.02225208282470703
0.02169656753540039
0.013562679290771484
0.017116665840148926
0.018121957778930664
0.014620780944824219
0.013804197311401367
0.014731645584106445
0.018635034561157227
0.018099546432495117
0.018805503845214844
0.011834144592285156
0.013650894165039062
0.015572071075439453
0.014047861099243164
0.012915849685668945
0.011236429214477539
0.012296915054321289
0.01735091209411621
0.01193094253540039
0.010879039764404297
0.018093109130859375
0.017592430114746094
0.01520395278930664
0.009572029113769531
0.016630172729492188
0.01034235954284668
0.015364289283752441
0.014499664306640625
0.01540374755859375
0.01579904556274414
0.01383066177368164
0.009253263473510742
0.013755559921264648
0.01255655288696289
0.02235579490661621
0.01988232135772705
0.010936498641967773
0.014561891555786133
0.010992050170898438
0.015220880508422852
0.013993978500366211
0.012676477432250977
0.010651350021362305
0.012172698974609375
0.011990070343017578
0.019638538360595703
0.01320195198059082
0.009992361068725586
0.01383066177368164
0.012439489364624023
0.01379537582397461
0.01145625114440918
0.007731914520263672
0.010074138641357422
0.00975501537322998
0.013721227645874023
0.00842905044555664
0.011843681335449219
0.00793600082397461
0.01129770278930664
0.009149551391601562
0.013785123825073242
0.011844873428344727
0.01052236557006836
0.011519432067871094
0.009061574935913086
0.008457422256469727
0.012062311172485352
0.00728917121887207
0.012046098709106445
0.01336526870727539
0.010916709899902344
0.010499238967895508
0.01132965087890625
0.009990453720092773
0.014740228652954102
0.010802507400512695
0.012595415115356445
0.01072072982788086
0.011203765869140625
0.01168203353881836
0.00888514518737793
0.02373218536376953
0.008055686950683594
0.008455038070678711
0.009949445724487305
0.009180784225463867
0.010837554931640625
0.01019287109375
0.007204771041870117
0.009382963180541992
0.0071790218353271484
0.008810043334960938
0.010033607482910156
0.011037349700927734
0.00927591323852539
0.011883020401000977
0.00641179084777832
0.009478330612182617
0.014910221099853516
0.008902549743652344
0.009871244430541992
0.00862264633178711
0.00927424430847168
0.008777856826782227
0.007546186447143555
0.009948492050170898
0.016128063201904297
0.012171745300292969
0.006627559661865234
0.008938074111938477
0.01083064079284668
0.009540915489196777
0.01021122932434082
0.012268304824829102
0.008751869201660156
0.006118059158325195
0.00835418701171875
0.011839151382446289
0.008084416389465332
0.009800910949707031
0.010906696319580078
0.008207082748413086
0.007822275161743164
0.009509921073913574
0.010912895202636719
0.006730079650878906
0.010140657424926758
0.007714271545410156
0.00976872444152832
0.007757425308227539
0.010283231735229492
0.006738185882568359
0.005865573883056641
0.008363723754882812
0.007647037506103516
0.009688377380371094
0.009162425994873047
0.008947610855102539
0.008888721466064453
0.007384061813354492
0.008044004440307617
0.007486581802368164
0.006310939788818359
0.009352445602416992
0.010365962982177734
0.006883382797241211
0.008156061172485352
0.008152008056640625
0.007917165756225586
0.007786989212036133
0.006629228591918945
0.007351875305175781
0.0063779354095458984
0.005903005599975586
0.009546756744384766
0.009770393371582031
0.006371021270751953
0.005945682525634766
0.008948326110839844
0.008089303970336914
0.006804227828979492
0.007965326309204102
0.008992195129394531
0.011695623397827148
0.009336709976196289
0.007878303527832031
0.006914615631103516
0.00559687614440918
0.008047342300415039
0.008140087127685547
0.007044076919555664
0.0049343109130859375
0.007281064987182617
0.0065882205963134766
0.007907867431640625
0.0072689056396484375
0.00890040397644043
0.0067901611328125
0.008411407470703125
0.006280422210693359
0.006806850433349609
0.008712053298950195
0.008486747741699219
0.007592916488647461
0.009907960891723633
0.0072841644287109375
0.006848812103271484
0.0076007843017578125
0.0047893524169921875
0.007740020751953125
0.007168292999267578
0.010629415512084961
0.005925416946411133
0.007291555404663086
0.00607609748840332
0.007777214050292969
0.007909297943115234
0.006824493408203125
0.00494384765625
0.0054247379302978516
0.0058596134185791016
0.006790637969970703
0.0063495635986328125
0.005820035934448242
0.007363557815551758
0.006696939468383789
0.006415605545043945
0.00822901725769043
0.005118846893310547
0.0061533451080322266
0.006287574768066406
0.012810707092285156
0.009192228317260742
0.0067272186279296875
0.00553584098815918
0.00896143913269043
0.0050585269927978516
0.006172895431518555
0.01311182975769043
0.0064547061920166016
0.0053882598876953125
0.007641315460205078
0.006985664367675781
0.0057048797607421875
0.006242275238037109
0.0077362060546875
0.00603485107421875
0.005873680114746094
0.006467342376708984
0.007969379425048828
0.006288766860961914
0.00721287727355957
0.005633831024169922
0.005623579025268555
0.005356311798095703
0.006791830062866211
0.006425380706787109
0.010020732879638672
0.006838560104370117
0.00623774528503418
0.0037500858306884766
0.006552934646606445
0.007942676544189453
0.006789445877075195
0.005127668380737305
0.006079435348510742
0.00756525993347168
0.007133007049560547
0.010326385498046875
0.005421876907348633
0.0069849491119384766
0.008022069931030273
0.006766796112060547
0.006974697113037109
0.006726503372192383
0.004837989807128906
0.0045812129974365234
0.0068569183349609375
0.00551915168762207
0.007581472396850586
0.004673480987548828
0.00664973258972168
0.005009889602661133
0.006940603256225586
0.00484776496887207
0.0043599605560302734
0.005940675735473633
0.005453586578369141
0.007130622863769531
0.007368326187133789
0.006169795989990234
0.005498170852661133
0.005913972854614258
0.006109476089477539
0.0063915252685546875
0.005527496337890625
0.006170034408569336
0.005247592926025391
0.007503509521484375
0.005647897720336914
0.0068280696868896484
0.008336067199707031
0.012044906616210938
0.006293535232543945
0.0073239803314208984
0.006723165512084961
0.004832267761230469
0.005635261535644531
0.004587411880493164
0.004720449447631836
0.007859468460083008
0.006566047668457031
0.006371259689331055
0.007576465606689453
0.005407094955444336
0.005331277847290039
0.006414890289306641
0.006578207015991211
0.005692243576049805
0.004911661148071289
0.0070035457611083984
0.004348278045654297
0.005281925201416016
0.0055811405181884766
0.009000539779663086
0.004457950592041016
0.00804448127746582
0.0072553157806396484
0.006887197494506836
0.004193305969238281
0.005032777786254883
0.007397890090942383
0.0056993961334228516
0.0057299137115478516
0.004914283752441406
0.006056547164916992
0.006999969482421875
0.005891084671020508
0.005600690841674805
0.0053899288177490234
0.0065097808837890625
0.005767107009887695
0.004862785339355469
0.0050449371337890625
0.007167816162109375
0.004889488220214844
0.0059468746185302734
0.0050432682037353516
0.006074666976928711
0.007066965103149414
0.006627321243286133
0.003943204879760742
0.00662994384765625
0.00546574592590332
0.00604701042175293
0.006002187728881836
0.0044629573822021484
0.005136013031005859
0.005777835845947266
0.00767064094543457
0.005173683166503906
0.006109476089477539
0.005396842956542969
0.005789518356323242
0.004989147186279297
0.005987882614135742
0.004258155822753906
0.005938053131103516
0.005220890045166016
0.005334615707397461
0.004730224609375
0.006865739822387695
0.0053882598876953125
0.009146928787231445
0.0055730342864990234
0.005301475524902344
0.004776954650878906
0.00534510612487793
0.00593113899230957
0.0057430267333984375
0.00737452507019043
0.006345033645629883
0.005835533142089844
0.004975557327270508
0.00583195686340332
0.007921218872070312
0.006514549255371094
0.0044689178466796875
0.006269216537475586
0.005942106246948242
0.004385948181152344
0.004491090774536133
0.004146575927734375
0.00461578369140625
0.006594657897949219
0.005532264709472656
0.005278110504150391
0.004709005355834961
0.004738807678222656
0.004636526107788086
0.0048656463623046875
0.0067174434661865234
0.007162332534790039
0.0056989192962646484
0.005070686340332031
0.0056781768798828125
0.0058863162994384766
0.004659414291381836
0.005673885345458984
0.005535125732421875
0.004603862762451172
0.005299568176269531
0.004806041717529297
0.006198883056640625
0.0037505626678466797
0.006936073303222656
0.005429983139038086
0.006030559539794922
0.0059397220611572266
0.00467228889465332
0.005344390869140625
0.004471302032470703
0.006912946701049805
0.0054814815521240234
0.0055353641510009766
0.004069328308105469
0.008618593215942383
0.0045223236083984375
0.0035643577575683594
0.005878448486328125
0.0051784515380859375
0.006504535675048828
0.004536628723144531
0.004985332489013672
0.006409883499145508
0.006905794143676758
0.0038917064666748047
0.004620075225830078
0.005570650100708008
0.005270481109619141
0.004760026931762695
0.004176139831542969
0.005951642990112305
0.006042003631591797
0.004906415939331055
0.0044934749603271484
0.003740549087524414
0.0048754215240478516
0.00530552864074707
0.004645109176635742
0.0044956207275390625
0.0045926570892333984
0.004472017288208008
0.007313728332519531
0.0053064823150634766
0.006306171417236328
0.004601478576660156
0.00568842887878418
0.00590205192565918
0.004557371139526367
0.00573420524597168
0.005591630935668945
0.0049953460693359375
0.0061948299407958984
0.0060923099517822266
0.004832029342651367
0.00411224365234375
0.005646467208862305
0.004312038421630859
0.00511479377746582
0.004405021667480469
0.006428956985473633
0.004784345626831055
0.005551815032958984
0.004935741424560547
0.0065174102783203125
0.005620002746582031
0.004869699478149414
0.0040721893310546875
0.004725456237792969
0.004673480987548828
0.005318164825439453
0.005322933197021484
0.003663778305053711
0.0041332244873046875
0.004876852035522461
0.005293130874633789
0.005899190902709961
0.0045812129974365234
0.005906105041503906
0.005974531173706055
0.004090309143066406
0.0053005218505859375
0.006266593933105469
0.004786014556884766
0.0047948360443115234
0.004649162292480469
0.003429412841796875
0.00582122802734375
0.004408836364746094
0.00796961784362793
0.005132198333740234
0.0064623355865478516
0.0035517215728759766
0.008408784866333008
0.004807233810424805
0.004224061965942383
0.005441427230834961
0.004877328872680664
0.0051898956298828125
0.00455927848815918
0.0038149356842041016
0.00531458854675293
0.003223896026611328
0.005343437194824219
0.0044705867767333984
0.004084587097167969
0.0053844451904296875
0.00595855712890625
0.004421234130859375
0.003630399703979492
0.0053081512451171875
0.005171537399291992
0.005231380462646484
0.0040090084075927734
0.0038347244262695312
0.008311271667480469
0.0042150020599365234
0.0035381317138671875
0.006567478179931641
0.007035493850708008
0.005570650100708008
0.0048029422760009766
0.00436854362487793
0.0035593509674072266
0.005081653594970703
0.007258415222167969
0.0039446353912353516
0.004950523376464844
0.005228757858276367
0.005907773971557617
0.006094217300415039
0.004379987716674805
0.0062754154205322266
0.004195690155029297
0.004355430603027344
0.0048923492431640625
0.0076558589935302734
0.005037546157836914
0.0041713714599609375
0.0046308040618896484
0.004274606704711914
0.0042877197265625
0.004327058792114258
0.005152463912963867
0.005465030670166016
0.0038716793060302734
0.00589752197265625
0.004544258117675781
0.0041255950927734375
0.004995107650756836
0.005897045135498047
0.005197763442993164
0.0037081241607666016
0.005366086959838867
0.0046558380126953125
0.004658699035644531
0.005724668502807617
0.005476713180541992
0.004715681076049805
0.005175352096557617
0.0063097476959228516
0.004931926727294922
0.00437164306640625
0.004205465316772461
0.004819393157958984
0.004477262496948242
0.005068540573120117
0.004071950912475586
0.004530429840087891
0.006365060806274414
0.0044476985931396484
0.006814241409301758
0.004771232604980469
0.004397869110107422
0.004670858383178711
0.0048711299896240234
0.004981517791748047
0.004706144332885742
0.005034923553466797
0.004408359527587891
0.0051860809326171875
0.0049326419830322266
0.004415750503540039
0.004060506820678711
0.005555391311645508
0.004256486892700195
0.004461050033569336
0.005181312561035156
0.0043675899505615234
0.003726959228515625
0.003763914108276367
0.004521846771240234
0.004873991012573242
0.004151821136474609
0.005364894866943359
0.00457000732421875
0.006781339645385742
0.007326364517211914
0.004037141799926758
0.004534244537353516
0.0037093162536621094
0.004418134689331055
0.005431175231933594
0.0050067901611328125
0.004546403884887695
0.005400419235229492
0.0037147998809814453
0.004964351654052734
0.004103422164916992
0.0039560794830322266
0.005354404449462891
0.005804777145385742
0.0063936710357666016
0.003911733627319336
0.004924297332763672
0.0045812129974365234
0.0040149688720703125
0.004865407943725586
0.006082057952880859
0.004670143127441406
0.003813505172729492
0.0034379959106445312
0.008076190948486328
0.0053272247314453125
0.003421306610107422
0.004868984222412109
0.005507469177246094
0.006232738494873047
0.0036716461181640625
0.0033309459686279297
0.0034601688385009766
0.0037322044372558594
0.005453586578369141
0.005081892013549805
0.004593372344970703
0.004317045211791992
0.005331516265869141
0.005203723907470703
0.004795551300048828
0.004604339599609375
0.005181312561035156
0.004723072052001953
0.004011392593383789
0.004528522491455078
0.005486726760864258
0.005021333694458008
0.0035479068756103516
0.0038003921508789062
0.0037300586700439453
0.007357358932495117
0.003464221954345703
0.004369497299194336
0.003542184829711914
0.004932403564453125
0.004540920257568359
0.004885673522949219
0.003983736038208008
0.005316019058227539
0.0050525665283203125
0.004250049591064453
0.004256725311279297
0.0045435428619384766
0.005079984664916992
0.0067157745361328125
0.004975318908691406
0.004131793975830078
0.004081249237060547
0.004126787185668945
0.005697727203369141
0.00419163703918457
0.004598855972290039
0.0033540725708007812
0.004029512405395508
0.0044786930084228516
0.004431247711181641
0.00353240966796875
0.004041433334350586
0.0038127899169921875
0.003255128860473633
0.005086660385131836
0.004219532012939453
0.005415916442871094
0.003931522369384766
0.0033638477325439453
0.004066944122314453
0.005884647369384766
0.006135463714599609
0.004665374755859375
0.0058498382568359375
0.004603862762451172
0.003687143325805664
0.006327629089355469
0.007363080978393555
0.003638029098510742
0.005341768264770508
0.0039310455322265625
0.00371551513671875
0.004500627517700195
0.005891084671020508
0.003760814666748047
0.009084939956665039
0.004002809524536133
0.0048274993896484375
0.003454923629760742
0.00390934944152832
0.004988431930541992
0.004703044891357422
0.005771636962890625
0.004416942596435547
0.004976987838745117
0.004643440246582031
0.003846883773803711
0.006432533264160156
0.004378318786621094
0.0046007633209228516
0.005371809005737305
0.005308866500854492
0.0059947967529296875
0.006460428237915039
0.0040438175201416016
0.004657268524169922
0.003683328628540039
0.003806591033935547
0.0037572383880615234
0.004941463470458984
0.0033059120178222656
0.005242586135864258
0.004629611968994141
0.003997802734375
0.0034143924713134766
0.005268096923828125
0.004144906997680664
0.004233837127685547
0.005103588104248047
0.005678653717041016
0.005193471908569336
0.0027551651000976562
0.003705739974975586
0.004324674606323242
0.004250049591064453
0.003726482391357422
0.004612922668457031
0.004851341247558594
0.0047762393951416016
0.004923582077026367
0.004560947418212891
0.003911256790161133
0.003779888153076172
0.0037965774536132812
0.005295276641845703
0.0034427642822265625
0.00473785400390625
0.003957271575927734
0.00781869888305664
0.004387378692626953
0.004064083099365234
0.004215717315673828
0.0037734508514404297
0.004013776779174805
0.00606989860534668
0.004365444183349609
0.0046732425689697266
0.003854036331176758
0.0044858455657958984
0.0039288997650146484
0.005578279495239258
0.0034215450286865234
0.006688594818115234
0.005425930023193359
0.004832744598388672
0.004072904586791992
0.0051343441009521484
0.003410816192626953
0.004801750183105469
0.008061408996582031
0.004739284515380859
0.0049381256103515625
0.005620241165161133
0.0063669681549072266
0.0035393238067626953
0.004769325256347656
0.005053281784057617
0.005225658416748047
0.003964900970458984
0.005247831344604492
0.0031023025512695312
0.005844831466674805
0.003931999206542969
0.003339052200317383
0.004275321960449219
0.005248069763183594
0.0030748844146728516
0.004738569259643555
0.004117012023925781
0.003981590270996094
0.0038542747497558594
0.004544734954833984
0.003961324691772461
0.004286289215087891
0.003466367721557617
0.003559589385986328
0.003893613815307617
0.00494837760925293
0.005104780197143555
0.004025459289550781
0.0047495365142822266
0.003978252410888672
0.0070302486419677734
0.005599021911621094
0.0031583309173583984
0.0049817562103271484
0.004359006881713867
0.004556179046630859
0.0037796497344970703
0.0041997432708740234
0.0061376094818115234
0.0050013065338134766
0.0037775039672851562
0.0048525333404541016
0.003942012786865234
0.0043146610260009766
0.005305290222167969
0.0031485557556152344
0.004384040832519531
0.0034873485565185547
0.003603219985961914
0.00446319580078125
0.003454446792602539
0.0041005611419677734
0.0036542415618896484
0.004564046859741211
0.004264354705810547
0.004917144775390625
0.006005764007568359
0.004749298095703125
0.00457000732421875
0.0043239593505859375
0.00478816032409668
0.004990100860595703
0.004184246063232422
0.004289388656616211
0.004370689392089844
0.004895210266113281
0.005830526351928711
0.00405430793762207
0.004973888397216797
0.004735708236694336
0.00415802001953125
0.0049285888671875
0.005239248275756836
0.004592418670654297
0.0045392513275146484
0.005110979080200195
0.0035552978515625
0.008187532424926758
0.00411534309387207
0.005146980285644531
0.0036897659301757812
0.004693269729614258
0.003282308578491211
0.003975868225097656
0.0045778751373291016
0.00531005859375
0.004250049591064453
0.004650592803955078
0.0038793087005615234
0.0036334991455078125
0.003657102584838867
0.0037326812744140625
0.004521608352661133
0.0040476322174072266
0.002891063690185547
0.004460334777832031
0.003688335418701172
0.003777742385864258
0.005464315414428711
0.003927946090698242
0.006323337554931641
0.0035161972045898438
0.0036041736602783203
0.005069732666015625
0.0042002201080322266
0.004908084869384766
0.003836393356323242
0.005274057388305664
0.0041255950927734375
0.0036478042602539062
0.007317304611206055
0.003908634185791016
0.004908084869384766
0.0061261653900146484
0.004066944122314453
0.0035021305084228516
0.0028314590454101562
0.004878520965576172
0.005570173263549805
0.003005504608154297
0.0048122406005859375
0.003266572952270508
0.0045697689056396484
0.004355907440185547
0.004365205764770508
0.004914760589599609
0.0035665035247802734
0.003574371337890625
0.0054473876953125
0.005255460739135742
0.004259824752807617
0.005057334899902344
0.004334211349487305
0.004813194274902344
0.004805564880371094
0.0029866695404052734
0.005373239517211914
0.005528450012207031
0.0036470890045166016
0.004517555236816406
0.0034792423248291016
0.003323078155517578
0.00450587272644043
0.003907918930053711
0.0038204193115234375
0.0051422119140625
0.0037767887115478516
0.007041454315185547
0.006335258483886719
0.0033066272735595703
0.004111051559448242
0.003215312957763672
0.004313230514526367
0.004851818084716797
0.0044858455657958984
0.0033235549926757812
0.005683422088623047
0.0037343502044677734
0.0037708282470703125
0.004937410354614258
0.003708362579345703
0.0050656795501708984
0.004041194915771484
0.005124092102050781
0.004006624221801758
0.0043447017669677734
0.0032460689544677734
0.006155967712402344
0.0033903121948242188
0.004924774169921875
0.004448413848876953
0.0039000511169433594
0.0041425228118896484
0.003814697265625
0.007243633270263672
0.004211902618408203
0.003933429718017578
0.0040018558502197266
0.0036211013793945312
0.006005764007568359
0.004627704620361328
0.0031545162200927734
0.0033118724822998047
0.004555702209472656
0.008703470230102539
0.003688812255859375
0.004640102386474609
0.0047223567962646484
0.0037603378295898438
0.00487971305847168
0.0043447017669677734
0.0046465396881103516
0.004362344741821289
0.004712104797363281
0.004208564758300781
0.003810405731201172
0.0029458999633789062
0.003740072250366211
0.004363059997558594
0.004132747650146484
0.003435850143432617
0.004158973693847656
0.004570960998535156
0.005975484848022461
0.004202365875244141
0.006509542465209961
0.0037391185760498047
0.0035982131958007812
0.0051691532135009766
0.0054018497467041016
0.0048182010650634766
0.006792306900024414
0.0036249160766601562
0.0063741207122802734
0.005070209503173828
0.0036306381225585938
0.004124879837036133
0.003564119338989258
0.0029680728912353516
0.004490852355957031
0.004686594009399414
0.004845380783081055
0.005891084671020508
0.0037276744842529297
0.0035970211029052734
0.00452733039855957
0.0033168792724609375
0.0041446685791015625
0.0030832290649414062
0.0044803619384765625
0.0037789344787597656
0.0037920475006103516
0.003810405731201172
0.006505727767944336
0.0033228397369384766
0.0049817562103271484
0.004330873489379883
0.0051152706146240234
0.0042569637298583984
0.003478527069091797
0.003859281539916992
0.003459930419921875
0.005544424057006836
0.004007816314697266
0.004555463790893555
0.004602909088134766
0.004120349884033203
0.004417896270751953
0.004018306732177734
0.005520343780517578
0.0048675537109375
0.0034363269805908203
0.0051233768463134766
0.0033333301544189453
0.005723714828491211
0.005706071853637695
0.002764463424682617
0.0036878585815429688
0.004382133483886719
0.0041806697845458984
0.004491567611694336
0.00522303581237793
0.0034050941467285156
0.005438566207885742
0.005025386810302734
0.004130840301513672
0.0030717849731445312
0.004225730895996094
0.0040624141693115234
0.005025625228881836
0.004395008087158203
0.0056455135345458984
0.0025572776794433594
0.005981922149658203
0.0036444664001464844
0.008136510848999023
0.004575967788696289
0.004209280014038086
0.0033233165740966797
0.003865957260131836
0.004390716552734375
0.003674745559692383
0.005685329437255859
0.0050754547119140625
0.004938602447509766
0.005607128143310547
0.0036649703979492188
0.005362510681152344
0.003954887390136719
0.0034198760986328125
0.003239154815673828
0.004747867584228516
0.005567789077758789
0.0034956932067871094
0.005287885665893555
0.003359556198120117
0.004071235656738281
0.0034835338592529297
0.003936767578125
0.003840923309326172
0.0032057762145996094
0.004860639572143555
0.0045604705810546875
0.0042514801025390625
0.0037965774536132812
0.003930807113647461
0.004069089889526367
0.004113912582397461
0.0030934810638427734
0.0036668777465820312
0.0046422481536865234
0.006388425827026367
0.004524946212768555
0.004255533218383789
0.004364967346191406
0.0051915645599365234
0.0056629180908203125
0.004134178161621094
0.003824472427368164
0.0038690567016601562
0.005054950714111328
0.004286050796508789
0.0045087337493896484
0.0053746700286865234
0.0031838417053222656
0.003324747085571289
0.0043506622314453125
0.004107475280761719
0.005590677261352539
0.0030584335327148438
0.00587916374206543
0.0031898021697998047
0.003864765167236328
0.005295515060424805
0.005019187927246094
0.0031130313873291016
0.003877401351928711
0.003802061080932617
0.0032324790954589844
0.004714250564575195
0.00634312629699707
0.004014730453491211
0.0037262439727783203
0.005765676498413086
0.004300832748413086
0.003962516784667969
0.003648042678833008
0.003485441207885742
0.005565166473388672
0.004462003707885742
0.005216836929321289
0.004732847213745117
0.003704071044921875
0.0037140846252441406
0.0037283897399902344
0.00528717041015625
0.006584644317626953
0.00488591194152832
0.004084348678588867
0.004356861114501953
0.005223512649536133
0.004094600677490234
0.0034596920013427734
0.004373073577880859
0.0034813880920410156
0.005217790603637695
0.004405021667480469
0.0039119720458984375
0.004380702972412109
0.00417017936706543
0.00555872917175293
0.0038955211639404297
0.004342555999755859
0.0037050247192382812
0.0048503875732421875
0.006255388259887695
0.003074169158935547
0.0041217803955078125
0.004388093948364258
0.005170106887817383
0.0029299259185791016
0.0044481754302978516
0.004823207855224609
0.003726959228515625
0.0047452449798583984
0.003961086273193359
0.004147052764892578
0.003906726837158203
0.005570888519287109
0.002961874008178711
0.00558161735534668
0.004271030426025391
0.003922224044799805
0.004121065139770508
0.003718852996826172
0.005444526672363281
0.004412651062011719
0.003516674041748047
0.004355669021606445
0.0028743743896484375
0.005992412567138672
0.0042536258697509766
0.005344867706298828
0.0044825077056884766
0.004767417907714844
0.003064870834350586
0.004603385925292969
0.0056247711181640625
0.0041201114654541016
0.003894329071044922
0.0037941932678222656
0.005187273025512695
0.005212545394897461
0.004258394241333008
0.0038309097290039062
0.004624128341674805
0.0037162303924560547
0.0035812854766845703
0.0045490264892578125
0.0034072399139404297
0.0035889148712158203
0.0042340755462646484
0.0054814815521240234
0.004244327545166016
0.005459785461425781
0.008439064025878906
0.0048084259033203125
0.003785848617553711
0.0041425228118896484
0.0037124156951904297
0.004424095153808594
0.004288196563720703
0.004202604293823242
0.003832101821899414
0.0038993358612060547
0.0037245750427246094
0.0033559799194335938
0.0025632381439208984
0.004749774932861328
0.00583648681640625
0.00438380241394043
0.0027899742126464844
0.004041910171508789
0.005242347717285156
0.0042760372161865234
0.005425691604614258
0.0037899017333984375
0.0030879974365234375
0.0032455921173095703
0.003692626953125
0.0051648616790771484
0.004271507263183594
0.0030989646911621094
0.007032871246337891
0.004137277603149414
0.0038704872131347656
0.0044367313385009766
0.006571531295776367
0.004363298416137695
0.004729747772216797
0.004462480545043945
0.0040149688720703125
0.0036580562591552734
0.00641179084777832
0.00447845458984375
0.0042531490325927734
0.003713369369506836
0.005156993865966797
0.003881692886352539
0.0030913352966308594
0.004428386688232422
0.004241466522216797
0.004172563552856445
0.004526376724243164
0.004034757614135742
0.003276348114013672
0.00467371940612793
0.0046291351318359375
0.003920555114746094
0.0037233829498291016
0.0043065547943115234
0.003692150115966797
0.003551959991455078
0.003887176513671875
0.004211902618408203
0.00433349609375
0.004244804382324219
0.004687309265136719
0.005235910415649414
0.003273487091064453
0.004511833190917969
0.004462480545043945
0.004340648651123047
0.004138946533203125
0.004695892333984375
0.00469207763671875
0.006563663482666016
0.0033864974975585938
0.005308628082275391
0.0041429996490478516
0.005106925964355469
0.0043256282806396484
0.0037958621978759766
0.0045816898345947266
0.0051686763763427734
0.003738880157470703
0.003274679183959961
0.004591464996337891
0.004244089126586914
0.004949092864990234
0.003814220428466797
0.004120349884033203
0.004862070083618164
0.0042650699615478516
0.004108428955078125
0.004026889801025391
0.00412440299987793
0.0046634674072265625
0.003454446792602539
0.004669904708862305
0.004244565963745117
0.004866600036621094
0.005261659622192383
0.005356788635253906
0.0031108856201171875
0.0051517486572265625
0.004436969757080078
0.0035681724548339844
0.0034592151641845703
0.006114482879638672
0.004134178161621094
0.005610942840576172
0.004982948303222656
0.00410914421081543
0.003684520721435547
0.003587961196899414
0.003740549087524414
0.0038864612579345703
0.0047419071197509766
0.004615306854248047
0.004954338073730469
0.005347490310668945
0.0038650035858154297
0.004811286926269531
0.003049612045288086
0.002397298812866211
0.00417780876159668
0.004163980484008789
0.0059621334075927734
0.004561901092529297
0.0029494762420654297
0.0037293434143066406
0.00344085693359375
0.003382444381713867
0.0030193328857421875
0.004525661468505859
0.0033528804779052734
0.0046274662017822266
0.0033850669860839844
0.003465414047241211
0.004109621047973633
0.004553794860839844
0.004449129104614258
0.00486302375793457
0.004660129547119141
0.005381107330322266
0.005366802215576172
0.005425453186035156
0.007342338562011719
0.004746437072753906
0.005382537841796875
0.0038819313049316406
0.0033025741577148438
0.004378080368041992
0.004405021667480469
0.003680706024169922
0.004702568054199219
0.0048906803131103516
0.005444526672363281
0.0055692195892333984
0.007197141647338867
0.003717660903930664
0.003233194351196289
0.003148317337036133
0.004534721374511719
0.004418849945068359
0.004389524459838867
0.0053157806396484375
0.0037899017333984375
0.004147052764892578
0.00492548942565918
0.004338979721069336
0.003985881805419922
0.005396604537963867
0.003922224044799805
0.0050449371337890625
0.003653287887573242
0.004305124282836914
0.0033702850341796875
0.004993438720703125
0.0036177635192871094
0.004097938537597656
0.003232240676879883
0.003417491912841797
0.003683328628540039
0.0045108795166015625
0.004275321960449219
0.003503084182739258
0.0052487850189208984
0.004674196243286133
0.004617929458618164
0.004190683364868164
0.003902912139892578
0.0034673213958740234
0.004063129425048828
0.004647731781005859
0.005037546157836914
0.004035472869873047
0.006003856658935547
0.004303932189941406
0.0036575794219970703
0.003254413604736328
0.0036046504974365234
0.003666400909423828
0.005370140075683594
0.0039899349212646484
0.003838777542114258
0.004285335540771484
0.004415273666381836
0.004259824752807617
0.0037131309509277344
0.004574775695800781
0.0034389495849609375
0.004038333892822266
0.0037043094635009766
0.005181789398193359
0.0028498172760009766
0.007250785827636719
0.0038444995880126953
0.005300760269165039
0.0050776004791259766
0.0031957626342773438
0.0035049915313720703
0.005362510681152344
0.004802227020263672
0.002880573272705078
0.0041463375091552734
0.005337715148925781
0.004106998443603516
0.005683422088623047
0.0046422481536865234
0.004097700119018555
0.003787994384765625
0.003144502639770508
0.003682374954223633
0.0029816627502441406
0.004641056060791016
0.004551410675048828
0.0039234161376953125
0.005011558532714844
0.003516674041748047
0.004519939422607422
0.0043087005615234375
0.0036666393280029297
0.006951808929443359
0.004392385482788086
0.003259897232055664
0.003491640090942383
0.0053369998931884766
0.003605365753173828
0.004982471466064453
0.005308866500854492
0.005481243133544922
0.004666328430175781
0.0039675235748291016
0.0042362213134765625
0.003208160400390625
0.0053293704986572266
0.004567384719848633
0.0034711360931396484
0.00469207763671875
0.003975391387939453
0.003807544708251953
0.005479574203491211
0.006403923034667969
0.004266262054443359
0.003235340118408203
0.0044820308685302734
0.004259586334228516
0.004091501235961914
0.004511833190917969
0.003180980682373047
0.005331516265869141
0.004431486129760742
0.004587888717651367
0.004365205764770508
0.0041654109954833984
0.004700183868408203
0.00450897216796875
0.005296945571899414
0.0028693675994873047
0.005669593811035156
0.004408836364746094
0.0035119056701660156
0.0031807422637939453
0.003333568572998047
0.005033731460571289
0.003681659698486328
0.005305051803588867
