325.8087635040283
323.40487718582153
321.3273675441742
320.48475098609924
320.07033586502075
318.5860848426819
319.8940532207489
319.7934048175812
318.29848742485046
317.30972242355347
310.1067774295807
293.2952766418457
271.79237139225006
231.96694040298462
206.57832050323486
182.45219308137894
155.10115551948547
131.69445991516113
112.29850804805756
103.77952921390533
89.56337869167328
71.48518428206444
63.08667907118797
50.40591302514076
48.83679309487343
41.0943737924099
38.294465482234955
24.551801949739456
26.07338574528694
20.994565814733505
22.04185563325882
16.87695249915123
19.394564926624298
10.707903325557709
10.217915058135986
7.736479043960571
7.3830143213272095
1.2177655696868896
3.7693750262260437
5.154208779335022
1.65898859500885
0.41496217250823975
0.17923569679260254
0.11713087558746338
0.060076355934143066
0.048746347427368164
0.03159034252166748
0.023455500602722168
0.03646504878997803
0.022735118865966797
0.052416324615478516
0.024927258491516113
0.01806497573852539
0.051439523696899414
0.0351635217666626
0.03285491466522217
0.01609218120574951
0.017635345458984375
0.015146374702453613
0.038075923919677734
0.015272021293640137
0.01023554801940918
0.008760213851928711
0.012299537658691406
0.009015798568725586
0.009220123291015625
0.0107041597366333
0.009091377258300781
0.00879049301147461
0.007014274597167969
0.0055806636810302734
0.005753517150878906
0.006675839424133301
0.00593411922454834
0.006597995758056641
0.0055626630783081055
0.004755973815917969
0.00735163688659668
0.004791140556335449
0.0035343170166015625
0.0053005218505859375
0.004130125045776367
0.0061855316162109375
0.0045359134674072266
0.004167079925537109
0.005012035369873047
0.0037393569946289062
0.004466533660888672
0.005724668502807617
0.0037708282470703125
0.003509044647216797
0.0037088394165039062
0.004202842712402344
0.0028836727142333984
0.0046539306640625
0.0026907920837402344
0.0023157596588134766
0.0030069351196289062
0.004331350326538086
0.00419163703918457
0.0038270950317382812
0.003157377243041992
0.004384040832519531
0.004320383071899414
0.003389120101928711
0.0029931068420410156
0.0028722286224365234
0.002526998519897461
0.004341244697570801
0.003027677536010742
0.003164052963256836
0.002096414566040039
0.0034406185150146484
0.0041065216064453125
0.002252340316772461
0.0030367374420166016
0.0021064281463623047
0.0024771690368652344
0.002557039260864258
0.0021784305572509766
0.004109382629394531
0.002147197723388672
0.0024018287658691406
0.002634286880493164
0.0018062591552734375
0.0033533573150634766
0.0016889572143554688
0.0025315284729003906
0.002225160598754883
0.001739501953125
0.0019528865814208984
0.0036249160766601562
0.0018427371978759766
0.0027954578399658203
0.0023233890533447266
0.0018701553344726562
0.0023818016052246094
0.0015692710876464844
0.002969503402709961
0.001495361328125
0.0018129348754882812
0.0014717578887939453
0.0018382072448730469
0.0019550323486328125
0.0018409490585327148
0.002218008041381836
0.0019061565399169922
0.0021560192108154297
0.0016942024230957031
0.0016677379608154297
0.0023446083068847656
0.002985715866088867
0.0016789436340332031
0.0018286705017089844
0.002270221710205078
0.0027091503143310547
0.0020041465759277344
0.0015075206756591797
0.0017879009246826172
0.0021300315856933594
0.001661539077758789
0.0017592906951904297
0.002740144729614258
0.0023431777954101562
0.0024852752685546875
0.0010271072387695312
0.0021681785583496094
0.0026967525482177734
0.0013506412506103516
0.0013456344604492188
0.0014979839324951172
0.0014710426330566406
0.00215911865234375
0.002282857894897461
0.0012407302856445312
0.0018475055694580078
0.0016200542449951172
0.0019240379333496094
0.001424551010131836
0.0017325878143310547
0.0027158260345458984
0.002601146697998047
0.0009515285491943359
0.0019359588623046875
0.0014300346374511719
0.0014575719833374023
0.0014719963073730469
0.002155303955078125
0.0015635490417480469
0.0017590522766113281
0.0011646747589111328
0.0015218257904052734
0.001669168472290039
0.0008997917175292969
0.0018711090087890625
0.0018134117126464844
0.0012137889862060547
0.0007176399230957031
0.0010840892791748047
0.001504659652709961
0.0015096664428710938
0.0016717910766601562
0.0013985633850097656
0.0013930797576904297
0.0021958351135253906
0.0013241767883300781
0.0012767314910888672
0.0015647411346435547
0.0015590190887451172
0.002032756805419922
0.0015208721160888672
0.0016155242919921875
0.0014891624450683594
0.0011425018310546875
0.0010733604431152344
0.0010404586791992188
0.0010492801666259766
0.001527547836303711
0.0011229515075683594
0.0012924671173095703
0.0014235973358154297
0.002149343490600586
0.0013453960418701172
0.0015828609466552734
0.0011966228485107422
0.0010421276092529297
0.0015375614166259766
0.0015149116516113281
0.0010597705841064453
0.0011067390441894531
0.0015826225280761719
0.0014014244079589844
0.0007598400115966797
0.0011508464813232422
0.0014967918395996094
0.001135110855102539
0.0016107559204101562
0.0006153583526611328
0.0012183189392089844
0.0011487007141113281
0.0012028217315673828
0.0014622211456298828
0.0009715557098388672
0.0010008811950683594
0.0011477470397949219
0.0012383460998535156
0.0012631416320800781
0.0013208389282226562
0.0012087821960449219
0.000949859619140625
0.0008747577667236328
0.001516103744506836
0.0010828971862792969
0.0013055801391601562
0.0010716915130615234
0.0014543533325195312
0.001688241958618164
0.0010538101196289062
0.0006899833679199219
0.001119852066040039
0.0015053749084472656
0.001001119613647461
0.0011630058288574219
0.001161813735961914
0.0008563995361328125
0.0008144378662109375
0.0014352798461914062
0.0016605854034423828
0.0014786720275878906
0.001043558120727539
0.0014464855194091797
0.0015697479248046875
0.0012936592102050781
0.0012345314025878906
0.001611471176147461
0.0012116432189941406
0.0010111331939697266
0.0010685920715332031
0.001024484634399414
0.0012154579162597656
0.0008432865142822266
0.0010638236999511719
0.0007910728454589844
0.0012319087982177734
0.0009458065032958984
0.0006697177886962891
0.0008273124694824219
0.0013439655303955078
0.0009181499481201172
0.0010399818420410156
0.0008842945098876953
0.0010509490966796875
0.0013365745544433594
0.0009629726409912109
0.0007793903350830078
0.0009105205535888672
0.0018014907836914062
0.0011546611785888672
0.0010836124420166016
0.0008740425109863281
0.0013821125030517578
0.0012831687927246094
0.0008594989776611328
0.0011060237884521484
0.0012540817260742188
0.0009925365447998047
0.0011310577392578125
0.0010700225830078125
0.0011034011840820312
0.0011057853698730469
0.0009777545928955078
0.0009779930114746094
0.0010614395141601562
0.0008692741394042969
0.0011906623840332031
0.0007989406585693359
0.0011911392211914062
0.0010309219360351562
0.0008523464202880859
0.0008413791656494141
0.0006413459777832031
0.0012483596801757812
0.001010894775390625
0.0007071495056152344
0.0011091232299804688
0.001226663589477539
0.001005411148071289
0.0008547306060791016
0.0010700225830078125
0.0010631084442138672
0.001260995864868164
0.0007810592651367188
0.0009438991546630859
0.0012409687042236328
0.001008749008178711
0.0008645057678222656
0.0008058547973632812
0.00047898292541503906
0.0013148784637451172
0.0012035369873046875
0.0008985996246337891
0.0009965896606445312
0.0007307529449462891
0.0008652210235595703
0.000667572021484375
0.0008816719055175781
0.0011663436889648438
0.0011005401611328125
0.0011749267578125
0.0011696815490722656
0.0008764266967773438
0.0008318424224853516
0.0011875629425048828
0.0009534358978271484
0.0011200904846191406
0.0009987354278564453
0.0009138584136962891
0.0005743503570556641
0.0008759498596191406
0.0007903575897216797
0.0011913776397705078
0.0008909702301025391
0.001055002212524414
0.0013294219970703125
0.0006728172302246094
0.0009982585906982422
0.0010426044464111328
0.001051187515258789
0.0010678768157958984
0.0009779930114746094
0.0009703636169433594
0.000675201416015625
0.0005502700805664062
0.0005979537963867188
0.0008728504180908203
0.0006761550903320312
0.0015816688537597656
0.0011796951293945312
0.0006704330444335938
0.001308441162109375
0.0006287097930908203
0.0010406970977783203
0.0009586811065673828
0.0007219314575195312
0.0007112026214599609
0.0006647109985351562
0.0007679462432861328
0.0006194114685058594
0.0008549690246582031
0.0009694099426269531
0.0006251335144042969
0.0008103847503662109
0.0007331371307373047
0.0008559226989746094
0.0008864402770996094
0.0010077953338623047
0.0007193088531494141
0.0008766651153564453
0.0009524822235107422
0.0007026195526123047
0.0009605884552001953
0.0007357597351074219
0.0009443759918212891
0.0008502006530761719
0.0010466575622558594
0.0006914138793945312
0.0009663105010986328
0.0008726119995117188
0.0008869171142578125
0.0005972385406494141
0.0008471012115478516
0.0008563995361328125
0.0008244514465332031
0.0007383823394775391
0.0006425380706787109
0.0005652904510498047
0.0010781288146972656
0.0011096000671386719
0.0004944801330566406
0.0007066726684570312
0.0006444454193115234
0.0011043548583984375
0.0005755424499511719
0.0006744861602783203
0.0013866424560546875
0.0009169578552246094
0.0013949871063232422
0.0011661052703857422
0.0006437301635742188
0.0005240440368652344
0.0006511211395263672
0.0009751319885253906
0.0008199214935302734
0.0009512901306152344
0.0008826255798339844
0.0005538463592529297
0.0010819435119628906
0.0006749629974365234
0.0006124973297119141
0.0009338855743408203
0.0010826587677001953
0.0008723735809326172
0.0008590221405029297
0.0010190010070800781
0.0007047653198242188
0.0006885528564453125
0.0007970333099365234
0.0007827281951904297
0.0006499290466308594
0.0006320476531982422
0.0010960102081298828
0.0010554790496826172
0.0005059242248535156
0.0005204677581787109
0.0007290840148925781
0.0008904933929443359
0.0007252693176269531
0.0009367465972900391
0.0008597373962402344
0.0008518695831298828
0.0008950233459472656
0.0006403923034667969
0.0008234977722167969
0.0009064674377441406
0.0008537769317626953
0.001003265380859375
0.0009629726409912109
0.0011141300201416016
0.0006623268127441406
0.0007176399230957031
0.0009114742279052734
0.0007853507995605469
0.0007650852203369141
0.0007050037384033203
0.0005447864532470703
0.0007328987121582031
0.0008332729339599609
0.0010540485382080078
0.0005173683166503906
0.0010111331939697266
0.0006649494171142578
0.0007340908050537109
0.0007178783416748047
0.0006568431854248047
0.0010235309600830078
0.0007281303405761719
0.0009775161743164062
0.0007650852203369141
0.0008616447448730469
0.0009067058563232422
0.0006372928619384766
0.0006580352783203125
0.0008182525634765625
0.0007874965667724609
0.0006682872772216797
0.000568389892578125
0.0004401206970214844
0.0005784034729003906
0.0008511543273925781
0.0008080005645751953
0.0006885528564453125
0.0008294582366943359
0.0009076595306396484
0.0006952285766601562
0.0008492469787597656
0.0007107257843017578
0.0008933544158935547
0.0005564689636230469
0.0008540153503417969
0.0007646083831787109
0.00032830238342285156
0.0006210803985595703
0.0007901191711425781
0.0007498264312744141
0.0006823539733886719
0.0004317760467529297
0.0007078647613525391
0.0008020401000976562
0.0009434223175048828
0.0008423328399658203
0.0010869503021240234
0.0008718967437744141
0.0008187294006347656
0.0007159709930419922
0.0007522106170654297
0.0009636878967285156
0.0008869171142578125
0.0008697509765625
0.0009272098541259766
0.0005483627319335938
0.0006282329559326172
0.0007524490356445312
0.0004906654357910156
0.0005486011505126953
0.0006234645843505859
0.0006608963012695312
0.0008795261383056641
0.0008318424224853516
0.0007631778717041016
0.0008499622344970703
0.00047707557678222656
0.0007758140563964844
0.0007538795471191406
0.001024484634399414
0.0008161067962646484
0.0006756782531738281
0.000919342041015625
0.0005774497985839844
0.00070953369140625
0.0006678104400634766
0.0006401538848876953
0.0005958080291748047
0.0006990432739257812
0.00054168701171875
0.0004878044128417969
0.0009655952453613281
0.0006830692291259766
0.0006661415100097656
0.00047087669372558594
0.0011744499206542969
0.0008249282836914062
0.001245737075805664
0.0005409717559814453
0.0005359649658203125
0.0008044242858886719
0.0008702278137207031
0.000732421875
0.0006685256958007812
0.0006992816925048828
0.0006194114685058594
0.0005402565002441406
0.0005638599395751953
0.0006899833679199219
0.0007607936859130859
0.0008919239044189453
0.0005905628204345703
0.0008885860443115234
0.0008752346038818359
0.0006208419799804688
0.00047707557678222656
0.0006465911865234375
0.000579833984375
0.0006513595581054688
0.00046062469482421875
0.0006291866302490234
0.0005624294281005859
0.0007550716400146484
0.0008678436279296875
0.0008866786956787109
0.0008730888366699219
0.00055694580078125
0.0005970001220703125
0.0007965564727783203
0.0006456375122070312
0.0007326602935791016
0.00046706199645996094
0.0006215572357177734
0.0005340576171875
0.0004901885986328125
0.0006341934204101562
0.0010786056518554688
0.0007441043853759766
0.0009734630584716797
0.0009582042694091797
0.0008292198181152344
0.0007643699645996094
0.0005366802215576172
0.0007240772247314453
0.0005288124084472656
0.0007874965667724609
0.0008423328399658203
0.001055002212524414
0.0007529258728027344
0.0004267692565917969
0.0005693435668945312
0.0004813671112060547
0.0006892681121826172
0.0007290840148925781
0.0005350112915039062
0.0006468296051025391
0.00047326087951660156
0.0007410049438476562
0.0006844997406005859
0.0003924369812011719
0.0006427764892578125
0.0005159378051757812
0.0007562637329101562
0.0010509490966796875
0.0010721683502197266
0.0006041526794433594
0.0007500648498535156
0.0005910396575927734
0.0004000663757324219
0.0009398460388183594
0.0006701946258544922
0.0009462833404541016
0.0006694793701171875
0.0007510185241699219
0.0008151531219482422
0.0006406307220458984
0.0007333755493164062
0.0009763240814208984
0.0008077621459960938
0.0007812976837158203
0.0005638599395751953
0.0007042884826660156
0.0006830692291259766
0.0009036064147949219
0.000576019287109375
0.0010082721710205078
0.0006394386291503906
0.000827789306640625
0.00048732757568359375
0.0008027553558349609
0.0007278919219970703
0.0005490779876708984
0.0007224082946777344
0.0006911754608154297
0.0005381107330322266
0.0007145404815673828
0.0010726451873779297
0.0011103153228759766
0.0005390644073486328
0.0008370876312255859
0.0007023811340332031
0.0007367134094238281
0.0005176067352294922
0.0005240440368652344
0.0005986690521240234
0.0004181861877441406
0.0005528926849365234
0.0005536079406738281
0.0009479522705078125
0.0005240440368652344
0.0007660388946533203
0.00035500526428222656
0.00042748451232910156
0.0007612705230712891
0.0005476474761962891
0.0006539821624755859
0.0009515285491943359
0.0007641315460205078
0.0006470680236816406
0.0006127357482910156
0.0007824897766113281
0.0007092952728271484
0.0003216266632080078
0.0005095005035400391
0.0008499622344970703
0.0006475448608398438
0.0005991458892822266
0.0005431175231933594
0.0005719661712646484
0.0006380081176757812
0.0007860660552978516
0.0007600784301757812
0.0005977153778076172
0.000667572021484375
0.0008523464202880859
0.0008106231689453125
0.0007083415985107422
0.0005548000335693359
0.0005209445953369141
0.0007610321044921875
0.00046634674072265625
0.0007967948913574219
0.0009429454803466797
0.0006034374237060547
0.0006809234619140625
0.0005409717559814453
0.0006444454193115234
0.0005939006805419922
0.0005884170532226562
0.00064849853515625
0.0005896091461181641
0.0008313655853271484
0.0004990100860595703
0.0007586479187011719
0.0005950927734375
0.0009779930114746094
0.0006699562072753906
0.0004401206970214844
0.0006835460662841797
0.0005433559417724609
0.0005083084106445312
0.0007035732269287109
0.0005359649658203125
0.0008852481842041016
0.000701904296875
0.0008113384246826172
0.000514984130859375
0.0005695819854736328
0.0005211830139160156
0.0004849433898925781
0.0009348392486572266
0.0005540847778320312
0.0006361007690429688
0.0005056858062744141
0.000457763671875
0.0006999969482421875
0.0006420612335205078
0.00042819976806640625
0.0008437633514404297
0.00074005126953125
0.0010554790496826172
0.0005755424499511719
0.0004935264587402344
0.0006477832794189453
0.0006427764892578125
0.0005905628204345703
0.000701904296875
0.0005688667297363281
0.0006630420684814453
0.0005235671997070312
0.0007660388946533203
0.0007581710815429688
0.0006608963012695312
0.0004665851593017578
0.0006821155548095703
0.0008397102355957031
0.0006148815155029297
0.0006768703460693359
0.0007722377777099609
0.0006763935089111328
0.0008649826049804688
0.0007524490356445312
0.0006124973297119141
0.0006766319274902344
0.0007185935974121094
0.0005888938903808594
0.0005145072937011719
0.0005850791931152344
0.0005748271942138672
0.0008637905120849609
0.0005257129669189453
0.0005333423614501953
0.00040268898010253906
0.0004665851593017578
0.0008213520050048828
0.0006892681121826172
0.0007429122924804688
0.0005621910095214844
0.0006375312805175781
0.0008234977722167969
0.00057220458984375
0.00043392181396484375
0.0005171298980712891
0.0006117820739746094
0.0004811286926269531
0.0005609989166259766
0.0008592605590820312
0.0007662773132324219
0.0006322860717773438
0.0005726814270019531
0.0005419254302978516
0.0007796287536621094
0.00044989585876464844
0.000614166259765625
0.0008358955383300781
0.0007081031799316406
0.00055694580078125
0.0006988048553466797
0.0006737709045410156
0.0006365776062011719
0.0005733966827392578
0.0008540153503417969
0.0007278919219970703
0.0007348060607910156
0.0006725788116455078
0.0007534027099609375
0.0005407333374023438
0.0005064010620117188
0.00041747093200683594
0.0005037784576416016
0.0007963180541992188
0.0007517337799072266
0.0006301403045654297
0.0007653236389160156
0.0009868144989013672
0.0005657672882080078
0.0004897117614746094
0.00043845176696777344
0.0004055500030517578
0.0005211830139160156
0.00043463706970214844
0.0007860660552978516
0.0005793571472167969
0.0005261898040771484
0.0007686614990234375
0.0004818439483642578
0.0009222030639648438
0.0005941390991210938
0.0006129741668701172
0.0008165836334228516
0.0005526542663574219
0.0008089542388916016
0.0004904270172119141
0.0007596015930175781
0.0007717609405517578
0.0006361007690429688
0.0006153583526611328
0.0005257129669189453
0.0006284713745117188
0.0005860328674316406
0.0008842945098876953
0.0005698204040527344
0.0004513263702392578
0.0007109642028808594
0.0005662441253662109
0.0006954669952392578
0.0008151531219482422
0.0010166168212890625
0.0007450580596923828
0.000484466552734375
0.00032830238342285156
0.0006668567657470703
0.0008664131164550781
0.0005428791046142578
0.0009160041809082031
0.0004334449768066406
0.0004482269287109375
0.0007340908050537109
0.0004906654357910156
0.0005762577056884766
0.0003859996795654297
0.0006024837493896484
0.0010724067687988281
0.0004918575286865234
0.0004754066467285156
0.0007524490356445312
0.0006053447723388672
0.0003879070281982422
0.0008456707000732422
0.000530242919921875
0.0006756782531738281
0.0005574226379394531
0.0004932880401611328
0.0007257461547851562
0.0008697509765625
0.0005388259887695312
0.0005838871002197266
0.0006899833679199219
0.0005559921264648438
0.0004730224609375
0.0006031990051269531
0.0005054473876953125
0.0007104873657226562
0.0004627704620361328
0.0006203651428222656
0.0006039142608642578
0.0004374980926513672
0.0008618831634521484
0.0004191398620605469
0.0006480216979980469
0.0004265308380126953
0.0005624294281005859
0.0013222694396972656
0.0005664825439453125
0.00046133995056152344
0.0006499290466308594
0.0007128715515136719
0.0004799365997314453
0.0005443096160888672
0.0008211135864257812
0.0004968643188476562
0.0005447864532470703
0.0008645057678222656
0.0003218650817871094
0.0007143020629882812
0.0006163120269775391
0.0005583763122558594
0.0008516311645507812
0.0004892349243164062
0.0005712509155273438
0.0008990764617919922
0.0005865097045898438
0.0006482601165771484
0.0006625652313232422
0.00039196014404296875
0.00035452842712402344
0.00037217140197753906
0.0005326271057128906
0.0005323886871337891
0.0005462169647216797
0.0011432170867919922
0.00038623809814453125
0.0004923343658447266
0.00036144256591796875
0.0007488727569580078
0.0006117820739746094
0.0005996227264404297
0.0006051063537597656
0.0007722377777099609
0.0006439685821533203
0.0004954338073730469
0.0006108283996582031
0.0006477832794189453
0.0005614757537841797
0.0007956027984619141
0.0007607936859130859
0.0004901885986328125
0.0006024837493896484
0.0007436275482177734
0.0005974769592285156
0.0005433559417724609
0.0007290840148925781
0.0007333755493164062
0.000881195068359375
0.0008585453033447266
0.0005245208740234375
0.0004942417144775391
0.0009057521820068359
0.0005254745483398438
0.0009970664978027344
0.0006031990051269531
0.0006225109100341797
0.0008273124694824219
0.0006043910980224609
0.0006871223449707031
0.0005402565002441406
0.0005428791046142578
0.0004477500915527344
0.0005500316619873047
0.0006182193756103516
0.0005633831024169922
0.0006661415100097656
0.0006208419799804688
0.0003662109375
0.0005962848663330078
0.0004360675811767578
0.0007336139678955078
0.0006465911865234375
0.0012042522430419922
0.0006666183471679688
0.0007328987121582031
0.00052642822265625
0.0004069805145263672
0.0005707740783691406
0.00043654441833496094
0.0004787445068359375
0.0006265640258789062
0.0005381107330322266
0.0007388591766357422
0.0004448890686035156
0.0006811618804931641
0.0006155967712402344
0.00045871734619140625
0.0005021095275878906
0.0003643035888671875
0.0004715919494628906
0.0005710124969482422
0.0006439685821533203
0.0006756782531738281
0.00041174888610839844
0.0007050037384033203
0.0006430149078369141
0.0006725788116455078
0.000820159912109375
0.0006160736083984375
0.0006077289581298828
0.0008418560028076172
0.0006396770477294922
0.000621795654296875
0.00041174888610839844
0.0008292198181152344
0.0004978179931640625
0.0006854534149169922
0.00047206878662109375
0.0006594657897949219
0.0007717609405517578
0.0007977485656738281
0.0006775856018066406
0.0005156993865966797
0.0005004405975341797
0.0005939006805419922
0.0007717609405517578
0.00047016143798828125
0.0007488727569580078
0.00046825408935546875
0.0007274150848388672
0.0006308555603027344
0.0006513595581054688
0.00045990943908691406
0.0007104873657226562
0.0004353523254394531
0.0006546974182128906
0.0005116462707519531
0.0008938312530517578
0.0005593299865722656
0.0006124973297119141
0.0007493495941162109
0.00037360191345214844
0.0005927085876464844
0.00048828125
0.0007214546203613281
0.0005443096160888672
0.0010068416595458984
0.0007276535034179688
0.0006911754608154297
0.0005919933319091797
0.00042891502380371094
0.0008094310760498047
0.0004887580871582031
0.0005171298980712891
0.0006208419799804688
0.0005331039428710938
0.0007827281951904297
0.0004425048828125
0.0007181167602539062
0.0004534721374511719
0.0004851818084716797
0.0006554126739501953
0.0006229877471923828
0.0005891323089599609
0.0009191036224365234
0.0007688999176025391
0.0006685256958007812
0.0003707408905029297
0.000919342041015625
0.0005524158477783203
0.00061798095703125
0.0006084442138671875
0.0005154609680175781
0.0007867813110351562
0.0005543231964111328
0.0006961822509765625
0.0006382465362548828
0.0006663799285888672
0.00048232078552246094
0.0008420944213867188
0.00052642822265625
0.00035119056701660156
0.0005953311920166016
0.00047397613525390625
0.0005693435668945312
0.0006535053253173828
0.0004723072052001953
0.0004413127899169922
0.0006146430969238281
0.00047326087951660156
0.0005021095275878906
0.0006673336029052734
0.0006797313690185547
0.0004677772521972656
0.0007100105285644531
0.0007395744323730469
0.0005958080291748047
0.0004878044128417969
0.0007236003875732422
0.0007920265197753906
0.0004870891571044922
0.0004494190216064453
0.0005142688751220703
0.0008816719055175781
0.0005414485931396484
0.0005195140838623047
0.0005764961242675781
0.0005245208740234375
0.00025081634521484375
0.0005221366882324219
0.0008046627044677734
0.0006127357482910156
0.0006463527679443359
0.0003001689910888672
0.0006544589996337891
0.0005033016204833984
0.000560760498046875
0.0007085800170898438
0.00044655799865722656
0.0006153583526611328
0.0006914138793945312
0.0005383491516113281
0.0005667209625244141
0.0006399154663085938
0.0005788803100585938
0.0007719993591308594
0.0009076595306396484
0.0005483627319335938
0.0005562305450439453
0.0005993843078613281
0.0006959438323974609
0.0007805824279785156
0.0006413459777832031
0.0006258487701416016
0.0009989738464355469
0.0005054473876953125
0.000492095947265625
0.000518798828125
0.000385284423828125
0.0006127357482910156
0.0004324913024902344
0.0006721019744873047
0.00038623809814453125
0.0010139942169189453
0.0005130767822265625
0.0009062290191650391
0.0004582405090332031
0.0004394054412841797
0.0008924007415771484
0.0004131793975830078
0.0005161762237548828
0.0007808208465576172
0.0004417896270751953
0.0004951953887939453
0.0005064010620117188
0.000644683837890625
0.0003573894500732422
0.0006008148193359375
0.001065969467163086
0.0007963180541992188
0.0005979537963867188
0.0007138252258300781
0.0005125999450683594
0.0006051063537597656
0.00033783912658691406
0.0006422996520996094
0.0006067752838134766
0.0005686283111572266
0.0005125999450683594
0.0005538463592529297
0.0004737377166748047
0.0007035732269287109
0.0006127357482910156
0.0004189014434814453
0.0006022453308105469
0.000682830810546875
0.0005125999450683594
0.0004105567932128906
0.00047707557678222656
0.0008175373077392578
0.0006442070007324219
0.0008244514465332031
0.0006115436553955078
0.0007054805755615234
0.0005245208740234375
0.0007112026214599609
0.0005331039428710938
0.0007364749908447266
0.00060272216796875
0.0004951953887939453
0.0004227161407470703
0.0004391670227050781
0.0007638931274414062
0.0005660057067871094
0.0006244182586669922
0.0006554126739501953
0.0006401538848876953
0.0006687641143798828
0.0004954338073730469
0.0008807182312011719
0.0007145404815673828
0.0007216930389404297
0.0007758140563964844
0.0008480548858642578
0.0009484291076660156
0.00037384033203125
0.0006151199340820312
0.0007066726684570312
0.0005850791931152344
0.0006256103515625
0.0006537437438964844
0.0007226467132568359
0.0006034374237060547
0.0006058216094970703
0.0004992485046386719
0.0004456043243408203
0.0005819797515869141
0.0004730224609375
0.0006113052368164062
0.0005602836608886719
0.0009253025054931641
0.0004374980926513672
0.00044918060302734375
0.0004825592041015625
0.0004150867462158203
0.0006511211395263672
0.0004754066467285156
0.0006639957427978516
0.0008416175842285156
0.0006256103515625
0.0005662441253662109
0.0003561973571777344
0.0004608631134033203
0.00047087669372558594
0.0005326271057128906
0.00047469139099121094
0.00046563148498535156
0.0006005764007568359
0.0007088184356689453
0.000568389892578125
0.0004897117614746094
0.000667572021484375
0.0007109642028808594
0.0006442070007324219
0.0006058216094970703
0.0005970001220703125
0.0005698204040527344
0.0008084774017333984
0.0006873607635498047
0.0004863739013671875
0.0004572868347167969
0.0005679130554199219
0.0005593299865722656
0.000629425048828125
0.0004131793975830078
0.0007832050323486328
0.0004487037658691406
0.00043201446533203125
0.00045013427734375
0.0007891654968261719
0.0010766983032226562
0.00047516822814941406
0.0006425380706787109
0.0006558895111083984
0.0006499290466308594
0.00043082237243652344
0.0007050037384033203
0.0004775524139404297
0.0005438327789306641
0.0007307529449462891
0.0006308555603027344
0.0005056858062744141
0.0005433559417724609
0.0007584095001220703
0.0005326271057128906
0.00041413307189941406
0.0004303455352783203
0.0006220340728759766
0.0006530284881591797
0.0006623268127441406
0.0005342960357666016
0.0004203319549560547
0.0005052089691162109
0.0006589889526367188
0.0007572174072265625
0.00079345703125
0.000415802001953125
0.0008928775787353516
0.0007638931274414062
0.0006580352783203125
0.0005967617034912109
0.0005557537078857422
0.0007119178771972656
0.0006051063537597656
0.0007264614105224609
0.0004069805145263672
0.0003917217254638672
0.0005905628204345703
0.0006768703460693359
0.0003750324249267578
0.0007042884826660156
0.0006465911865234375
0.0005867481231689453
0.0005202293395996094
0.000392913818359375
0.0004258155822753906
0.0005617141723632812
0.0004870891571044922
0.0005261898040771484
0.0006017684936523438
0.0007541179656982422
0.000804901123046875
0.00067138671875
0.0005033016204833984
0.0005340576171875
0.0009639263153076172
0.0006847381591796875
0.0009067058563232422
0.00048232078552246094
0.0005567073822021484
0.0005137920379638672
0.0005652904510498047
0.0005295276641845703
0.0007293224334716797
0.0005133152008056641
0.0005660057067871094
0.0006434917449951172
0.0006856918334960938
0.000530242919921875
0.0004303455352783203
0.0005619525909423828
0.0004658699035644531
0.0005354881286621094
0.00044345855712890625
0.0007228851318359375
0.0007672309875488281
0.0008616447448730469
0.0008611679077148438
0.0008018016815185547
0.0006005764007568359
0.0006644725799560547
0.00041031837463378906
0.0004870891571044922
0.0005581378936767578
0.0006852149963378906
0.0004398822784423828
0.000949859619140625
0.00048422813415527344
0.0006861686706542969
0.00041604042053222656
0.0006170272827148438
0.0005419254302978516
0.00047397613525390625
0.0004191398620605469
0.0006256103515625
0.0007722377777099609
0.0004935264587402344
0.0005776882171630859
0.0009093284606933594
0.0004985332489013672
0.0006086826324462891
0.0004200935363769531
0.0006976127624511719
0.0005748271942138672
0.0005626678466796875
0.0005867481231689453
0.0005428791046142578
0.0006053447723388672
0.0004036426544189453
0.00048422813415527344
0.0008482933044433594
0.0004372596740722656
0.0007932186126708984
0.0005688667297363281
0.0006108283996582031
0.0006546974182128906
0.00040149688720703125
0.0007526874542236328
0.0006518363952636719
0.0005648136138916016
0.00048470497131347656
0.0006673336029052734
0.0004684925079345703
0.0005757808685302734
0.0006110668182373047
0.000408172607421875
0.0006425380706787109
0.000690460205078125
0.0009105205535888672
0.0007085800170898438
0.0007541179656982422
0.0006961822509765625
0.0004634857177734375
0.0006322860717773438
0.0006144046783447266
0.0004520416259765625
0.0005755424499511719
0.0005300045013427734
0.00027370452880859375
0.0004246234893798828
0.0006928443908691406
0.0005862712860107422
0.0004978179931640625
0.0005939006805419922
0.0005559921264648438
0.000705718994140625
0.0004825592041015625
0.0004131793975830078
0.000423431396484375
0.0005495548248291016
0.0006959438323974609
0.0006895065307617188
0.00048232078552246094
0.0008995532989501953
0.00046062469482421875
0.0003597736358642578
0.0005581378936767578
0.0004038810729980469
0.0006532669067382812
0.0008325576782226562
0.0008065700531005859
0.00044083595275878906
0.0005352497100830078
0.0004246234893798828
0.0005745887756347656
0.0005006790161132812
0.0007283687591552734
0.0006453990936279297
0.0005819797515869141
0.0005958080291748047
0.0007486343383789062
0.0005369186401367188
0.0005993843078613281
0.0005817413330078125
0.0006270408630371094
0.0007333755493164062
0.0007481575012207031
0.0006740093231201172
0.0006544589996337891
0.0006015300750732422
0.0007004737854003906
0.00048828125
0.0006520748138427734
0.0006842613220214844
0.0006465911865234375
0.0003757476806640625
0.0004971027374267578
0.0006654262542724609
0.0004975795745849609
0.0005142688751220703
0.0006022453308105469
0.000579833984375
0.0005085468292236328
0.0007681846618652344
0.0006997585296630859
0.00046825408935546875
0.0005500316619873047
0.0007257461547851562
0.0004425048828125
0.0006644725799560547
0.0008997917175292969
0.0007061958312988281
0.0008268356323242188
0.0003974437713623047
0.0006759166717529297
0.00038623809814453125
0.0006239414215087891
0.000522613525390625
0.0007238388061523438
0.0006053447723388672
0.00031185150146484375
0.00045371055603027344
0.0006706714630126953
0.0004839897155761719
0.0004730224609375
0.0005562305450439453
0.0005702972412109375
0.0007660388946533203
0.0003986358642578125
0.0007023811340332031
0.0007581710815429688
0.0008113384246826172
0.0004146099090576172
0.0009720325469970703
0.0006985664367675781
0.0006489753723144531
0.0008559226989746094
0.0005173683166503906
0.0004780292510986328
0.0005006790161132812
0.0005624294281005859
0.0007040500640869141
0.00039458274841308594
0.0004837512969970703
0.00038695335388183594
0.0004382133483886719
0.0005834102630615234
0.0007550716400146484
0.0005316734313964844
0.0006351470947265625
0.00041174888610839844
0.0005271434783935547
0.0006246566772460938
0.0004382133483886719
0.00045490264892578125
0.0008530616760253906
0.0005373954772949219
0.0006489753723144531
0.0004401206970214844
0.0006034374237060547
0.0005383491516113281
0.0006411075592041016
0.0007364749908447266
0.0007021427154541016
0.0008294582366943359
0.0006449222564697266
0.00046253204345703125
0.0006833076477050781
0.0005221366882324219
0.0006558895111083984
0.0005009174346923828
0.00045371055603027344
0.0005438327789306641
0.0008285045623779297
0.000591278076171875
0.0008404254913330078
0.0009016990661621094
0.0008008480072021484
0.0005118846893310547
0.0006029605865478516
0.0005075931549072266
0.0004649162292480469
0.0004608631134033203
0.0004405975341796875
0.00038504600524902344
0.0008070468902587891
0.0004086494445800781
0.00030422210693359375
0.0006656646728515625
0.0006272792816162109
0.0006923675537109375
0.0007998943328857422
0.0004944801330566406
0.0006914138793945312
0.0007278919219970703
0.0007274150848388672
0.0006539821624755859
0.0004260540008544922
0.00046181678771972656
0.000637054443359375
0.0005795955657958984
0.0005118846893310547
0.0004913806915283203
0.0005857944488525391
0.0007917881011962891
0.0005097389221191406
0.0006659030914306641
0.00047016143798828125
0.0008137226104736328
0.00045871734619140625
0.000579833984375
0.0005323886871337891
0.0006117820739746094
0.00037980079650878906
0.0007412433624267578
0.0007252693176269531
0.0006406307220458984
0.0007302761077880859
0.0004749298095703125
0.0004665851593017578
0.0004608631134033203
0.0007965564727783203
0.0004923343658447266
0.0003876686096191406
0.0006115436553955078
0.0006632804870605469
0.0005321502685546875
0.00048542022705078125
0.0007331371307373047
0.0006532669067382812
0.0007011890411376953
0.000415802001953125
0.0005719661712646484
0.0005490779876708984
0.0004971027374267578
0.0006833076477050781
0.0005333423614501953
0.00040721893310546875
0.0006363391876220703
0.0005660057067871094
0.0006847381591796875
0.0008399486541748047
0.0005509853363037109
0.0007097721099853516
0.0006814002990722656
0.0002987384796142578
0.0005025863647460938
0.0006008148193359375
0.0006239414215087891
0.0005929470062255859
0.0006108283996582031
0.0006031990051269531
0.0006513595581054688
0.0003299713134765625
0.0008599758148193359
0.00080108642578125
0.00044536590576171875
0.0005714893341064453
0.0005321502685546875
0.0004420280456542969
0.0006480216979980469
0.0007050037384033203
0.0004336833953857422
0.0006208419799804688
0.0005462169647216797
0.0008494853973388672
0.00047326087951660156
0.0005733966827392578
0.00045943260192871094
0.0007157325744628906
0.00048422813415527344
0.0005595684051513672
0.0012280941009521484
0.00045609474182128906
0.0009281635284423828
0.0005764961242675781
0.00043582916259765625
0.0006783008575439453
0.0007421970367431641
0.0005373954772949219
0.0003955364227294922
0.0005362033843994141
0.000598907470703125
0.0005567073822021484
0.0004737377166748047
0.0005910396575927734
0.0005896091461181641
0.0006809234619140625
0.0006663799285888672
0.0005009174346923828
0.0003490447998046875
0.0006871223449707031
0.00057220458984375
0.0005702972412109375
0.0006382465362548828
0.0003571510314941406
0.00033593177795410156
0.0008270740509033203
0.0007567405700683594
0.00042438507080078125
0.0004830360412597656
0.0008785724639892578
0.0008156299591064453
0.0005543231964111328
0.0004820823669433594
0.0006268024444580078
0.0004546642303466797
0.0005705356597900391
0.0007002353668212891
0.0004401206970214844
0.0006549358367919922
0.0012624263763427734
0.00043892860412597656
0.0005033016204833984
0.0005373954772949219
0.0006515979766845703
0.0007824897766113281
0.0004150867462158203
0.0004942417144775391
0.0005104541778564453
0.0004754066467285156
0.0005462169647216797
0.0006279945373535156
0.00042939186096191406
0.0006821155548095703
0.0006356239318847656
0.0005559921264648438
0.0004200935363769531
0.0005979537963867188
0.0005459785461425781
0.0007894039154052734
0.00039124488830566406
0.0010671615600585938
0.0006730556488037109
0.00051116943359375
0.0006232261657714844
0.0005030632019042969
0.0004868507385253906
0.00048160552978515625
0.0008456707000732422
0.00047659873962402344
0.0006778240203857422
0.0005388259887695312
0.0005068778991699219
0.0004413127899169922
0.0005087852478027344
0.0006473064422607422
0.0006434917449951172
0.0007524490356445312
0.0005955696105957031
0.0005142688751220703
0.0005433559417724609
0.0007958412170410156
0.00033402442932128906
0.00027942657470703125
0.0008442401885986328
0.0007410049438476562
0.0007104873657226562
0.0005383491516113281
0.0006401538848876953
