325.4171335697174
324.7721736431122
323.8179180622101
323.54372239112854
323.17642855644226
322.9874379634857
321.9766447544098
321.3899986743927
321.6166682243347
321.2960295677185
320.96495270729065
320.1808924674988
319.83395290374756
319.8436064720154
319.8311150074005
319.04274559020996
319.0372793674469
319.5674788951874
318.886887550354
318.70531129837036
319.45560479164124
318.6213400363922
318.4762706756592
318.8038980960846
318.3744583129883
318.61983919143677
318.4306206703186
318.8869421482086
318.54758524894714
318.0981831550598
319.2450416088104
318.27764439582825
318.3816945552826
318.24496054649353
318.0858268737793
318.1566905975342
318.36363673210144
317.8580222129822
318.4246871471405
317.7212429046631
318.38523721694946
318.1747946739197
318.1543469429016
317.7378304004669
317.30480313301086
316.9593470096588
316.4476900100708
315.01720809936523
314.15190029144287
308.5750324726105
290.1717040538788
270.9339292049408
255.1607894897461
233.60814785957336
235.1803070306778
218.82238149642944
204.26613461971283
201.49137580394745
189.82825404405594
178.43457406759262
165.17879796028137
158.0211061835289
138.80643093585968
133.08549231290817
134.6262547969818
120.75372964143753
122.43967133760452
105.84040868282318
81.25995215773582
71.39080739021301
73.29735195636749
68.49986505508423
60.17472320795059
53.843908339738846
55.404483169317245
60.21014204621315
52.69768750667572
51.87994921207428
42.812435537576675
41.65572506189346
41.95425307750702
30.23517096042633
34.94557657837868
35.83899283409119
29.68321269750595
20.215142369270325
18.094698667526245
23.3059224486351
22.517696142196655
17.959942519664764
24.412032544612885
21.583812177181244
19.460166573524475
16.53463876247406
9.384197652339935
8.835753619670868
13.25419020652771
13.334753632545471
7.984689831733704
8.45763236284256
5.604142189025879
10.637654602527618
8.312375485897064
15.904138684272766
8.95450472831726
4.529671728610992
4.3149707317352295
5.919355392456055
4.66900360584259
2.96524441242218
4.574388742446899
1.44691002368927
1.3303662538528442
1.8107167482376099
1.1774554252624512
1.9407916069030762
7.15095579624176
5.093667268753052
4.242963433265686
6.030665278434753
4.974907279014587
4.731797456741333
1.486804485321045
0.705768346786499
1.3140462636947632
0.3586745262145996
0.23535478115081787
0.09134137630462646
0.09427261352539062
0.0690842866897583
0.09738302230834961
0.09108340740203857
0.0738598108291626
0.045473575592041016
0.05147111415863037
0.034192681312561035
0.023530960083007812
0.027368664741516113
0.10442030429840088
0.05088329315185547
0.03556931018829346
0.027933239936828613
0.03009665012359619
0.020025014877319336
0.019908905029296875
0.026908278465270996
0.032918334007263184
0.026143550872802734
0.0194699764251709
0.03177833557128906
0.02361917495727539
0.017148613929748535
0.014466166496276855
0.01798379421234131
0.020097017288208008
0.01965177059173584
0.019477486610412598
0.02229022979736328
0.01666891574859619
0.017404913902282715
0.015293240547180176
0.018856048583984375
0.015831828117370605
0.013567328453063965
0.01447296142578125
0.012700557708740234
0.013649463653564453
0.01358485221862793
0.016164541244506836
0.012635946273803711
0.013297319412231445
0.015611410140991211
0.01328134536743164
0.011266946792602539
0.01221764087677002
0.015430569648742676
0.01366734504699707
0.013373374938964844
0.013633370399475098
0.010200738906860352
0.006796598434448242
0.007720232009887695
0.00809621810913086
0.010643482208251953
0.010585546493530273
0.007862091064453125
0.008584260940551758
0.009506583213806152
0.012949585914611816
0.0080413818359375
0.008667230606079102
0.009300947189331055
0.006948232650756836
0.008966684341430664
0.00858616828918457
0.009944558143615723
0.010141968727111816
0.008142471313476562
0.010077595710754395
0.009896039962768555
0.010985612869262695
0.005595684051513672
0.008336067199707031
0.008684158325195312
0.008258819580078125
0.006354808807373047
0.007157087326049805
0.007760763168334961
0.009191513061523438
0.00829768180847168
0.00758671760559082
0.0067675113677978516
0.009063959121704102
0.006195068359375
0.006555080413818359
0.010422706604003906
0.006302833557128906
0.00790715217590332
0.007910966873168945
0.004100322723388672
0.006168246269226074
0.005799055099487305
0.006923675537109375
0.006902933120727539
0.010473489761352539
0.0070650577545166016
0.0047914981842041016
0.0075348615646362305
0.006969451904296875
0.006868124008178711
0.0075495243072509766
0.007885217666625977
0.00812220573425293
0.006425619125366211
0.006737232208251953
0.006097555160522461
0.006628990173339844
0.006678581237792969
0.006122112274169922
0.007968425750732422
0.008028268814086914
0.007013797760009766
0.0052225589752197266
0.007517099380493164
0.004642486572265625
0.005044221878051758
0.0066127777099609375
0.005373239517211914
0.007884740829467773
0.006217241287231445
0.005232572555541992
0.006287574768066406
0.006226062774658203
0.005938053131103516
0.00559234619140625
0.005967617034912109
0.004921436309814453
0.004748821258544922
0.0057904720306396484
0.003652811050415039
0.005979180335998535
0.004277467727661133
0.005514860153198242
0.004975318908691406
0.005219459533691406
0.004887819290161133
0.005690574645996094
0.006975412368774414
0.005269050598144531
0.004857063293457031
0.005216121673583984
0.004021644592285156
0.004596710205078125
0.0065850019454956055
0.004416704177856445
0.004595756530761719
0.004797458648681641
0.004685163497924805
0.004796504974365234
0.005458831787109375
0.004987955093383789
0.003326416015625
0.005830049514770508
0.0051805973052978516
0.004152774810791016
0.004956722259521484
0.005991220474243164
0.005151033401489258
0.00612330436706543
0.005295753479003906
0.004767656326293945
0.005183696746826172
0.0043048858642578125
0.0033483505249023438
0.004000663757324219
0.0042552947998046875
0.005867481231689453
0.004222869873046875
0.0032758712768554688
0.003561258316040039
0.006136417388916016
0.003762960433959961
0.0051424503326416016
0.005861520767211914
0.0040056705474853516
0.004565238952636719
0.003491640090942383
0.0036640167236328125
0.003522634506225586
0.004377603530883789
0.00373077392578125
0.0055713653564453125
0.004595756530761719
0.004182338714599609
0.004546642303466797
0.004086732864379883
0.0038874149322509766
0.003427267074584961
0.004013776779174805
0.0037603378295898438
0.00481414794921875
0.0036101341247558594
0.004013776779174805
0.0046465396881103516
0.005483150482177734
0.004328250885009766
0.0036211013793945312
0.004372119903564453
0.0039823055267333984
0.0036461353302001953
0.004419088363647461
0.0048809051513671875
0.00443577766418457
0.003876209259033203
0.006269931793212891
0.00475621223449707
0.00356292724609375
0.0035483837127685547
0.002845287322998047
0.0058705806732177734
0.003334522247314453
0.0051441192626953125
0.003384828567504883
0.0035276412963867188
0.004366159439086914
0.003766775131225586
0.0041332244873046875
0.004392385482788086
0.004145622253417969
0.003141641616821289
0.003935813903808594
0.003445148468017578
0.0037276744842529297
0.004595756530761719
0.00328826904296875
0.004006862640380859
0.0036232471466064453
0.0035152435302734375
0.003615856170654297
0.0028045177459716797
0.004309415817260742
0.0037088394165039062
0.002916097640991211
0.004652261734008789
0.004830121994018555
0.004285573959350586
0.0037202835083007812
0.00334930419921875
0.0041811466217041016
0.0044384002685546875
0.003926992416381836
0.003374814987182617
0.0026390552520751953
0.0031731128692626953
0.004397869110107422
0.003040790557861328
0.003518342971801758
0.002368927001953125
0.005035400390625
0.003017902374267578
0.002277374267578125
0.003866910934448242
0.003476381301879883
0.003991842269897461
0.0031735897064208984
0.0035271644592285156
0.004072904586791992
0.0032880306243896484
0.004010200500488281
0.0024306774139404297
0.0044782161712646484
0.0028252601623535156
0.002432584762573242
0.003320932388305664
0.003360748291015625
0.003350496292114258
0.0042154788970947266
0.0034999847412109375
0.002704620361328125
0.004617452621459961
0.0031006336212158203
0.003491640090942383
0.0032889842987060547
0.0037529468536376953
0.0032651424407958984
0.0052912235260009766
0.0030198097229003906
0.0031189918518066406
0.0029201507568359375
0.002585887908935547
0.0026922225952148438
0.0029668807983398438
0.0037827491760253906
0.0029087066650390625
0.002506732940673828
0.0030455589294433594
0.0025796890258789062
0.0032002925872802734
0.0023026466369628906
0.0033698081970214844
0.004245758056640625
0.0031363964080810547
0.003640890121459961
0.004166126251220703
0.003300189971923828
0.0033223628997802734
0.0041522979736328125
0.0031757354736328125
0.0036597251892089844
0.0037741661071777344
0.004307746887207031
0.002178192138671875
0.002800464630126953
0.0030431747436523438
0.0041255950927734375
0.0026166439056396484
0.0031654834747314453
0.003319978713989258
0.003041982650756836
0.003965139389038086
0.003748178482055664
0.0024008750915527344
0.002899646759033203
0.0033111572265625
0.0022912025451660156
0.003195047378540039
0.002871274948120117
0.002568960189819336
0.003283262252807617
0.002860546112060547
0.004179239273071289
0.0020122528076171875
0.0022821426391601562
0.002656221389770508
0.00249481201171875
0.002870321273803711
0.0024154186248779297
0.0034499168395996094
0.002729654312133789
0.002890348434448242
0.0039861202239990234
0.0034232139587402344
0.0028955936431884766
0.003561735153198242
0.004622459411621094
0.002055644989013672
0.0037271976470947266
0.003305673599243164
0.0033538341522216797
0.002692699432373047
0.003754854202270508
0.0026345252990722656
0.0028531551361083984
0.003300905227661133
0.0024950504302978516
0.004111528396606445
0.002819538116455078
0.0026938915252685547
0.0026662349700927734
0.002619504928588867
0.0033724308013916016
0.0026166439056396484
0.0034759044647216797
0.0024547576904296875
0.003484487533569336
0.0025424957275390625
0.0028481483459472656
0.0029435157775878906
0.002585172653198242
0.003192901611328125
0.0024514198303222656
0.0025043487548828125
0.002830982208251953
0.0025374889373779297
0.001949310302734375
0.0034275054931640625
0.00287628173828125
0.0029964447021484375
0.0033349990844726562
0.003898143768310547
0.002573728561401367
0.0032999515533447266
0.0023643970489501953
0.0029582977294921875
0.002993345260620117
0.0035333633422851562
0.0035445690155029297
0.002923727035522461
0.0025153160095214844
0.002149820327758789
0.0032727718353271484
0.0020618438720703125
0.002320528030395508
0.002995014190673828
0.003529071807861328
0.002675294876098633
0.002247333526611328
0.0018870830535888672
0.0018568038940429688
0.0028591156005859375
0.00290679931640625
0.0024738311767578125
0.0034079551696777344
0.0025527477264404297
0.0022516250610351562
0.0022220611572265625
0.0027840137481689453
0.003522157669067383
0.003087282180786133
0.0024557113647460938
0.0031850337982177734
0.0027358531951904297
0.0032753944396972656
0.002440214157104492
0.002420663833618164
0.0027418136596679688
0.002958059310913086
0.002238750457763672
0.002541780471801758
0.0031833648681640625
0.002165079116821289
0.0036334991455078125
0.0029549598693847656
0.0035505294799804688
0.0033974647521972656
0.002883434295654297
0.0027475357055664062
0.002695322036743164
0.002389669418334961
0.0022084712982177734
0.0039033889770507812
0.0030901432037353516
0.003106832504272461
0.0020439624786376953
0.002657175064086914
0.002460002899169922
0.00273895263671875
0.0028476715087890625
0.003431081771850586
0.0025205612182617188
0.0023376941680908203
0.0022466182708740234
0.0024847984313964844
0.0016748905181884766
0.0030655860900878906
0.0025072097778320312
0.0025238990783691406
0.002925872802734375
0.0020864009857177734
0.002240896224975586
0.0024771690368652344
0.002351522445678711
0.003352642059326172
0.001554727554321289
0.0028879642486572266
0.0023806095123291016
0.002902507781982422
0.0034677982330322266
0.0026590824127197266
0.003072500228881836
0.00311279296875
0.0020596981048583984
0.0023245811462402344
0.0036623477935791016
0.0025436878204345703
0.0031974315643310547
0.0018110275268554688
0.0018727779388427734
0.0025708675384521484
0.0029773712158203125
0.004330635070800781
0.0024094581604003906
0.002771615982055664
0.0031456947326660156
0.0023987293243408203
0.003301858901977539
0.0019381046295166016
0.0024712085723876953
0.0020034313201904297
0.0028624534606933594
0.0027837753295898438
0.0018970966339111328
0.002428770065307617
0.0020771026611328125
0.0024118423461914062
0.003392934799194336
0.0018744468688964844
0.0025768280029296875
0.0016896724700927734
0.002105712890625
0.0024340152740478516
0.002533435821533203
0.0020685195922851562
0.003121614456176758
0.002038717269897461
0.003157377243041992
0.003769397735595703
0.002358675003051758
0.002038717269897461
0.0027811527252197266
0.0034933090209960938
0.0026977062225341797
0.002557992935180664
0.0022978782653808594
0.0018422603607177734
0.002839326858520508
0.0021429061889648438
0.0031058788299560547
0.0030722618103027344
0.0021805763244628906
0.002270936965942383
0.0024476051330566406
0.0023844242095947266
0.002034425735473633
0.0017986297607421875
0.0018908977508544922
0.00307464599609375
0.0019221305847167969
0.003103494644165039
0.0019638538360595703
0.002376556396484375
0.0025267601013183594
0.002537965774536133
0.0027968883514404297
0.002115011215209961
0.0024061203002929688
0.0025959014892578125
0.0026307106018066406
0.0017371177673339844
0.0022454261779785156
0.0023958683013916016
0.0018579959869384766
0.0026357173919677734
0.002161264419555664
0.002088308334350586
0.003259897232055664
0.0019199848175048828
0.002166271209716797
0.002213001251220703
0.0019571781158447266
0.003282308578491211
0.002297639846801758
0.0023818016052246094
0.0027985572814941406
0.0026350021362304688
0.0026764869689941406
0.0033609867095947266
0.0018987655639648438
0.00189971923828125
0.0019032955169677734
0.002688884735107422
0.0020842552185058594
0.0038917064666748047
0.0032806396484375
0.002137422561645508
0.0026702880859375
0.0023212432861328125
0.0023877620697021484
0.002306699752807617
0.002406597137451172
0.002044677734375
0.0022656917572021484
0.002135038375854492
0.0033936500549316406
0.0024509429931640625
0.0023441314697265625
0.002164125442504883
0.002188444137573242
0.0022063255310058594
0.002094268798828125
0.001981496810913086
0.0028257369995117188
0.0014564990997314453
0.0022602081298828125
0.0027382373809814453
0.0023186206817626953
0.0018169879913330078
0.0025148391723632812
0.001750946044921875
0.001439809799194336
0.0030498504638671875
0.002297639846801758
0.002689361572265625
0.002450227737426758
0.0028510093688964844
0.0021653175354003906
0.0032966136932373047
0.0030307769775390625
0.0030112266540527344
0.0018565654754638672
0.0020036697387695312
0.0034487247467041016
0.002370595932006836
0.0020873546600341797
0.001940011978149414
0.0028176307678222656
0.0022373199462890625
0.003631114959716797
0.0029478073120117188
0.003514528274536133
0.0015778541564941406
0.0018935203552246094
0.0026764869689941406
0.002603292465209961
0.002100229263305664
0.002226591110229492
0.002033710479736328
0.0030150413513183594
0.0019822120666503906
0.001973867416381836
0.002216339111328125
0.002070903778076172
0.002050161361694336
0.0017502307891845703
0.0025780200958251953
0.0025839805603027344
0.002014636993408203
0.002730846405029297
0.002225637435913086
0.002472400665283203
0.0017027854919433594
0.002118349075317383
0.002556324005126953
0.0024847984313964844
0.002391815185546875
0.0022852420806884766
0.002694368362426758
0.001718759536743164
0.002082347869873047
0.0026106834411621094
0.0016601085662841797
0.0023941993713378906
0.0026955604553222656
0.002022266387939453
0.0015742778778076172
0.002645730972290039
0.002905130386352539
0.0025551319122314453
0.002549409866333008
0.0023398399353027344
0.0025277137756347656
0.003345012664794922
0.0014238357543945312
0.0032846927642822266
0.0023283958435058594
0.0020415782928466797
0.0026466846466064453
0.002780437469482422
0.0032808780670166016
0.001617431640625
0.0020859241485595703
0.0018398761749267578
0.0017957687377929688
0.0025222301483154297
0.0019626617431640625
0.0031092166900634766
0.002805471420288086
0.0016720294952392578
0.0016338825225830078
0.0016779899597167969
0.00237274169921875
0.0017151832580566406
0.0020847320556640625
0.002216339111328125
0.0017497539520263672
0.0017056465148925781
0.0017452239990234375
0.0018928050994873047
0.0017676353454589844
0.0023436546325683594
0.0021674633026123047
0.0017995834350585938
0.0019593238830566406
0.0028798580169677734
0.0022389888763427734
0.0024356842041015625
0.0025148391723632812
0.0018112659454345703
0.002271890640258789
0.0019505023956298828
0.0023696422576904297
0.002450227737426758
0.0021305084228515625
0.002558469772338867
0.0024871826171875
0.0022377967834472656
0.0022423267364501953
0.0024602413177490234
0.003216266632080078
0.002556324005126953
0.0021927356719970703
0.0019273757934570312
0.002274751663208008
0.0027625560760498047
0.002076864242553711
0.0034685134887695312
0.0028848648071289062
0.0018587112426757812
0.0017192363739013672
0.0022573471069335938
0.0024101734161376953
0.0018591880798339844
0.0017254352569580078
0.0022554397583007812
0.0021445751190185547
0.002173900604248047
0.0018410682678222656
0.0023870468139648438
0.0023849010467529297
0.0022292137145996094
0.0030279159545898438
0.0023131370544433594
0.0010831356048583984
0.002500772476196289
0.0030126571655273438
0.0027205944061279297
0.002698659896850586
0.002862215042114258
0.002175569534301758
0.0020029544830322266
0.0021734237670898438
0.0026879310607910156
0.0017697811126708984
0.0018651485443115234
0.0029566287994384766
0.0024182796478271484
0.0017168521881103516
0.0022165775299072266
0.0019443035125732422
0.0013289451599121094
0.001706838607788086
0.0018846988677978516
0.0017430782318115234
0.0022912025451660156
0.002682209014892578
0.001722574234008789
0.002624034881591797
0.0028214454650878906
0.0022013187408447266
0.0014944076538085938
0.002549886703491211
0.002315044403076172
0.0021860599517822266
0.0020825862884521484
0.0017659664154052734
0.0015132427215576172
0.0016598701477050781
0.0020902156829833984
0.0027070045471191406
0.002370119094848633
0.0030448436737060547
0.0017695426940917969
0.0018451213836669922
0.002457141876220703
0.0028486251831054688
0.0016286373138427734
0.0028307437896728516
0.002438783645629883
0.0024442672729492188
0.0018935203552246094
0.002163410186767578
0.002141237258911133
0.002836942672729492
0.0022933483123779297
0.002356290817260742
0.0022628307342529297
0.0018453598022460938
0.0014748573303222656
0.0025911331176757812
0.0014810562133789062
0.0017952919006347656
0.002877950668334961
0.002458333969116211
0.0022368431091308594
0.0024781227111816406
0.0017843246459960938
0.002159595489501953
0.002588987350463867
0.0016813278198242188
0.0019092559814453125
0.002550840377807617
0.0028600692749023438
0.0020818710327148438
0.002299785614013672
0.0015146732330322266
0.0016634464263916016
0.0024678707122802734
0.0018315315246582031
0.002997159957885742
0.0021982192993164062
0.0020685195922851562
0.0022687911987304688
0.0020494461059570312
0.0024187564849853516
0.002658367156982422
0.002132892608642578
0.002348184585571289
0.0021386146545410156
0.0019161701202392578
0.0020360946655273438
0.0019729137420654297
0.0018200874328613281
0.0019669532775878906
0.0023279190063476562
0.002118825912475586
0.002058267593383789
0.0014154911041259766
0.002409219741821289
0.0022242069244384766
0.001880645751953125
0.0024116039276123047
0.0021276473999023438
0.002549886703491211
0.0026264190673828125
0.0017740726470947266
0.0014801025390625
0.0025968551635742188
0.0021440982818603516
0.00226593017578125
0.002319812774658203
0.0020618438720703125
0.002419710159301758
0.002229452133178711
0.0021047592163085938
0.0020918846130371094
0.002384185791015625
0.0020492076873779297
0.003101348876953125
0.0019273757934570312
0.0028839111328125
0.0020644664764404297
0.00167083740234375
0.002906322479248047
0.0018916130065917969
0.0015456676483154297
0.002470731735229492
0.0015172958374023438
0.0019431114196777344
0.002032041549682617
0.002305269241333008
0.002184152603149414
0.002517223358154297
0.0019550323486328125
0.0023107528686523438
0.0025300979614257812
0.001844644546508789
0.0022172927856445312
0.0022084712982177734
0.0024247169494628906
0.0019598007202148438
0.002153158187866211
0.0023713111877441406
0.0023720264434814453
0.0021305084228515625
0.002853870391845703
0.0027658939361572266
0.002732515335083008
0.0018851757049560547
0.0017342567443847656
0.0015339851379394531
0.00157928466796875
0.002154111862182617
0.002150297164916992
0.0023140907287597656
0.0018911361694335938
0.0014438629150390625
0.002700328826904297
0.0019860267639160156
0.0028731822967529297
0.002270221710205078
0.0024187564849853516
0.001971006393432617
0.002084016799926758
0.002193927764892578
0.0018417835235595703
0.0016498565673828125
0.002407073974609375
0.0014846324920654297
0.0023174285888671875
0.0017342567443847656
0.0020322799682617188
0.0017180442810058594
0.0017266273498535156
0.0018377304077148438
0.002457141876220703
0.0019164085388183594
0.002752542495727539
0.002061605453491211
0.0017886161804199219
0.002419710159301758
0.0017175674438476562
0.0029959678649902344
0.00185394287109375
0.002377033233642578
0.0022835731506347656
0.0018813610076904297
0.0024840831756591797
0.0020220279693603516
0.002383708953857422
0.0020411014556884766
0.0017032623291015625
0.0020296573638916016
0.0032453536987304688
0.0027008056640625
0.0020186901092529297
0.002820730209350586
0.0017118453979492188
0.0018527507781982422
0.0025720596313476562
0.002149343490600586
0.0017437934875488281
0.0020728111267089844
0.0016589164733886719
0.002353668212890625
0.001898050308227539
0.0020842552185058594
0.002772092819213867
0.0018112659454345703
0.0020401477813720703
0.002194643020629883
0.002031564712524414
0.0023927688598632812
0.0022013187408447266
0.0021467208862304688
0.0027790069580078125
0.0015797615051269531
0.0022513866424560547
0.0019421577453613281
0.001806497573852539
0.002136707305908203
0.0013916492462158203
0.0020792484283447266
0.001226663589477539
0.0026769638061523438
0.001705169677734375
0.0024192333221435547
0.0026633739471435547
0.001991748809814453
0.001636505126953125
0.0019099712371826172
0.0019617080688476562
0.0015788078308105469
0.0019593238830566406
0.0024034976959228516
0.0023865699768066406
0.0020873546600341797
0.0018229484558105469
0.002850055694580078
0.002584695816040039
0.0015592575073242188
0.002113819122314453
0.001928567886352539
0.001966238021850586
0.0025713443756103516
0.0019800662994384766
0.002092599868774414
0.0020475387573242188
0.002068758010864258
0.001912832260131836
0.0019478797912597656
0.002090930938720703
0.002295970916748047
0.0018198490142822266
0.0014514923095703125
0.002414703369140625
0.002402067184448242
0.002859830856323242
0.0023016929626464844
0.0017728805541992188
0.002151012420654297
0.0019805431365966797
0.002270936965942383
0.0023756027221679688
0.0027854442596435547
0.0020508766174316406
0.0024318695068359375
0.0013766288757324219
0.0022399425506591797
0.0022287368774414062
0.001834869384765625
0.002455472946166992
0.0013055801391601562
0.0023860931396484375
0.001960277557373047
0.002265453338623047
0.0018508434295654297
0.001558065414428711
0.002254009246826172
0.0016660690307617188
0.001470327377319336
0.002463817596435547
0.0030570030212402344
0.0023963451385498047
0.0019681453704833984
0.002239704132080078
0.0026481151580810547
0.0019288063049316406
0.0018470287322998047
0.0022208690643310547
0.0017278194427490234
0.0016832351684570312
0.002135753631591797
0.002573728561401367
0.003309965133666992
0.002540111541748047
0.0017905235290527344
0.002444744110107422
0.001970052719116211
0.0018768310546875
0.0028858184814453125
0.0019373893737792969
0.0017628669738769531
0.001711130142211914
0.0022253990173339844
0.0022873878479003906
0.0018568038940429688
0.002254962921142578
0.0017690658569335938
0.001642465591430664
0.0020751953125
0.0024673938751220703
0.001966238021850586
0.0015883445739746094
0.0026497840881347656
0.0019412040710449219
0.002439737319946289
0.002012968063354492
0.0022478103637695312
0.0013425350189208984
0.001636505126953125
0.0021643638610839844
0.001598358154296875
0.0017285346984863281
0.0017058849334716797
0.002310037612915039
0.002434253692626953
0.002609729766845703
0.002706766128540039
0.001373291015625
0.002317667007446289
0.002145528793334961
0.0015721321105957031
0.0021619796752929688
0.0023899078369140625
0.0020461082458496094
0.001970052719116211
0.0017995834350585938
0.0019228458404541016
0.003747701644897461
0.0019426345825195312
0.0015223026275634766
0.002245664596557617
0.001596689224243164
0.0021958351135253906
0.0019116401672363281
0.002022981643676758
0.0026574134826660156
0.0023851394653320312
0.0018553733825683594
0.0018813610076904297
0.0021719932556152344
0.0023801326751708984
0.0017840862274169922
0.0014874935150146484
0.0016827583312988281
0.0016231536865234375
0.0018038749694824219
0.002445220947265625
0.0024611949920654297
0.0021038055419921875
0.0025501251220703125
0.0015833377838134766
0.0016579627990722656
0.002131223678588867
0.002457857131958008
0.0019016265869140625
0.001783132553100586
0.002358675003051758
0.0017061233520507812
0.002649068832397461
0.001804351806640625
0.0020787715911865234
0.0015366077423095703
0.0017995834350585938
0.0022296905517578125
0.0015463829040527344
0.002634763717651367
0.0018935203552246094
0.0015070438385009766
0.002821683883666992
0.0022957324981689453
0.0023674964904785156
0.0019388198852539062
0.0019500255584716797
0.0013365745544433594
0.0019228458404541016
0.0017893314361572266
0.0024340152740478516
0.001878499984741211
0.002557039260864258
0.00232696533203125
0.002390146255493164
0.0020225048065185547
0.0023627281188964844
0.0019016265869140625
0.0018794536590576172
0.0023698806762695312
0.0017137527465820312
0.0022373199462890625
0.002265453338623047
0.0023632049560546875
0.001961946487426758
0.0023298263549804688
0.002512693405151367
0.0019512176513671875
0.0016944408416748047
0.0029184818267822266
0.0017457008361816406
0.001657247543334961
0.0011856555938720703
0.0018303394317626953
0.0022077560424804688
0.0016241073608398438
0.002077817916870117
0.0011105537414550781
0.0024843215942382812
0.0019257068634033203
0.002538442611694336
0.00199127197265625
0.001984834671020508
0.001695394515991211
0.002242565155029297
0.0022497177124023438
0.0025634765625
0.0024259090423583984
0.002020597457885742
0.002480030059814453
0.002447366714477539
0.0016865730285644531
0.0018858909606933594
0.0025751590728759766
0.002596139907836914
0.002718687057495117
0.0018491744995117188
0.0023283958435058594
0.0015878677368164062
0.0023658275604248047
0.002060413360595703
0.001967906951904297
0.0014333724975585938
0.0019690990447998047
0.002296924591064453
0.0020761489868164062
0.0023229122161865234
0.0022482872009277344
0.0016744136810302734
0.002323150634765625
0.0022389888763427734
0.0018854141235351562
0.0020089149475097656
0.00156402587890625
0.001882314682006836
0.002254009246826172
0.0019445419311523438
0.002157449722290039
0.001825094223022461
0.0027244091033935547
0.0023832321166992188
0.0021550655364990234
0.0017743110656738281
0.0018458366394042969
0.0016214847564697266
0.0024254322052001953
0.002650737762451172
0.0019299983978271484
0.002107381820678711
0.0017881393432617188
0.0020291805267333984
0.002387523651123047
0.0018804073333740234
0.0023055076599121094
0.0019605159759521484
0.002321958541870117
0.002495288848876953
0.0018944740295410156
0.0015413761138916016
0.0015554428100585938
0.0014357566833496094
0.0020058155059814453
0.002132892608642578
0.0023217201232910156
0.002794981002807617
0.0017025470733642578
0.002307891845703125
0.0016605854034423828
0.0021622180938720703
0.0024940967559814453
0.0018682479858398438
0.002453327178955078
0.00226593017578125
0.002130270004272461
0.0022935867309570312
0.0016744136810302734
0.001943826675415039
0.0014166831970214844
0.002187490463256836
0.0017986297607421875
0.0019593238830566406
0.002272367477416992
0.0017328262329101562
0.0018372535705566406
0.0016548633575439453
0.0018727779388427734
0.0020301342010498047
0.0019638538360595703
0.0024170875549316406
0.002187967300415039
0.003092050552368164
0.0020368099212646484
0.0016524791717529297
0.002655506134033203
0.0016033649444580078
0.002486705780029297
0.0018031597137451172
0.0017328262329101562
0.0021142959594726562
0.002551555633544922
0.0024602413177490234
0.0019524097442626953
0.0017898082733154297
0.0019965171813964844
0.001856088638305664
0.0019807815551757812
0.0020232200622558594
0.002338886260986328
0.002664804458618164
0.002155303955078125
0.0024755001068115234
0.00173187255859375
0.0015032291412353516
0.0017769336700439453
0.0017147064208984375
0.0033521652221679688
0.0022335052490234375
0.0019068717956542969
0.0023059844970703125
0.002336263656616211
0.0018761157989501953
0.002203226089477539
0.002070903778076172
0.0018799304962158203
0.0023772716522216797
0.0021038055419921875
0.002438068389892578
0.0019030570983886719
0.0021719932556152344
0.0020952224731445312
0.002213001251220703
0.0015113353729248047
0.001733541488647461
0.0019342899322509766
0.0017495155334472656
0.0018181800842285156
0.0022003650665283203
0.0018417835235595703
0.0022041797637939453
0.002782106399536133
0.0017876625061035156
0.001796722412109375
0.0014317035675048828
0.0019936561584472656
0.002056121826171875
0.002428293228149414
0.0019943714141845703
0.0024497509002685547
0.0030858516693115234
0.0014367103576660156
0.0016071796417236328
0.0022788047790527344
0.0021140575408935547
0.002149820327758789
0.0022830963134765625
0.003354787826538086
0.0022437572479248047
0.002115488052368164
0.0019588470458984375
0.001874685287475586
0.0017232894897460938
0.0017132759094238281
0.0017156600952148438
0.002178668975830078
0.0019409656524658203
0.0015790462493896484
0.002369403839111328
0.0015387535095214844
0.0022704601287841797
0.00153350830078125
0.0015571117401123047
0.0020799636840820312
0.0022766590118408203
0.001996755599975586
0.0020885467529296875
0.0022220611572265625
0.0019087791442871094
0.0018649101257324219
0.0020101070404052734
0.0022399425506591797
0.0024976730346679688
0.001584768295288086
0.002582550048828125
0.002649068832397461
0.002457141876220703
0.0017075538635253906
0.0017273426055908203
0.00170135498046875
0.001710653305053711
0.0016825199127197266
0.0017163753509521484
0.0017070770263671875
0.002361774444580078
0.002756357192993164
0.002158641815185547
0.001718282699584961
0.0019843578338623047
0.0020477771759033203
0.002483367919921875
0.0017457008361816406
0.0017390251159667969
0.0023038387298583984
0.0022220611572265625
0.002059459686279297
0.002274751663208008
0.002791881561279297
0.002162933349609375
0.001981496810913086
0.001985311508178711
0.0020046234130859375
0.002379179000854492
0.0024869441986083984
0.0019004344940185547
0.0017268657684326172
0.00164794921875
0.0017745494842529297
0.001440286636352539
0.0021545886993408203
0.0019707679748535156
0.0019664764404296875
0.0016803741455078125
0.0021064281463623047
0.002008199691772461
0.0018153190612792969
0.002164602279663086
0.0024247169494628906
0.0017178058624267578
0.0021619796752929688
0.0025093555450439453
0.0019333362579345703
0.0012471675872802734
0.0016965866088867188
0.0023615360260009766
0.0018320083618164062
0.0023965835571289062
0.0016655921936035156
0.002205371856689453
0.0027141571044921875
0.0021529197692871094
0.0022623538970947266
0.002331256866455078
0.002858877182006836
0.002503633499145508
0.0016777515411376953
0.0015244483947753906
0.0018398761749267578
0.002287626266479492
0.0020492076873779297
0.002535581588745117
0.002302885055541992
0.0019507408142089844
0.0017094612121582031
0.0015990734100341797
0.002165079116821289
0.0019845962524414062
0.002780914306640625
0.002129077911376953
0.0017483234405517578
0.0015423297882080078
0.00305938720703125
0.0021505355834960938
0.0014464855194091797
0.0017054080963134766
0.0015821456909179688
0.0016298294067382812
0.0017077922821044922
0.002237558364868164
0.0019702911376953125
0.0021495819091796875
0.0018765926361083984
0.0022034645080566406
0.0021562576293945312
0.0015943050384521484
0.0023851394653320312
0.0018630027770996094
0.0021278858184814453
0.0031757354736328125
0.002616405487060547
0.0018725395202636719
0.0023741722106933594
0.001598358154296875
0.001706838607788086
0.002584695816040039
0.002081155776977539
0.003000974655151367
0.0019185543060302734
0.002284526824951172
0.002167940139770508
0.002080202102661133
0.0019221305847167969
0.0019032955169677734
0.002300739288330078
0.0028154850006103516
0.0015628337860107422
0.0020189285278320312
0.0019102096557617188
0.0019223690032958984
0.0013630390167236328
0.0020589828491210938
0.0020737648010253906
0.0023381710052490234
0.0020952224731445312
0.0017070770263671875
0.0017766952514648438
0.002111673355102539
0.002467632293701172
0.001973867416381836
0.0018651485443115234
0.0019145011901855469
0.001966714859008789
0.0018696784973144531
0.0018429756164550781
0.002231121063232422
0.0024483203887939453
0.0019769668579101562
0.0016951560974121094
0.0019783973693847656
0.0016322135925292969
0.002172708511352539
0.002338409423828125
0.001981973648071289
0.0026397705078125
0.002643108367919922
0.0025548934936523438
0.002138376235961914
0.0018575191497802734
0.001749277114868164
0.0024602413177490234
0.0014514923095703125
0.0015916824340820312
0.001558065414428711
0.0026772022247314453
0.0019180774688720703
0.0013709068298339844
0.002231121063232422
0.002365589141845703
0.001861572265625
0.0018656253814697266
0.0022728443145751953
0.002100706100463867
0.002153635025024414
0.0024459362030029297
0.0020952224731445312
0.0019681453704833984
0.0021843910217285156
0.0018711090087890625
0.0016512870788574219
0.0020194053649902344
0.0023183822631835938
0.001766204833984375
0.0020334720611572266
0.0012993812561035156
0.002243518829345703
0.0017061233520507812
0.0028061866760253906
0.002247333526611328
0.0017731189727783203
0.001768350601196289
0.0024797916412353516
0.0018084049224853516
0.001645803451538086
0.0017430782318115234
0.002229928970336914
0.001672983169555664
0.0027327537536621094
0.001148223876953125
0.001988649368286133
0.0017864704132080078
0.0021817684173583984
0.001764059066772461
0.002414226531982422
0.0018622875213623047
0.0027971267700195312
0.0021445751190185547
0.002112150192260742
0.0016720294952392578
0.001435995101928711
0.0018770694732666016
0.0023565292358398438
0.0019025802612304688
0.0020971298217773438
0.0023539066314697266
0.003130197525024414
0.0021376609802246094
0.0024063587188720703
0.0019698143005371094
0.001676797866821289
0.0017583370208740234
0.0018794536590576172
0.0021789073944091797
0.002307891845703125
0.0022237300872802734
0.0022559165954589844
0.001987934112548828
0.0018992424011230469
0.0020558834075927734
0.0024929046630859375
0.0015690326690673828
0.001699209213256836
0.0022149085998535156
0.002246856689453125
0.0026400089263916016
0.0015273094177246094
0.0020818710327148438
0.001966714859008789
0.001909017562866211
0.00275421142578125
0.0018804073333740234
0.0026998519897460938
0.0016965866088867188
0.002276182174682617
0.0017168521881103516
0.0017733573913574219
0.002219676971435547
0.0018336772918701172
0.002285480499267578
0.0022258758544921875
0.0022306442260742188
0.0017657279968261719
0.0016434192657470703
0.0016796588897705078
0.0012612342834472656
0.0020265579223632812
0.001979351043701172
0.0028085708618164062
0.0022373199462890625
0.0025496482849121094
0.0026397705078125
0.0023632049560546875
0.002472400665283203
0.002065420150756836
0.0023691654205322266
0.002791166305541992
0.0017580986022949219
0.002960205078125
0.0018231868743896484
0.0015726089477539062
0.0019304752349853516
0.0015575885772705078
0.002196788787841797
0.0011436939239501953
0.0027616024017333984
0.002260923385620117
0.0016629695892333984
0.0021560192108154297
0.0019199848175048828
0.001859903335571289
0.001974344253540039
0.0018260478973388672
0.0018343925476074219
0.0018799304962158203
0.0021817684173583984
0.0016121864318847656
