325.2088806629181
324.5793421268463
323.52159452438354
323.2225785255432
322.5030336380005
321.6816580295563
320.2272276878357
319.72602438926697
319.4099712371826
318.9758086204529
318.9239614009857
319.89663195610046
319.385196685791
319.4315655231476
319.32703709602356
318.2246935367584
319.0500464439392
318.8615026473999
318.75418162345886
318.6953356266022
318.6816437244415
318.653461933136
318.701628446579
318.69963335990906
317.64292192459106
319.0703344345093
318.07436299324036
317.9563572406769
318.1831045150757
318.172483921051
316.80747294425964
317.36149764060974
314.75209975242615
312.25988149642944
295.6972472667694
290.70364236831665
282.7514555454254
261.2026528120041
245.29816114902496
223.05529296398163
206.48545849323273
189.83716702461243
185.42951929569244
162.50976645946503
151.6286507844925
149.8485408425331
132.81387454271317
125.27214395999908
119.3430047929287
108.39434427022934
100.89954283833504
90.78463116288185
82.50321006774902
82.29490125179291
79.17246025800705
74.61205497384071
59.216250240802765
66.70897540450096
52.1303605735302
48.866307854652405
55.074788361787796
51.87831753492355
44.59486868977547
35.76233544945717
39.24330013990402
33.47129684686661
31.00610762834549
26.582978785037994
21.313330829143524
29.08426171541214
21.773584574460983
15.279206156730652
12.270661354064941
17.17405503988266
18.08764272928238
14.394390761852264
7.017100930213928
11.025013148784637
12.344376742839813
14.597772002220154
10.064196705818176
17.170082688331604
11.692027688026428
15.63049328327179
4.266540467739105
5.740996301174164
5.738400995731354
10.07860141992569
6.809895157814026
3.737163484096527
5.9178882241249084
9.453973412513733
9.91474449634552
7.287620425224304
5.657846212387085
7.60062313079834
8.74501246213913
3.5472293496131897
4.4280624985694885
0.7567466497421265
0.30832231044769287
0.15505969524383545
0.08743453025817871
0.11072123050689697
0.5915924310684204
1.5506943464279175
0.4230610132217407
1.424010992050171
2.6338804960250854
1.5134748816490173
2.517536163330078
2.427382469177246
0.20090174674987793
0.4347492456436157
4.395225763320923
0.4247300624847412
0.6451278924942017
1.193537712097168
1.139711856842041
7.896816670894623
8.76917564868927
4.248375058174133
0.5568621158599854
0.10480237007141113
0.14022982120513916
1.1811809539794922
0.44617414474487305
0.14417779445648193
0.1315838098526001
0.06237530708312988
0.06991732120513916
0.05791139602661133
0.020972609519958496
0.06454193592071533
0.037818193435668945
0.027849912643432617
0.025366783142089844
0.01578831672668457
0.01902031898498535
0.017783522605895996
0.017287850379943848
0.0199202299118042
0.015287160873413086
0.01919841766357422
0.013399600982666016
0.01985156536102295
0.011889457702636719
0.014227747917175293
0.01360940933227539
0.014939546585083008
0.015502095222473145
0.014360427856445312
0.009997844696044922
0.010707855224609375
0.01267385482788086
0.017478466033935547
0.030505657196044922
0.02106165885925293
0.012245535850524902
0.01103830337524414
0.007524251937866211
0.008282184600830078
0.012821674346923828
0.011193990707397461
0.008878827095031738
0.009537458419799805
0.008258819580078125
0.017517805099487305
0.011133432388305664
0.010299444198608398
0.00987553596496582
0.009343266487121582
0.007970333099365234
0.0073931217193603516
0.0051953792572021484
0.008327722549438477
0.005597710609436035
0.005208730697631836
0.007085323333740234
0.005156755447387695
0.007637977600097656
0.006010532379150391
0.0056552886962890625
0.0052378177642822266
0.004143953323364258
0.0070236921310424805
0.006123542785644531
0.004106998443603516
0.004961729049682617
0.004203081130981445
0.0049904584884643555
0.005767107009887695
0.004740357398986816
0.005241751670837402
0.004431486129760742
0.00729680061340332
0.007927179336547852
0.006209611892700195
0.00520169734954834
0.003526449203491211
0.006167054176330566
0.0045468807220458984
0.005924582481384277
0.005057573318481445
0.0037262439727783203
0.004633784294128418
0.004079103469848633
0.006045341491699219
0.0035071372985839844
0.0039168596267700195
0.004027605056762695
0.003701448440551758
0.003482818603515625
0.003997325897216797
0.0039174556732177734
0.003851771354675293
0.005666971206665039
0.0037889480590820312
0.0032944679260253906
0.004518747329711914
0.003961086273193359
0.004709720611572266
0.004477024078369141
0.003690958023071289
0.0056056976318359375
0.0033969879150390625
0.0023903846740722656
0.006081342697143555
0.004656434059143066
0.00431370735168457
0.003433704376220703
0.004194974899291992
0.0030754804611206055
0.0044574737548828125
0.0043506622314453125
0.00394129753112793
0.0038590431213378906
0.00363314151763916
0.004339933395385742
0.003599405288696289
0.003518342971801758
0.0029821395874023438
0.0021246671676635742
0.0035402774810791016
0.005446672439575195
0.0031398534774780273
0.0033283233642578125
0.0036110877990722656
0.0026476383209228516
0.0045545101165771484
0.0033659934997558594
0.003561735153198242
0.002371072769165039
0.0032923221588134766
0.003965616226196289
0.002783536911010742
0.0022826194763183594
0.004004955291748047
0.003368377685546875
0.003021240234375
0.002336740493774414
0.0030879974365234375
0.003828763961791992
0.003021240234375
0.002296924591064453
0.0022940635681152344
0.00494539737701416
0.002691030502319336
0.002955913543701172
0.003408193588256836
0.003312349319458008
0.0015718936920166016
0.002613067626953125
0.0026209354400634766
0.0027573108673095703
0.0028307437896728516
0.0020644664764404297
0.0023729801177978516
0.0026292800903320312
0.001911163330078125
0.0022721290588378906
0.002701997756958008
0.0019884109497070312
0.0035467147827148438
0.0030717849731445312
0.0026710033416748047
0.003244161605834961
0.0023887157440185547
0.002914905548095703
0.0023851394653320312
0.003972887992858887
0.0029838085174560547
0.001786947250366211
0.002680540084838867
0.002062082290649414
0.003258228302001953
0.003061056137084961
0.00325775146484375
0.0025930404663085938
0.0036373138427734375
0.002323150634765625
0.0030434131622314453
0.002578258514404297
0.00289762020111084
0.002363443374633789
0.0032091140747070312
0.002699136734008789
0.0023374557495117188
0.002431154251098633
0.0016019344329833984
0.0016372203826904297
0.0023459196090698242
0.0016062259674072266
0.0014612674713134766
0.002156496047973633
0.0033545494079589844
0.0026845932006835938
0.0028820037841796875
0.0019066333770751953
0.002417325973510742
0.002772808074951172
0.0023298263549804688
0.002325296401977539
0.0013468265533447266
0.003107428550720215
0.002244710922241211
0.0034236907958984375
0.0032830238342285156
0.003168344497680664
0.002070903778076172
0.0021719932556152344
0.0018892288208007812
0.0027408599853515625
0.002154707908630371
0.002331256866455078
0.0020477771759033203
0.0031502246856689453
0.0015442371368408203
0.003776073455810547
0.0021195411682128906
0.002099752426147461
0.0018079280853271484
0.0019817352294921875
0.001995086669921875
0.0020406246185302734
0.0022526979446411133
0.0018489360809326172
0.0020482540130615234
0.0017673969268798828
0.0024611949920654297
0.0015311241149902344
0.0018706321716308594
0.0014286041259765625
0.001953125
0.0025129318237304688
0.0016671419143676758
0.0015687942504882812
0.002333402633666992
0.002733469009399414
0.0023474693298339844
0.0021431446075439453
0.0017436742782592773
0.0025463104248046875
0.00348663330078125
0.0021746158599853516
0.0032949447631835938
0.0023496150970458984
0.0021774768829345703
0.0018513202667236328
0.0012676715850830078
0.0021467208862304688
0.0023376941680908203
0.002628326416015625
0.002333402633666992
0.0014679431915283203
0.0020961761474609375
0.0018527507781982422
0.0014374256134033203
0.0017511844635009766
0.0029878616333007812
0.0019478797912597656
0.0018186569213867188
0.0019510984420776367
0.0018622875213623047
0.0026886463165283203
0.0018537044525146484
0.002370595932006836
0.002269268035888672
0.001398324966430664
0.0008962154388427734
0.0015277862548828125
0.002429962158203125
0.0016863346099853516
0.0019369125366210938
0.00208282470703125
0.0017042160034179688
0.001558542251586914
0.0015125274658203125
0.002358675003051758
0.002771615982055664
0.002938985824584961
0.0016641616821289062
0.0018143653869628906
0.0027320384979248047
0.0017975568771362305
0.0022575855255126953
0.001445770263671875
0.001970529556274414
0.00168609619140625
0.0014972686767578125
0.0017075538635253906
0.002207517623901367
0.0013637542724609375
0.002393007278442383
0.002521038055419922
0.001964092254638672
0.003301382064819336
0.0026078224182128906
0.0014505386352539062
0.0013427734375
0.001844644546508789
0.0018401145935058594
0.0017805099487304688
0.0013687610626220703
0.002012491226196289
0.0013382434844970703
0.0016319751739501953
0.0013697147369384766
0.0022115707397460938
0.0016336441040039062
0.0024900436401367188
0.0015940666198730469
0.0019240379333496094
0.0017278194427490234
0.0017819404602050781
0.0014820098876953125
0.0018799304962158203
0.0017261505126953125
0.001277923583984375
0.001180410385131836
0.0018227100372314453
0.0011463165283203125
0.0016040802001953125
0.0021562576293945312
0.0030753612518310547
0.0016999244689941406
0.0017092227935791016
0.002148866653442383
0.002245664596557617
0.0017697811126708984
0.0017688274383544922
0.0020034313201904297
0.0010411739349365234
0.0018947124481201172
0.002022266387939453
0.0013420581817626953
0.0016126632690429688
0.0014760494232177734
0.0016853809356689453
0.001221776008605957
0.0018140077590942383
0.0027289390563964844
0.0013413429260253906
0.0014319419860839844
0.0017275810241699219
0.0009684562683105469
0.002034425735473633
0.0016548633575439453
0.0015124082565307617
0.0022192001342773438
0.0010814666748046875
0.0014433860778808594
0.0017695426940917969
0.0010366439819335938
0.0013110637664794922
0.001901388168334961
0.00164031982421875
0.0014801025390625
0.0010707378387451172
0.0018422603607177734
0.001875162124633789
0.001309514045715332
0.0018987655639648438
0.0015070438385009766
0.001809835433959961
0.001883387565612793
0.0016527175903320312
0.001627206802368164
0.002828836441040039
0.0015022754669189453
0.0013427734375
0.0019690990447998047
0.0019791126251220703
0.001916646957397461
0.001985311508178711
0.0017387866973876953
0.0015981197357177734
0.0012977123260498047
0.0011916160583496094
0.0013442039489746094
0.0014104843139648438
0.0013489723205566406
0.0011591911315917969
0.0015354156494140625
0.001287221908569336
0.0017631053924560547
0.0015130043029785156
0.0016291141510009766
0.0018956661224365234
0.0017197132110595703
0.0020945072174072266
0.0011646747589111328
0.001264810562133789
0.0020651817321777344
0.001140594482421875
0.0015463829040527344
0.0019125938415527344
0.0014467239379882812
0.0019307136535644531
0.001119852066040039
0.001890420913696289
0.0014438629150390625
0.0011310577392578125
0.001711130142211914
0.0012722015380859375
0.001096487045288086
0.001434326171875
0.0016775131225585938
0.001512289047241211
0.0020422935485839844
0.0015590190887451172
0.0011973381042480469
0.0011582374572753906
0.0013079643249511719
0.001372694969177246
0.0018745660781860352
0.0012996196746826172
0.001947641372680664
0.002418041229248047
0.0012731552124023438
0.0015170574188232422
0.001394510269165039
0.002423524856567383
0.0014274120330810547
0.0014460086822509766
0.0016331672668457031
0.0017206668853759766
0.0015401840209960938
0.0014107227325439453
0.0015306472778320312
0.0017921924591064453
0.0021820068359375
0.001377105712890625
0.0009605884552001953
0.0014379024505615234
0.0012438297271728516
0.0020177364349365234
0.001306772232055664
0.0015637874603271484
0.001733541488647461
0.0018186569213867188
0.0012264251708984375
0.0015256404876708984
0.0014781951904296875
0.0013256072998046875
0.0026078224182128906
0.0014538764953613281
0.001346588134765625
0.0009312629699707031
0.002078533172607422
0.0009293556213378906
0.0012962818145751953
0.0012760162353515625
0.0011706352233886719
0.0017052888870239258
0.0014002323150634766
0.0010182857513427734
0.001155853271484375
0.0012420415878295898
0.0015234947204589844
0.0013866424560546875
0.0019173622131347656
0.0020079612731933594
0.0014600753784179688
0.001256704330444336
0.0013110637664794922
0.0008463859558105469
0.0012545585632324219
0.0020263195037841797
0.0011715888977050781
0.0014567375183105469
0.0010890960693359375
0.0010890960693359375
0.0018506050109863281
0.0015065670013427734
0.0015418529510498047
0.0012423992156982422
0.0013098716735839844
0.0018498897552490234
0.0013577938079833984
0.0012390613555908203
0.0012972354888916016
0.0007889270782470703
0.0018944740295410156
0.0012192726135253906
0.0015552043914794922
0.0013723373413085938
0.0018031597137451172
0.0013988018035888672
0.001329660415649414
0.0011410713195800781
0.002398967742919922
0.0017070770263671875
0.001539468765258789
0.0007038116455078125
0.0011897087097167969
0.0018773078918457031
0.0018284320831298828
0.0011439323425292969
0.0014719963073730469
0.0017502307891845703
0.0018248558044433594
0.0015728473663330078
0.001049041748046875
0.0009236335754394531
0.001283884048461914
0.0010833740234375
0.0009222030639648438
0.00168609619140625
0.0014460086822509766
0.0017971992492675781
0.0015726089477539062
0.0016131401062011719
0.001886606216430664
0.0013849735260009766
0.0013659000396728516
0.0013225078582763672
0.001230478286743164
0.0011532306671142578
0.0011968612670898438
0.0015189647674560547
0.0013854503631591797
0.0010523796081542969
0.0015735626220703125
0.0017366409301757812
0.001024007797241211
0.0017540454864501953
0.0014505386352539062
0.0014984607696533203
0.0014698505401611328
0.0016498565673828125
0.001291036605834961
0.001026153564453125
0.0014123916625976562
0.0015556812286376953
0.001354217529296875
0.0014345645904541016
0.0008757114410400391
0.0013277530670166016
0.0011968612670898438
0.0013117790222167969
0.0015265941619873047
0.0009624958038330078
0.0011081695556640625
0.001374959945678711
0.0011706352233886719
0.0012993812561035156
0.0011205673217773438
0.0012774467468261719
0.001155853271484375
0.0015132427215576172
0.0015010833740234375
0.0009469985961914062
0.0013924837112426758
0.0022821426391601562
0.0014984607696533203
0.0013887882232666016
0.0016562938690185547
0.0013339519500732422
0.0013861656188964844
0.001529693603515625
0.0016372203826904297
0.0007932186126708984
0.0014219284057617188
0.001424551010131836
0.0011658668518066406
0.0008742809295654297
0.0015617609024047852
0.0008075237274169922
0.0017223358154296875
0.0014073848724365234
0.001722574234008789
0.0014100074768066406
0.0009181499481201172
0.001325845718383789
0.0012211799621582031
0.0008208751678466797
0.0016252994537353516
0.0015456676483154297
0.0010933876037597656
0.0017681121826171875
0.0017192363739013672
0.0008912086486816406
0.0014336109161376953
0.0011222362518310547
0.0013518333435058594
0.0010836124420166016
0.001451730728149414
0.001969575881958008
0.002032041549682617
0.0012137889862060547
0.0010447502136230469
0.0010275840759277344
0.0014805793762207031
0.001087188720703125
0.0014569759368896484
0.0011081695556640625
0.0013267993927001953
0.0014526844024658203
0.0008578300476074219
0.0012967586517333984
0.0013194084167480469
0.0013701915740966797
0.0010311603546142578
0.0013501644134521484
0.0013194084167480469
0.002453327178955078
0.001188039779663086
0.001003265380859375
0.0013494491577148438
0.001484513282775879
0.0019283294677734375
0.0013642311096191406
0.0009930133819580078
0.0015878677368164062
0.0014619827270507812
0.001329183578491211
0.0008487701416015625
0.0015268325805664062
0.0014073848724365234
0.00115966796875
0.001104593276977539
0.0011761188507080078
0.0013017654418945312
0.0013980865478515625
0.0010616779327392578
0.0012905597686767578
0.0011043548583984375
0.0011284351348876953
0.0019762516021728516
0.0009667873382568359
0.001237630844116211
0.001420736312866211
0.0015060901641845703
0.0016579627990722656
0.0008494853973388672
0.0011026859283447266
0.0010640621185302734
0.0010199546813964844
0.001598358154296875
0.0017466545104980469
0.001028299331665039
0.00112152099609375
0.001116037368774414
0.0009264945983886719
0.0014815330505371094
0.0012671947479248047
0.0011973381042480469
0.001055002212524414
0.0014925003051757812
0.0012090206146240234
0.0014109611511230469
0.0010001659393310547
0.0013995170593261719
0.0011060237884521484
0.0008637905120849609
0.0013172626495361328
0.002180814743041992
0.0008573532104492188
0.0013659000396728516
0.0017518997192382812
0.001546621322631836
0.0010590553283691406
0.0011944770812988281
0.0010325908660888672
0.0012531280517578125
0.0016109943389892578
0.0014376640319824219
0.0014650821685791016
0.0017552375793457031
0.00152587890625
0.0009796619415283203
0.0015053749084472656
0.0008347034454345703
0.0012662410736083984
0.0016257762908935547
0.0013592243194580078
0.0012440681457519531
0.0009953975677490234
0.0009195804595947266
0.0012192726135253906
0.0012950897216796875
0.002000570297241211
0.00146484375
0.0012142658233642578
0.0010483264923095703
0.0009045600891113281
0.0011169910430908203
0.0011866092681884766
0.0013155937194824219
0.0013337135314941406
0.0012652873992919922
0.0011174678802490234
0.0011928081512451172
0.0013532638549804688
0.0013070106506347656
0.0012810230255126953
0.0008602142333984375
0.0016331672668457031
0.0013797283172607422
0.0015034675598144531
0.000820159912109375
0.0017697811126708984
0.0010974407196044922
0.0008602142333984375
0.0013468265533447266
0.001346588134765625
0.0012402534484863281
0.001354217529296875
0.0010442733764648438
0.0012543201446533203
0.0011036396026611328
0.0012645721435546875
0.0010211467742919922
0.0010628700256347656
0.0010840892791748047
0.0014829635620117188
0.0015003681182861328
0.0016202926635742188
0.0010516643524169922
0.0014448165893554688
0.00099945068359375
0.0010974407196044922
0.0010318756103515625
0.0008471012115478516
0.0013356208801269531
0.0015139579772949219
0.0019049644470214844
0.0012807846069335938
0.0012912750244140625
0.0015027523040771484
0.0011551380157470703
0.000762939453125
0.0012586116790771484
0.000982522964477539
0.0008170604705810547
0.001431107521057129
0.0009813308715820312
0.0010406970977783203
0.0017616748809814453
0.001287221908569336
0.001669168472290039
0.0009191036224365234
0.001434326171875
0.0012154579162597656
0.0011477470397949219
0.001220703125
0.0007693767547607422
0.001074075698852539
0.0009641647338867188
0.0008933544158935547
0.0011262893676757812
0.001832723617553711
0.001316070556640625
0.0015292167663574219
0.0012867450714111328
0.0015332698822021484
0.001024007797241211
0.0015838146209716797
0.0010943412780761719
0.0019774436950683594
0.0010023117065429688
0.0013418197631835938
0.0013074874877929688
0.0011627674102783203
0.001003265380859375
0.001176595687866211
0.0014166831970214844
0.0010249614715576172
0.001041412353515625
0.0008599758148193359
0.0016705989837646484
0.0011539459228515625
0.0019409656524658203
0.00136566162109375
0.0009644031524658203
0.0008566379547119141
0.0010714530944824219
0.001039743423461914
0.0012583732604980469
0.0012426376342773438
0.0014240741729736328
0.0008140802383422852
0.0009839534759521484
0.0017578601837158203
0.0011074542999267578
0.0010921955108642578
0.0012664794921875
0.0015349388122558594
0.0012049674987792969
0.0008537769317626953
0.0013527870178222656
0.0013194084167480469
0.0011441707611083984
0.0014505386352539062
0.0011320114135742188
0.0012636184692382812
0.001695394515991211
0.0012907981872558594
0.0011076927185058594
0.0010333061218261719
0.0009179115295410156
0.0017125606536865234
0.0017981529235839844
0.0012493133544921875
0.0008983612060546875
0.0011794567108154297
0.0013115406036376953
0.0015454292297363281
0.0014939308166503906
0.0009131431579589844
0.0011670589447021484
0.0013582706451416016
0.0012466907501220703
0.0011861324310302734
0.0011715888977050781
0.0010466575622558594
0.0008149147033691406
0.0012488365173339844
0.001705169677734375
0.0011894702911376953
0.0010685920715332031
0.0010759830474853516
0.0011866092681884766
0.0009706020355224609
0.0011391639709472656
0.0013878345489501953
0.000843048095703125
0.0011143684387207031
0.0014362335205078125
0.001016378402709961
0.0014328956604003906
0.0011358261108398438
0.0011463165283203125
0.0010523796081542969
0.0009980201721191406
0.0012965202331542969
0.0009868144989013672
0.0012743473052978516
0.0010862350463867188
0.0008299350738525391
0.0014424324035644531
0.0009675025939941406
0.0013568401336669922
0.0009357929229736328
0.0011050701141357422
0.0012941360473632812
0.0018837451934814453
0.001215219497680664
0.001306772232055664
0.0009996891021728516
0.0013468265533447266
0.0013208389282226562
0.0012323856353759766
0.0017864704132080078
0.0016450881958007812
0.0017135143280029297
0.0008032321929931641
0.0009222030639648438
0.0014090538024902344
0.0008203983306884766
0.0009710788726806641
0.0011889934539794922
0.0011327266693115234
0.0010809898376464844
0.0010156631469726562
0.0013554096221923828
0.0009253025054931641
0.001138925552368164
0.0013604164123535156
0.0013599395751953125
0.001664876937866211
0.0013513565063476562
0.0010824203491210938
0.000997781753540039
0.0013647079467773438
0.0015783309936523438
0.0009524822235107422
0.0010988712310791016
0.001800537109375
0.0010967254638671875
0.0009906291961669922
0.0011725425720214844
0.0012874603271484375
0.0007276535034179688
0.0012543201446533203
0.0012514591217041016
0.0010662078857421875
0.0006656646728515625
0.0007452964782714844
0.0009503364562988281
0.0011692047119140625
0.001440286636352539
0.0008692741394042969
0.0014824867248535156
0.0010945796966552734
0.001096963882446289
0.0014944076538085938
0.0013651847839355469
0.0013473033905029297
0.0006775856018066406
0.0013222694396972656
0.0013816356658935547
0.001495361328125
0.0011126995086669922
0.0012383460998535156
0.0011279582977294922
0.0009715557098388672
0.0015380382537841797
0.0009829998016357422
0.0009169578552246094
0.0008907318115234375
0.0017709732055664062
0.0009353160858154297
0.0010044574737548828
0.0011866092681884766
0.0008635520935058594
0.0015141963958740234
0.0011065006256103516
0.0015912055969238281
0.0007574558258056641
0.0008072853088378906
0.001161813735961914
0.0012645721435546875
0.0014090538024902344
0.0012710094451904297
0.0010559558868408203
0.0011065006256103516
0.0012636184692382812
0.0009083747863769531
0.0018057823181152344
0.0010564327239990234
0.001238107681274414
0.001787424087524414
0.0013363361358642578
0.0010063648223876953
0.0010669231414794922
0.001146554946899414
0.001065969467163086
0.0010211467742919922
0.0012972354888916016
0.001730203628540039
0.001397848129272461
0.0015494823455810547
0.0016095638275146484
0.0010371208190917969
0.0013461112976074219
0.0010061264038085938
0.001432180404663086
0.0011262893676757812
0.0014252662658691406
0.001474618911743164
0.0010204315185546875
0.0010023117065429688
0.0008137226104736328
0.0010218620300292969
0.0008974075317382812
0.0010492801666259766
0.0009355545043945312
0.001089334487915039
0.0010488033294677734
0.0013616085052490234
0.0012078285217285156
0.0011746883392333984
0.0009617805480957031
0.001325845718383789
0.0010771751403808594
0.0012891292572021484
0.0008373260498046875
0.0011889934539794922
0.001628875732421875
0.001615762710571289
0.0014090538024902344
0.0011086463928222656
0.0017659664154052734
0.0010280609130859375
0.001336812973022461
0.001316070556640625
0.0010383129119873047
0.001247406005859375
0.0011560916900634766
0.0007116794586181641
0.0008611679077148438
0.000997781753540039
0.0013966560363769531
0.0009012222290039062
0.000949859619140625
0.0015995502471923828
0.0010445117950439453
0.0009009838104248047
0.0017819404602050781
0.0012462139129638672
0.0010352134704589844
0.0017504692077636719
0.0008547306060791016
0.0008530616760253906
0.001062154769897461
0.0010828971862792969
0.0007878541946411133
0.0013957023620605469
0.0012726783752441406
0.000766754150390625
0.0009052753448486328
0.0016758441925048828
0.0010166168212890625
0.0012192726135253906
0.0012676715850830078
0.0009324550628662109
0.0009737014770507812
0.0011553764343261719
0.0009450912475585938
0.0014951229095458984
0.0010612010955810547
0.0009419918060302734
0.0009284019470214844
0.0016214847564697266
0.0016674995422363281
0.0013251304626464844
0.0007617473602294922
0.0009913444519042969
0.0013616085052490234
0.0011088848114013672
0.0008580684661865234
0.0009996891021728516
0.001306295394897461
0.0010766983032226562
0.0016024112701416016
0.00115203857421875
0.00180816650390625
0.0011353492736816406
0.0013508796691894531
0.0008838176727294922
0.0013523101806640625
0.0010554790496826172
0.0009441375732421875
0.0010960102081298828
0.0010253190994262695
0.0010187625885009766
0.0011260509490966797
0.0011074542999267578
0.0009720325469970703
0.0017545223236083984
0.0009877681732177734
0.0010976791381835938
0.0009255409240722656
0.0012621879577636719
0.0011305809020996094
0.0008518695831298828
0.00189208984375
0.0015103816986083984
0.0008704662322998047
0.0009267330169677734
0.0012142658233642578
0.0010690689086914062
0.0011353492736816406
0.0012564659118652344
0.0010924339294433594
0.001210927963256836
0.0012094974517822266
0.0013852119445800781
0.0008451938629150391
0.0014314651489257812
0.0013153553009033203
0.0010828971862792969
0.001018524169921875
0.0007069110870361328
0.0006780624389648438
0.001867532730102539
0.0012431144714355469
0.0011074542999267578
0.0011839866638183594
0.0006275177001953125
0.0012917518615722656
0.0011682510375976562
0.0008714199066162109
0.0009779930114746094
0.0015947818756103516
0.0011603832244873047
0.0012371540069580078
0.0010862350463867188
0.0016031265258789062
0.001039266586303711
0.0007932186126708984
0.001699209213256836
0.0009257793426513672
0.0006778240203857422
0.0012412071228027344
0.0010106563568115234
0.0010175704956054688
0.0012171268463134766
0.0011752843856811523
0.0011560916900634766
0.0010421276092529297
0.0009968280792236328
0.0011456012725830078
0.0012083053588867188
0.0012993812561035156
0.0010530948638916016
0.0012652873992919922
0.0018038749694824219
0.0009245872497558594
0.001142740249633789
0.0012938976287841797
0.001341104507446289
0.0014557838439941406
0.001428365707397461
0.001861572265625
0.000997304916381836
0.0011167526245117188
0.000774383544921875
0.0011129379272460938
0.0012514591217041016
0.0011017322540283203
0.001157522201538086
0.0007641315460205078
0.001325845718383789
0.0013043880462646484
0.0009942054748535156
0.0010001659393310547
0.0009584426879882812
0.0008890628814697266
0.0012159347534179688
0.0011153221130371094
0.0011637210845947266
0.0010988712310791016
0.0011470317840576172
0.0012860298156738281
0.0010609626770019531
0.001359701156616211
0.0013782978057861328
0.0010325908660888672
0.001005411148071289
0.0012598037719726562
0.0010721683502197266
0.0013463497161865234
0.0011813640594482422
0.0011277198791503906
0.0011320114135742188
0.0014348030090332031
0.001077890396118164
0.001453399658203125
0.0009756088256835938
0.0010149478912353516
0.0012776851654052734
0.0012669563293457031
0.0012536048889160156
0.0006966590881347656
0.0011229515075683594
0.0008559226989746094
0.0011019706726074219
0.0014734268188476562
0.0014379024505615234
0.0008902549743652344
0.001003265380859375
0.0012600421905517578
0.0010960102081298828
0.001153707504272461
0.0013179779052734375
0.001130819320678711
0.00104522705078125
0.0009876489639282227
0.0011742115020751953
0.0013837814331054688
0.0014998912811279297
0.0011191368103027344
0.0014071464538574219
0.0010118484497070312
0.001226663589477539
0.0010368824005126953
0.0009303092956542969
0.0011992454528808594
0.0011401176452636719
0.0008702278137207031
0.0011289119720458984
0.0011143684387207031
0.0009915828704833984
0.0007359981536865234
0.0006928443908691406
0.001249551773071289
0.0015301704406738281
0.0017168521881103516
0.001062154769897461
0.0013437271118164062
0.0014650821685791016
0.000919342041015625
0.0014700889587402344
0.001665353775024414
0.0011415481567382812
0.0008721351623535156
0.0011968612670898438
0.0007662773132324219
0.0008540153503417969
0.001211404800415039
0.0017163753509521484
0.0010685920715332031
0.0015795230865478516
0.001466989517211914
0.001219034194946289
0.0009746551513671875
0.0006387233734130859
0.001237630844116211
0.0012350082397460938
0.001500844955444336
0.0010869503021240234
0.0010900497436523438
0.0007686614990234375
0.0010647773742675781
0.0008165836334228516
0.0011780261993408203
0.0008287429809570312
0.0010924339294433594
0.0012879371643066406
0.0011408329010009766
0.0010786056518554688
0.0008385181427001953
0.0008604526519775391
0.001506805419921875
0.0014462471008300781
0.0010151863098144531
0.0012218952178955078
0.0013647079467773438
0.0013213157653808594
0.0014727115631103516
0.001257181167602539
0.0011584758758544922
0.0010602474212646484
0.0007586479187011719
0.000980377197265625
0.0013666152954101562
0.0011322498321533203
0.0011439323425292969
0.0013666152954101562
0.00103759765625
0.0010943412780761719
0.0008955001831054688
0.001796722412109375
0.0014851093292236328
0.0010902881622314453
0.0010323524475097656
0.0009791851043701172
0.001286625862121582
0.0017931461334228516
0.0010478496551513672
0.0008695125579833984
0.0013496875762939453
0.0014338493347167969
0.0009629726409912109
0.0010275840759277344
0.0010175704956054688
0.001047372817993164
0.001275777816772461
0.001219034194946289
0.0006489753723144531
0.001589059829711914
0.0012030601501464844
0.0013213157653808594
0.0007627010345458984
0.0007028579711914062
0.001112222671508789
0.0012328624725341797
0.0014312267303466797
0.0013954639434814453
0.0011017322540283203
0.0009391307830810547
0.001369476318359375
0.0010914802551269531
0.0013241767883300781
0.0008420944213867188
0.0009653568267822266
0.0008535385131835938
0.0011584758758544922
0.002104043960571289
0.0007205009460449219
0.0009300708770751953
0.00072479248046875
0.0011396408081054688
0.0015997886657714844
0.0007386207580566406
0.0012445449829101562
0.0010218620300292969
0.001482248306274414
0.0009577274322509766
0.0010209083557128906
0.0010682344436645508
0.0010673999786376953
0.0012505054473876953
0.0012423992156982422
0.0011186599731445312
0.0010814666748046875
0.0010395050048828125
0.0016422271728515625
0.0011668205261230469
0.0011470317840576172
0.0011637210845947266
0.0014009475708007812
0.0011627674102783203
0.001171112060546875
0.000957489013671875
0.0012149810791015625
0.000993490219116211
0.0010128021240234375
0.001628875732421875
0.0013248920440673828
0.00096893310546875
0.0008852481842041016
0.001401662826538086
0.0009593963623046875
0.001096963882446289
0.0014646053314208984
0.0008456707000732422
0.0010302066802978516
0.0010941028594970703
0.0011963844299316406
0.0011131763458251953
0.0008711814880371094
0.0013494491577148438
0.0009424686431884766
0.0010640621185302734
0.0011360645294189453
0.001577615737915039
0.001470327377319336
0.0015473365783691406
0.0014057159423828125
0.001199483871459961
0.0009102821350097656
0.0009033679962158203
0.0008637905120849609
0.0012409687042236328
0.0012340545654296875
0.0009176731109619141
0.0011599063873291016
0.0010573863983154297
0.0007781982421875
0.0010592937469482422
0.0009591579437255859
0.0018210411071777344
0.0013051033020019531
0.0014612674713134766
0.0010280609130859375
0.0006377696990966797
0.0018038749694824219
0.0006680488586425781
0.0012586116790771484
0.0009088516235351562
0.0009362697601318359
0.0010807514190673828
0.0007085800170898438
0.0013120174407958984
0.0009925365447998047
0.0017549991607666016
0.00091552734375
0.0013055801391601562
0.0011153221130371094
0.0009868144989013672
0.001169443130493164
0.001132965087890625
0.0011055469512939453
0.0015208721160888672
0.0008785724639892578
0.0012710094451904297
0.0013580322265625
0.0012874603271484375
0.0013451576232910156
0.001293182373046875
0.001234292984008789
0.001421213150024414
0.0013222694396972656
0.0011684894561767578
0.0009942054748535156
0.001065969467163086
0.0013582706451416016
0.0009446144104003906
0.0011703968048095703
0.0007386207580566406
0.001087188720703125
0.0011603832244873047
0.0011000633239746094
0.0007529258728027344
0.0008766651153564453
0.0011136531829833984
0.0009074211120605469
0.0009262561798095703
0.0011043548583984375
0.001592397689819336
0.0011723041534423828
0.0011665821075439453
0.0012824535369873047
0.0013027191162109375
0.001058816909790039
0.0010826587677001953
0.0010991096496582031
0.0011720657348632812
0.0012218952178955078
0.0010607242584228516
0.0009963512420654297
0.0010211467742919922
0.0005347728729248047
0.0010950565338134766
0.001104593276977539
0.0018320083618164062
0.0013473033905029297
0.0009152889251708984
0.0012166500091552734
0.0007557868957519531
0.0016613006591796875
0.0009486675262451172
0.0015227794647216797
0.0010275840759277344
0.001779317855834961
0.0014102458953857422
0.0008058547973632812
0.0009741783142089844
0.0009329319000244141
0.0011360645294189453
0.0011096000671386719
0.0014426708221435547
0.0008862018585205078
0.0012934207916259766
0.001195669174194336
0.0009763240814208984
0.0007171630859375
0.0011942386627197266
0.0011882781982421875
0.0010418891906738281
0.0010294914245605469
0.0011937618255615234
0.0010073184967041016
0.001329183578491211
0.0011665821075439453
0.0015499591827392578
0.001427769660949707
0.0008206367492675781
0.0013086795806884766
0.0018279552459716797
0.0009665489196777344
0.0012898445129394531
0.0009775161743164062
0.0009970664978027344
0.001619577407836914
0.0005817413330078125
0.001176595687866211
0.0012412071228027344
0.0011649131774902344
0.0012950897216796875
0.0014002323150634766
0.0018322467803955078
0.0006239414215087891
0.0014443397521972656
0.0011065006256103516
0.0010411739349365234
0.0011243820190429688
0.0009937286376953125
0.00115203857421875
0.000812530517578125
0.0011289119720458984
0.0015227794647216797
0.0010285377502441406
0.0012526512145996094
0.0012722015380859375
0.0006842613220214844
0.0011210441589355469
0.0012636184692382812
0.0009772777557373047
0.001222372055053711
0.001039743423461914
0.0012683868408203125
0.0008931159973144531
0.0015702247619628906
0.0011093616485595703
0.0009038448333740234
0.0009806156158447266
0.0014008283615112305
0.0012640953063964844
0.0008349418640136719
0.0014519691467285156
0.0012204647064208984
0.001123666763305664
0.0010671615600585938
0.0013790130615234375
0.001249551773071289
0.0008060932159423828
0.0008523464202880859
0.001238107681274414
0.001378178596496582
0.001405477523803711
0.0011096000671386719
0.0009856224060058594
0.0009341239929199219
0.001314401626586914
0.001371622085571289
0.001107931137084961
0.0009629726409912109
0.0009953975677490234
0.0009899139404296875
0.0011379718780517578
0.0010406970977783203
0.0013267993927001953
0.0012478828430175781
0.0010371208190917969
0.0009331703186035156
0.0014028549194335938
0.001676321029663086
0.001455545425415039
0.0010635852813720703
0.0014331340789794922
0.0012083053588867188
0.0012187957763671875
0.0009236335754394531
0.0009882450103759766
0.0009109973907470703
0.0010232925415039062
0.0008082389831542969
0.001222848892211914
0.0008752346038818359
0.0007755756378173828
0.0009710788726806641
0.0014581680297851562
0.000990152359008789
0.00060272216796875
0.0012869834899902344
0.0016264915466308594
0.0009305477142333984
0.0014069080352783203
0.0013477802276611328
0.0009245872497558594
0.0009491443634033203
0.001512289047241211
0.0007557868957519531
0.0015184879302978516
0.0013821125030517578
0.0010156631469726562
0.0007193088531494141
0.0012531280517578125
0.0009315013885498047
0.002209186553955078
0.0013985633850097656
0.0012247562408447266
0.0009071826934814453
0.0012707710266113281
0.0011458396911621094
0.0012660026550292969
0.0013346672058105469
0.0009225606918334961
0.0007917881011962891
0.0008459091186523438
0.0012331008911132812
0.0009665489196777344
0.0011119842529296875
0.0008170604705810547
0.0012516975402832031
0.0010466575622558594
0.0007042884826660156
0.0011701583862304688
0.0012023448944091797
0.0011818408966064453
0.0011935234069824219
0.001047372817993164
0.0012273788452148438
0.0008449554443359375
0.0011441707611083984
0.001168966293334961
0.0011203289031982422
0.0007185935974121094
0.0011529922485351562
0.0008463859558105469
0.0016276836395263672
0.0012094974517822266
0.0012042522430419922
0.001207113265991211
0.0015919208526611328
0.0017527341842651367
0.0012214183807373047
0.00140380859375
0.0012106895446777344
0.0011937618255615234
0.001142263412475586
0.0012898445129394531
0.0009083747863769531
0.0012600421905517578
0.0010859966278076172
