325.0332977771759
325.1172785758972
324.2344443798065
323.35063648223877
322.85905742645264
322.5096457004547
321.9328513145447
320.67386388778687
322.15766978263855
320.5831480026245
318.98042821884155
319.98528361320496
319.36450600624084
319.359983921051
319.3241128921509
318.7266616821289
318.8821048736572
318.8931314945221
318.51215982437134
318.4290053844452
318.3631510734558
318.96134090423584
318.7239089012146
319.4340705871582
317.68410754203796
319.0250155925751
319.1442141532898
317.4532253742218
319.16693115234375
318.2198348045349
318.61533403396606
318.9539568424225
318.1499664783478
318.46706652641296
318.4129796028137
318.04241371154785
318.0472457408905
318.37968492507935
318.5254304409027
317.7273442745209
318.5689880847931
317.27343702316284
317.53620195388794
317.5226881504059
317.47106671333313
316.9964716434479
316.40481448173523
314.4783866405487
305.8052303791046
299.29655265808105
293.52282333374023
275.9732494354248
262.62921011447906
249.92711770534515
232.26181292533875
210.13630402088165
212.7808245420456
191.1061532497406
186.78642737865448
180.87568074464798
171.72838026285172
160.94838523864746
137.7112611234188
143.43884766101837
126.75898358225822
135.45181304216385
133.07789850234985
113.75603932142258
102.28597050905228
86.62882137298584
105.0852643251419
89.3224168419838
89.63649463653564
75.53184860944748
69.715561658144
69.23275631666183
64.31144526600838
50.08962908387184
56.87740212678909
56.820623338222504
46.176593244075775
42.41064876317978
47.81264507770538
40.88961696624756
41.76570591330528
35.90047878026962
31.418221712112427
38.740212082862854
36.400426387786865
20.60645228624344
24.27518129348755
20.621760070323944
17.68483281135559
26.449806451797485
19.694689095020294
21.73903751373291
18.51307100057602
19.436424612998962
14.867490887641907
12.003217995166779
17.021040856838226
13.045459806919098
11.73556262254715
11.98283189535141
9.492823481559753
9.329217791557312
8.779318511486053
7.050793409347534
5.608006119728088
6.288828015327454
5.747814893722534
5.156651198863983
4.871121764183044
11.011162996292114
8.958077192306519
7.081955969333649
10.932722747325897
5.743893265724182
1.963468313217163
5.057127594947815
7.39462274312973
4.879037082195282
2.564430832862854
1.4762547016143799
2.230589747428894
4.749781847000122
8.000461459159851
9.317794859409332
5.010814964771271
1.0995537042617798
1.103173851966858
1.8201380968093872
1.785273551940918
1.2006628513336182
2.0881398916244507
0.8817718029022217
0.3436613082885742
0.17564427852630615
0.10442841053009033
0.07204902172088623
0.05603611469268799
0.0476384162902832
0.03922414779663086
0.046874284744262695
0.03336167335510254
0.03549683094024658
0.024042844772338867
0.023985981941223145
0.04839491844177246
0.029714584350585938
0.02842879295349121
0.020121097564697266
0.031795620918273926
0.024402976036071777
0.014389991760253906
0.01774144172668457
0.01744818687438965
0.01599717140197754
0.024865150451660156
0.016590118408203125
0.018219470977783203
0.0193173885345459
0.01567554473876953
0.018318891525268555
0.019304513931274414
0.01361846923828125
0.03202557563781738
0.016149282455444336
0.014405250549316406
0.01572239398956299
0.013044595718383789
0.015331745147705078
0.010260581970214844
0.01728534698486328
0.012174367904663086
0.008108377456665039
0.010648965835571289
0.012640953063964844
0.008059024810791016
0.009755611419677734
0.009280204772949219
0.009807109832763672
0.008331775665283203
0.008694171905517578
0.009492039680480957
0.00786447525024414
0.010525703430175781
0.009102344512939453
0.007754325866699219
0.007811546325683594
0.011644840240478516
0.0058841705322265625
0.007911920547485352
0.008234739303588867
0.011641740798950195
0.007911920547485352
0.007944345474243164
0.006182670593261719
0.0072062015533447266
0.009445667266845703
0.007898330688476562
0.006476879119873047
0.007404327392578125
0.009549379348754883
0.004826068878173828
0.006743431091308594
0.010080099105834961
0.005013942718505859
0.0076427459716796875
0.006743669509887695
0.005756855010986328
0.007747650146484375
0.005175113677978516
0.005557537078857422
0.006317615509033203
0.006821155548095703
0.006945252418518066
0.0071277618408203125
0.0064504146575927734
0.008200645446777344
0.007025718688964844
0.0073964595794677734
0.005581378936767578
0.00644993782043457
0.00594782829284668
0.006124734878540039
0.006954669952392578
0.005663871765136719
0.006380558013916016
0.004223346710205078
0.005277872085571289
0.0035097599029541016
0.0075113773345947266
0.006224393844604492
0.003913164138793945
0.004832029342651367
0.005626201629638672
0.003931760787963867
0.0052297115325927734
0.003685474395751953
0.006597042083740234
0.004676342010498047
0.0036721229553222656
0.00412440299987793
0.004285335540771484
0.00536501407623291
0.004352092742919922
0.004997968673706055
0.004552364349365234
0.0048961639404296875
0.004876375198364258
0.0050201416015625
0.005076169967651367
0.0038940906524658203
0.004189491271972656
0.004744052886962891
0.005605220794677734
0.0030884742736816406
0.003845691680908203
0.0043795108795166016
0.00764012336730957
0.003434419631958008
0.002816915512084961
0.0028846263885498047
0.004078865051269531
0.004395246505737305
0.005574464797973633
0.0054874420166015625
0.007804155349731445
0.0054264068603515625
0.0046465396881103516
0.004930019378662109
0.0047109127044677734
0.0045125484466552734
0.004373311996459961
0.0035147666931152344
0.0029196739196777344
0.0048160552978515625
0.004210472106933594
0.0024776458740234375
0.003837108612060547
0.0035686492919921875
0.003983736038208008
0.004329681396484375
0.003060579299926758
0.003730297088623047
0.005068063735961914
0.0035719871520996094
0.00527799129486084
0.0036346912384033203
0.0032508373260498047
0.0034418106079101562
0.003314971923828125
0.005365848541259766
0.005506753921508789
0.002704620361328125
0.0032176971435546875
0.0031614303588867188
0.004728794097900391
0.003644704818725586
0.0035507678985595703
0.0026493072509765625
0.004352569580078125
0.004291534423828125
0.002371072769165039
0.0041692256927490234
0.002470731735229492
0.004602909088134766
0.004099845886230469
0.002481698989868164
0.003478527069091797
0.0030231475830078125
0.0028684139251708984
0.0033800601959228516
0.00359344482421875
0.0037457942962646484
0.003312349319458008
0.0037720203399658203
0.0030944347381591797
0.002413511276245117
0.003322124481201172
0.0039064884185791016
0.005702018737792969
0.003044605255126953
0.003111600875854492
0.0034627914428710938
0.002920389175415039
0.002875804901123047
0.0032889842987060547
0.004775047302246094
0.003152608871459961
0.002925872802734375
0.0038857460021972656
0.002568960189819336
0.003741025924682617
0.003543376922607422
0.003069162368774414
0.002228975296020508
0.003850221633911133
0.0033659934997558594
0.0028693675994873047
0.0032079219818115234
0.003559589385986328
0.002747058868408203
0.00252532958984375
0.004019260406494141
0.002910137176513672
0.004232168197631836
0.003684520721435547
0.002249479293823242
0.0023009777069091797
0.0031919479370117188
0.004468679428100586
0.0035848617553710938
0.002595663070678711
0.0020837783813476562
0.0015532970428466797
0.004137754440307617
0.0032782554626464844
0.0027315616607666016
0.0026178359985351562
0.0027370452880859375
0.0021011829376220703
0.003416299819946289
0.0025157928466796875
0.003237485885620117
0.0025186538696289062
0.0027658939361572266
0.001636505126953125
0.0028150081634521484
0.002978086471557617
0.0031862258911132812
0.0032448768615722656
0.005346775054931641
0.0025310516357421875
0.002809286117553711
0.0031061172485351562
0.0025529861450195312
0.0035119056701660156
0.00283050537109375
0.0024175643920898438
0.0038881301879882812
0.0024836063385009766
0.0032279491424560547
0.0027387142181396484
0.003216266632080078
0.004082441329956055
0.0026993751525878906
0.002888202667236328
0.0021927356719970703
0.002507925033569336
0.0018074512481689453
0.0028209686279296875
0.001968860626220703
0.0029866695404052734
0.002560138702392578
0.002103567123413086
0.002503633499145508
0.003147125244140625
0.002109050750732422
0.002965211868286133
0.0023643970489501953
0.002617359161376953
0.0028145313262939453
0.0025603771209716797
0.0019464492797851562
0.0036954879760742188
0.0029692649841308594
0.0028929710388183594
0.002421855926513672
0.0019392967224121094
0.002037525177001953
0.0029625892639160156
0.0027489662170410156
0.0032265186309814453
0.00347900390625
0.0026330947875976562
0.0027942657470703125
0.002469778060913086
0.002203702926635742
0.003091096878051758
0.0024101734161376953
0.0024144649505615234
0.0033249855041503906
0.0035130977630615234
0.002397775650024414
0.0023756027221679688
0.002546072006225586
0.0025343894958496094
0.002814054489135742
0.0020799636840820312
0.0013954639434814453
0.002465486526489258
0.00222015380859375
0.0025119781494140625
0.001505136489868164
0.0018420219421386719
0.003713846206665039
0.0030260086059570312
0.0020923614501953125
0.0019185543060302734
0.002892017364501953
0.0017609596252441406
0.0019176006317138672
0.003023862838745117
0.0025496482849121094
0.002527475357055664
0.002663850784301758
0.002249002456665039
0.003039836883544922
0.0020341873168945312
0.002381563186645508
0.0023183822631835938
0.0023632049560546875
0.0016107559204101562
0.0016803741455078125
0.002165555953979492
0.0019159317016601562
0.002960205078125
0.0022361278533935547
0.001814126968383789
0.003526926040649414
0.0021767616271972656
0.0024232864379882812
0.0032541751861572266
0.0024590492248535156
0.0020246505737304688
0.0017271041870117188
0.0027534961700439453
0.0025262832641601562
0.0027735233306884766
0.0021240711212158203
0.0017437934875488281
0.0031974315643310547
0.0025343894958496094
0.0026597976684570312
0.002322673797607422
0.0024023056030273438
0.002099275588989258
0.002888917922973633
0.0023686885833740234
0.002187013626098633
0.001978635787963867
0.002252817153930664
0.0032711029052734375
0.0021245479583740234
0.0031332969665527344
0.002241849899291992
0.0017211437225341797
0.0026857852935791016
0.0023651123046875
0.0025610923767089844
0.0020782947540283203
0.0013325214385986328
0.0022797584533691406
0.001760721206665039
0.0020966529846191406
0.0017352104187011719
0.0022051334381103516
0.0021424293518066406
0.002397298812866211
0.001986980438232422
0.002354860305786133
0.002838611602783203
0.0017905235290527344
0.002908945083618164
0.0018808841705322266
0.002530336380004883
0.002259969711303711
0.0016448497772216797
0.0014495849609375
0.0029397010803222656
0.00188446044921875
0.0020334720611572266
0.002537250518798828
0.001714944839477539
0.002373218536376953
0.0023343563079833984
0.0012860298156738281
0.0019605159759521484
0.0019326210021972656
0.0024368762969970703
0.0028395652770996094
0.00194549560546875
0.0019550323486328125
0.002204418182373047
0.0021452903747558594
0.001913309097290039
0.003241300582885742
0.0017523765563964844
0.002329587936401367
0.0020477771759033203
0.0017597675323486328
0.0015015602111816406
0.0018765926361083984
0.002661466598510742
0.002245664596557617
0.0036427974700927734
0.0016171932220458984
0.0018224716186523438
0.002367734909057617
0.0021796226501464844
0.0021314620971679688
0.0022826194763183594
0.0018181800842285156
0.0024399757385253906
0.0016846656799316406
0.0015938282012939453
0.0021963119506835938
0.0018587112426757812
0.0022628307342529297
0.0020868778228759766
0.0024089813232421875
0.0018682479858398438
0.0017328262329101562
0.0021817684173583984
0.0019683837890625
0.0020864009857177734
0.0015251636505126953
0.0019526481628417969
0.002065420150756836
0.0017123222351074219
0.0015399456024169922
0.001604318618774414
0.001986265182495117
0.0027501583099365234
0.0022313594818115234
0.0023424625396728516
0.002452850341796875
0.0026030540466308594
0.0017070770263671875
0.0016453266143798828
0.0020477771759033203
0.0020804405212402344
0.0034248828887939453
0.0026197433471679688
0.0022509098052978516
0.0019466876983642578
0.0022590160369873047
0.0016820430755615234
0.0022306442260742188
0.0022094249725341797
0.0018124580383300781
0.0025000572204589844
0.002159595489501953
0.0020971298217773438
0.0025568008422851562
0.001714468002319336
0.0011544227600097656
0.0016274452209472656
0.0018107891082763672
0.0019478797912597656
0.0021545886993408203
0.0013070106506347656
0.0028269290924072266
0.0017390251159667969
0.002323150634765625
0.002101421356201172
0.0020189285278320312
0.002066373825073242
0.0021936893463134766
0.0025691986083984375
0.0022242069244384766
0.0015106201171875
0.002302408218383789
0.0019450187683105469
0.0017673969268798828
0.0022253990173339844
0.002288341522216797
0.001810312271118164
0.0014927387237548828
0.0018494129180908203
0.002195596694946289
0.002146005630493164
0.0018210411071777344
0.0025320053100585938
0.002559661865234375
0.0018107891082763672
0.001676797866821289
0.002088785171508789
0.0015954971313476562
0.0016582012176513672
0.0020020008087158203
0.0018410682678222656
0.0019328594207763672
0.0017347335815429688
0.001969575881958008
0.0026679039001464844
0.0015838146209716797
0.0013036727905273438
0.0020265579223632812
0.0013718605041503906
0.0013899803161621094
0.001959562301635742
0.002068758010864258
0.0017833709716796875
0.0029103755950927734
0.0015575885772705078
0.002036571502685547
0.002028226852416992
0.002303600311279297
0.0017809867858886719
0.0022792816162109375
0.0018219947814941406
0.0019307136535644531
0.0019614696502685547
0.002531766891479492
0.002179384231567383
0.0013496875762939453
0.0021944046020507812
0.0015437602996826172
0.002458333969116211
0.0015647411346435547
0.0013027191162109375
0.002306699752807617
0.0016570091247558594
0.0014965534210205078
0.0017027854919433594
0.0013442039489746094
0.0019762516021728516
0.0018494129180908203
0.0015819072723388672
0.002310514450073242
0.0025482177734375
0.0015368461608886719
0.0015442371368408203
0.0019850730895996094
0.0017933845520019531
0.0018739700317382812
0.0017943382263183594
0.002191781997680664
0.0018589496612548828
0.002770662307739258
0.0021131038665771484
0.0015282630920410156
0.0018835067749023438
0.002382516860961914
0.0015006065368652344
0.0019669532775878906
0.0017151832580566406
0.001811981201171875
0.001668691635131836
0.00160980224609375
0.002576112747192383
0.0016636848449707031
0.0034890174865722656
0.0016388893127441406
0.003131389617919922
0.0024139881134033203
0.0013103485107421875
0.0020012855529785156
0.0019328594207763672
0.001661062240600586
0.0017824172973632812
0.0024127960205078125
0.001110076904296875
0.0012505054473876953
0.0012235641479492188
0.001756429672241211
0.001478433609008789
0.001859903335571289
0.0019218921661376953
0.002240419387817383
0.0017244815826416016
0.001737356185913086
0.0013515949249267578
0.0013206005096435547
0.0016040802001953125
0.0022284984588623047
0.002202749252319336
0.0018129348754882812
0.001367330551147461
0.002113819122314453
0.001615285873413086
0.0015223026275634766
0.0024530887603759766
0.0018718242645263672
0.001848459243774414
0.0016014575958251953
0.001611471176147461
0.002574443817138672
0.0017173290252685547
0.0019373893737792969
0.0022211074829101562
0.0015294551849365234
0.0020470619201660156
0.0012564659118652344
0.0015561580657958984
0.0016646385192871094
0.0012423992156982422
0.0012202262878417969
0.0017609596252441406
0.002232074737548828
0.00247955322265625
0.0011913776397705078
0.0014774799346923828
0.0019118785858154297
0.0019001960754394531
0.002278566360473633
0.0020105838775634766
0.0017175674438476562
0.0017681121826171875
0.002430438995361328
0.002316713333129883
0.001726388931274414
0.0016117095947265625
0.0016295909881591797
0.0015759468078613281
0.0013613700866699219
0.0018165111541748047
0.0019373893737792969
0.0021028518676757812
0.0017817020416259766
0.0017952919006347656
0.0017883777618408203
0.002367258071899414
0.0015888214111328125
0.0017943382263183594
0.001783132553100586
0.003369569778442383
0.002362966537475586
0.0020051002502441406
0.0017528533935546875
0.0016522407531738281
0.0014209747314453125
0.0013091564178466797
0.0016870498657226562
0.0020940303802490234
0.0019030570983886719
0.0015864372253417969
0.001961231231689453
0.0009255409240722656
0.0015938282012939453
0.0017066001892089844
0.0013353824615478516
0.0018172264099121094
0.0014998912811279297
0.0013506412506103516
0.0017933845520019531
0.002100229263305664
0.0012705326080322266
0.002079486846923828
0.0023801326751708984
0.0013349056243896484
0.0015304088592529297
0.0013942718505859375
0.0017769336700439453
0.0016231536865234375
0.0015702247619628906
0.0012929439544677734
0.0024361610412597656
0.0015096664428710938
0.001436471939086914
0.0016632080078125
0.0015196800231933594
0.0018711090087890625
0.001201629638671875
0.0015785694122314453
0.0014886856079101562
0.0013492107391357422
0.0013468265533447266
0.0023441314697265625
0.001750946044921875
0.001287221908569336
0.0018351078033447266
0.002134561538696289
0.0023462772369384766
0.0023038387298583984
0.002375364303588867
0.0021209716796875
0.0014710426330566406
0.0020608901977539062
0.0013513565063476562
0.0016231536865234375
0.001985788345336914
0.0024673938751220703
0.0017337799072265625
0.0014014244079589844
0.0017728805541992188
0.0013120174407958984
0.0012493133544921875
0.0017707347869873047
0.001744985580444336
0.0025892257690429688
0.0012180805206298828
0.00183868408203125
0.0018270015716552734
0.0017740726470947266
0.0021610260009765625
0.0018565654754638672
0.0016071796417236328
0.001199483871459961
0.0015478134155273438
0.0015413761138916016
0.0020406246185302734
0.0014438629150390625
0.0025887489318847656
0.0016798973083496094
0.001481771469116211
0.002592325210571289
0.0016655921936035156
0.0018389225006103516
0.0014939308166503906
0.0024945735931396484
0.0017704963684082031
0.0016603469848632812
0.0011203289031982422
0.0018749237060546875
0.0018677711486816406
0.0013306140899658203
0.0019102096557617188
0.0019664764404296875
0.0011906623840332031
0.0018596649169921875
0.0014133453369140625
0.0016436576843261719
0.0018584728240966797
0.0014770030975341797
0.002311229705810547
0.001642465591430664
0.001528024673461914
0.001752614974975586
0.0012445449829101562
0.0019373893737792969
0.0017917156219482422
0.0015177726745605469
0.0016183853149414062
0.002121448516845703
0.0016279220581054688
0.001344442367553711
0.0018405914306640625
0.0013346672058105469
0.001706838607788086
0.0015132427215576172
0.0024483203887939453
0.0023984909057617188
0.0012996196746826172
0.002481222152709961
0.0015892982482910156
0.0016567707061767578
0.0015192031860351562
0.0017368793487548828
0.001552581787109375
0.0012307167053222656
0.001519918441772461
0.00177764892578125
0.0015506744384765625
0.0018591880798339844
0.001435995101928711
0.0017337799072265625
0.0014162063598632812
0.0018198490142822266
0.00200653076171875
0.0013742446899414062
0.0013489723205566406
0.0017924308776855469
0.0012087821960449219
0.0013649463653564453
0.0017914772033691406
0.0015749931335449219
0.0015380382537841797
0.0020761489868164062
0.002134084701538086
0.0024051666259765625
0.0016620159149169922
0.0012977123260498047
0.001844644546508789
0.0015647411346435547
0.0013928413391113281
0.0017876625061035156
0.0016312599182128906
0.0017027854919433594
0.0016984939575195312
0.0016086101531982422
0.0018265247344970703
0.0015494823455810547
0.002147674560546875
0.0016629695892333984
0.0010762214660644531
0.0016908645629882812
0.0018148422241210938
0.0014879703521728516
0.0018491744995117188
0.001811981201171875
0.002299785614013672
0.0017333030700683594
0.0013484954833984375
0.0011391639709472656
0.001943826675415039
0.001352548599243164
0.001972675323486328
0.001928091049194336
0.0012099742889404297
0.0014700889587402344
0.0012819766998291016
0.0016872882843017578
0.001506805419921875
0.0017838478088378906
0.001888275146484375
0.002103090286254883
0.001863241195678711
0.0022416114807128906
0.0010652542114257812
0.0011947154998779297
0.0033125877380371094
0.0012013912200927734
0.0012929439544677734
0.002085447311401367
0.0013117790222167969
0.0014445781707763672
0.0017054080963134766
0.0019683837890625
0.0011985301971435547
0.0013315677642822266
0.002260923385620117
0.001764535903930664
0.0019297599792480469
0.0019845962524414062
0.0012011528015136719
0.0012958049774169922
0.0014197826385498047
0.0017590522766113281
0.0018393993377685547
0.0019228458404541016
0.0014123916625976562
0.0015075206756591797
0.00189971923828125
0.0021076202392578125
0.0016551017761230469
0.0017631053924560547
0.0014188289642333984
0.0010979175567626953
0.0012676715850830078
0.002082347869873047
0.002363443374633789
0.001920461654663086
0.0015783309936523438
0.0016944408416748047
0.0014729499816894531
0.0014634132385253906
0.0018391609191894531
0.0014939308166503906
0.001611471176147461
0.0014939308166503906
0.0021812915802001953
0.0012493133544921875
0.0018813610076904297
0.0015492439270019531
0.0018913745880126953
0.002371549606323242
0.0017445087432861328
0.0013079643249511719
0.0014963150024414062
0.0013933181762695312
0.0019805431365966797
0.0016968250274658203
0.0020923614501953125
0.0018694400787353516
0.0016429424285888672
0.001191854476928711
0.002405881881713867
0.001245737075805664
0.0011954307556152344
0.0013701915740966797
0.001199960708618164
0.0016345977783203125
0.001384735107421875
0.0013234615325927734
0.0026547908782958984
0.0016896724700927734
0.0017230510711669922
0.001547098159790039
0.0018756389617919922
0.0017554759979248047
0.0012552738189697266
0.0017995834350585938
0.0017251968383789062
0.001157522201538086
0.0015926361083984375
0.001688241958618164
0.0013310909271240234
0.0016086101531982422
0.0024318695068359375
0.0014102458953857422
0.0019371509552001953
0.0013728141784667969
0.0019071102142333984
0.0024471282958984375
0.0021371841430664062
0.0012278556823730469
0.0014948844909667969
0.00128173828125
0.0012555122375488281
0.001722097396850586
0.001519918441772461
0.0013206005096435547
0.0016438961029052734
0.0017991065979003906
0.0014863014221191406
0.0017287731170654297
0.000993490219116211
0.001413106918334961
0.0011496543884277344
0.0010800361633300781
0.001653909683227539
0.002151966094970703
0.0014286041259765625
0.0020368099212646484
0.0020580291748046875
0.001356363296508789
0.0020585060119628906
0.0016751289367675781
0.0014696121215820312
0.002111673355102539
0.001337289810180664
0.0013303756713867188
0.0015635490417480469
0.0016548633575439453
0.0015838146209716797
0.0013806819915771484
0.00164031982421875
0.0019237995147705078
0.0014650821685791016
0.0016887187957763672
0.0016546249389648438
0.001203775405883789
0.0021669864654541016
0.001758575439453125
0.002384662628173828
0.00165557861328125
0.0027170181274414062
0.0018057823181152344
0.001520395278930664
0.0011703968048095703
0.0016207695007324219
0.001195669174194336
0.0013680458068847656
0.002116680145263672
0.0016257762908935547
0.001523733139038086
0.0022132396697998047
0.0014061927795410156
0.0015909671783447266
0.0014891624450683594
0.0021982192993164062
0.0017087459564208984
0.0008063316345214844
0.001287698745727539
0.0015225410461425781
0.0017893314361572266
0.00164794921875
0.001718282699584961
0.0016961097717285156
0.0019702911376953125
0.0015704631805419922
0.0012137889862060547
0.0017101764678955078
0.0019562244415283203
0.0019161701202392578
0.0015561580657958984
0.0017707347869873047
0.0017478466033935547
0.0013082027435302734
0.0011630058288574219
0.0016727447509765625
0.0013382434844970703
0.0013840198516845703
0.002098560333251953
0.0011548995971679688
0.002295255661010742
0.0010776519775390625
0.0015740394592285156
0.001041412353515625
0.0017609596252441406
0.0014121532440185547
0.0017538070678710938
0.0018188953399658203
0.0022699832916259766
0.0017285346984863281
0.0010416507720947266
0.001817941665649414
0.0015709400177001953
0.0010716915130615234
0.0015451908111572266
0.0014986991882324219
0.0024454593658447266
0.0014591217041015625
0.0018572807312011719
0.002705812454223633
0.0014541149139404297
0.0016825199127197266
0.0013527870178222656
0.0016787052154541016
0.0016715526580810547
0.0018961429595947266
0.0013782978057861328
0.001516580581665039
0.001684427261352539
0.001386404037475586
0.0016913414001464844
0.0020563602447509766
0.0027763843536376953
0.001356363296508789
0.0010075569152832031
0.0009441375732421875
0.0010395050048828125
0.001425027847290039
0.0014808177947998047
0.0016391277313232422
0.0017039775848388672
0.0015673637390136719
0.0012531280517578125
0.0016889572143554688
0.0021076202392578125
0.0014743804931640625
0.0014255046844482422
0.0020558834075927734
0.0016810894012451172
0.0018916130065917969
0.001665353775024414
0.0016367435455322266
0.001314401626586914
0.0011477470397949219
0.0021953582763671875
0.0012836456298828125
0.001561880111694336
0.001504659652709961
0.0018305778503417969
0.0017039775848388672
0.0017998218536376953
0.0023462772369384766
0.002074003219604492
0.0028395652770996094
0.0014302730560302734
0.0019741058349609375
0.0012052059173583984
0.0012574195861816406
0.0007653236389160156
0.0015587806701660156
0.0012676715850830078
0.001104593276977539
0.0014772415161132812
0.0019490718841552734
0.0016751289367675781
0.0013427734375
0.0017139911651611328
0.0013434886932373047
0.001302480697631836
0.0016667842864990234
0.0013666152954101562
0.0009944438934326172
0.0018761157989501953
0.0010378360748291016
0.0018131732940673828
0.0016443729400634766
0.0017998218536376953
0.002038240432739258
0.0012462139129638672
0.0014061927795410156
0.0011730194091796875
0.0011379718780517578
0.0014605522155761719
0.0010688304901123047
0.0015079975128173828
0.001695871353149414
0.002007007598876953
0.002300739288330078
0.0013022422790527344
0.002020597457885742
0.002175569534301758
0.0016012191772460938
0.0028030872344970703
0.0012521743774414062
0.0013844966888427734
0.0018167495727539062
0.0017478466033935547
0.0018537044525146484
0.0017347335815429688
0.0015871524810791016
0.0014119148254394531
0.0015418529510498047
0.0016102790832519531
0.0016841888427734375
0.0011281967163085938
0.0011489391326904297
0.001112222671508789
0.0019121170043945312
0.0013837814331054688
0.0020258426666259766
0.0014522075653076172
0.001415252685546875
0.001420736312866211
0.002001047134399414
0.0026633739471435547
0.0018832683563232422
0.0018246173858642578
0.0015654563903808594
0.0014040470123291016
0.001073598861694336
0.001322031021118164
0.0014660358428955078
0.002417325973510742
0.0019176006317138672
0.0018532276153564453
0.0014119148254394531
0.0021462440490722656
0.0013649463653564453
0.0015079975128173828
0.001313924789428711
0.001463174819946289
0.0016627311706542969
0.0011756420135498047
0.0014367103576660156
0.0019540786743164062
0.0015316009521484375
0.0013697147369384766
0.0015494823455810547
0.0015473365783691406
0.0016283988952636719
0.0017457008361816406
0.0016264915466308594
0.0017540454864501953
0.0018415451049804688
0.001968860626220703
0.001783609390258789
0.0018134117126464844
0.001786947250366211
0.0011472702026367188
0.0016872882843017578
0.0011150836944580078
0.001497030258178711
0.0021135807037353516
0.0013616085052490234
0.0011675357818603516
0.0019078254699707031
0.0013082027435302734
0.0011687278747558594
0.0015790462493896484
0.001581430435180664
0.0014917850494384766
0.001249074935913086
0.0013513565063476562
0.0016891956329345703
0.0014064311981201172
0.0019059181213378906
0.001783609390258789
0.0019838809967041016
0.0012593269348144531
0.0016200542449951172
0.0015113353729248047
0.0015032291412353516
0.0020618438720703125
0.0014047622680664062
0.0013608932495117188
0.0017430782318115234
0.0014083385467529297
0.0015876293182373047
0.0016815662384033203
0.0013880729675292969
0.0018436908721923828
0.0010898113250732422
0.0015556812286376953
0.002090930938720703
0.001308441162109375
0.001969575881958008
0.0013496875762939453
0.0027801990509033203
0.0017576217651367188
0.0017042160034179688
0.0010716915130615234
0.0018463134765625
0.0015156269073486328
0.0016925334930419922
0.001134634017944336
0.0022797584533691406
0.0017156600952148438
0.0015997886657714844
0.0016741752624511719
0.0018336772918701172
0.0017194747924804688
0.0013349056243896484
0.0017495155334472656
0.0011487007141113281
0.001436471939086914
0.0012199878692626953
0.0017278194427490234
0.0017323493957519531
0.0014264583587646484
0.0011179447174072266
0.0020275115966796875
0.001821279525756836
0.0013651847839355469
0.001987457275390625
0.0013968944549560547
0.0016901493072509766
0.001481771469116211
0.0011334419250488281
0.0009963512420654297
0.0014684200286865234
0.0010747909545898438
0.001958608627319336
0.00247955322265625
0.0015177726745605469
0.0017762184143066406
0.001481771469116211
0.0020101070404052734
0.0010187625885009766
0.001188516616821289
0.0015201568603515625
0.0011658668518066406
0.001619100570678711
0.0015823841094970703
0.0019617080688476562
0.0019192695617675781
0.0016074180603027344
0.001428842544555664
0.002066373825073242
0.0015544891357421875
0.0014960765838623047
0.002473592758178711
0.0016829967498779297
0.0022635459899902344
0.0013725757598876953
0.0012955665588378906
0.0013701915740966797
0.001983642578125
0.0016224384307861328
0.001811981201171875
0.0022974014282226562
0.001444101333618164
0.001505136489868164
0.0013489723205566406
0.0015230178833007812
0.0015494823455810547
0.001991748809814453
0.0017673969268798828
0.0014765262603759766
0.0012049674987792969
0.0018405914306640625
0.001956462860107422
0.001485586166381836
0.0017175674438476562
0.0010595321655273438
0.0014677047729492188
0.00148773193359375
0.001256704330444336
0.001745462417602539
0.0014874935150146484
0.001323699951171875
0.0016088485717773438
0.0021376609802246094
0.0010776519775390625
0.00225830078125
0.0011115074157714844
0.0016264915466308594
0.0014157295227050781
0.0015859603881835938
0.0009875297546386719
0.0016791820526123047
0.0017695426940917969
0.0013589859008789062
0.0012869834899902344
0.0013854503631591797
0.001550912857055664
0.0016188621520996094
0.001786947250366211
0.001960277557373047
0.0011861324310302734
0.0016112327575683594
0.0013959407806396484
0.001814126968383789
0.0015189647674560547
0.0016942024230957031
0.0022020339965820312
0.0025582313537597656
0.0017914772033691406
0.0018854141235351562
0.001711130142211914
0.001409769058227539
0.0013747215270996094
0.002170085906982422
0.0015745162963867188
0.0016942024230957031
0.002187013626098633
0.0014739036560058594
0.0012011528015136719
0.0007739067077636719
0.0011539459228515625
0.0016236305236816406
0.0014302730560302734
0.0019428730010986328
0.0014226436614990234
0.001909017562866211
0.0010142326354980469
0.0016179084777832031
0.0012879371643066406
0.0014438629150390625
0.0015113353729248047
0.0016214847564697266
0.001630544662475586
0.001699686050415039
0.001478433609008789
0.0015647411346435547
0.0013155937194824219
0.0022780895233154297
0.0020265579223632812
0.0013279914855957031
0.0020990371704101562
0.001359701156616211
0.0013070106506347656
0.0012943744659423828
0.0013849735260009766
0.0017561912536621094
0.0016887187957763672
0.002452850341796875
0.0012166500091552734
0.0014581680297851562
0.0014543533325195312
0.0014007091522216797
0.0017271041870117188
0.0018358230590820312
0.001203298568725586
0.0014851093292236328
0.0015931129455566406
0.0011570453643798828
0.0016963481903076172
0.0016467571258544922
0.001523733139038086
0.0015175342559814453
0.0018374919891357422
0.001367330551147461
0.0018372535705566406
0.0015971660614013672
0.001453399658203125
0.001224517822265625
0.0013425350189208984
0.001928091049194336
0.0016968250274658203
0.001094818115234375
0.0019617080688476562
0.0016107559204101562
0.0019223690032958984
0.0015523433685302734
0.0018162727355957031
0.0017075538635253906
0.0013573169708251953
0.0017402172088623047
0.0026063919067382812
0.0013420581817626953
0.0014677047729492188
0.001180887222290039
0.0019605159759521484
0.001752614974975586
0.0017712116241455078
0.0011138916015625
0.00159454345703125
0.002060413360595703
0.0017077922821044922
0.0021431446075439453
0.0017242431640625
0.0016551017761230469
0.0012412071228027344
0.0015411376953125
0.0015633106231689453
0.0016820430755615234
0.001377105712890625
0.0018084049224853516
0.0019199848175048828
0.0014078617095947266
0.0019116401672363281
0.002001047134399414
0.001550436019897461
0.0019338130950927734
0.0015456676483154297
0.0016524791717529297
0.0010952949523925781
0.0016093254089355469
0.0012950897216796875
0.001615285873413086
0.001611471176147461
0.0008351802825927734
0.0015881061553955078
0.0019843578338623047
0.0013232231140136719
0.001720428466796875
0.0015673637390136719
0.0013132095336914062
0.00153350830078125
0.0016107559204101562
0.001163482666015625
0.0021076202392578125
0.0012309551239013672
0.0017688274383544922
0.0021486282348632812
0.00147247314453125
0.0017430782318115234
0.0015311241149902344
0.0017626285552978516
0.001468658447265625
0.0008282661437988281
0.0016446113586425781
0.0016484260559082031
0.0018036365509033203
0.0014035701751708984
0.0023894309997558594
0.001516580581665039
0.0016186237335205078
0.0013082027435302734
0.0021419525146484375
0.0016357898712158203
0.0016934871673583984
0.0015747547149658203
0.0011794567108154297
0.0016942024230957031
0.0014727115631103516
0.001234292984008789
0.0011780261993408203
0.0019257068634033203
0.0016655921936035156
0.0013947486877441406
0.001191854476928711
0.0012955665588378906
0.0017516613006591797
0.0016360282897949219
0.001664876937866211
0.0015735626220703125
0.0021479129791259766
0.0010266304016113281
0.001308441162109375
0.0014259815216064453
0.0019371509552001953
0.001718759536743164
0.001798868179321289
0.001959085464477539
0.0015292167663574219
0.0013365745544433594
0.001295328140258789
0.001497030258178711
0.001737356185913086
0.0014791488647460938
0.002088308334350586
0.0011844635009765625
0.0018513202667236328
0.0015447139739990234
0.002340555191040039
0.0015194416046142578
0.0016739368438720703
0.0012781620025634766
0.001836538314819336
0.0018966197967529297
0.001626729965209961
0.0014846324920654297
0.0016510486602783203
0.0014011859893798828
0.0019283294677734375
0.0013346672058105469
0.0009853839874267578
0.0011417865753173828
0.0011546611785888672
0.001779794692993164
0.0018274784088134766
0.001604318618774414
0.0012238025665283203
0.001314401626586914
0.002404928207397461
0.0023758411407470703
0.0020627975463867188
0.0013575553894042969
0.0017092227935791016
0.0017287731170654297
0.0016219615936279297
0.0014531612396240234
0.0014200210571289062
0.0014843940734863281
0.0011823177337646484
0.0014736652374267578
0.0017044544219970703
0.0014872550964355469
0.001422882080078125
0.0009360313415527344
0.0013000965118408203
0.001607656478881836
0.0009777545928955078
0.002261638641357422
0.0018084049224853516
0.001558065414428711
0.0015480518341064453
0.0025119781494140625
0.0015416145324707031
0.001531362533569336
0.001268625259399414
0.0012679100036621094
0.0019099712371826172
0.001116037368774414
0.0019237995147705078
0.0015802383422851562
0.001432180404663086
0.001817464828491211
0.0012149810791015625
0.0011303424835205078
0.002151966094970703
0.0012822151184082031
0.0018575191497802734
0.0017247200012207031
0.0013287067413330078
0.0018429756164550781
0.001749277114868164
0.0015716552734375
0.0017313957214355469
0.0017387866973876953
0.0017521381378173828
0.0014543533325195312
0.002004384994506836
0.001508951187133789
0.0015861988067626953
0.001678466796875
0.0017783641815185547
0.0016057491302490234
0.0016055107116699219
0.001371145248413086
0.001422882080078125
0.0017151832580566406
0.0018444061279296875
0.0011348724365234375
0.0016541481018066406
0.0009772777557373047
0.0019876956939697266
0.0015132427215576172
0.0015206336975097656
0.001958131790161133
0.0010528564453125
0.0014586448669433594
0.0019307136535644531
0.0017397403717041016
0.0017077922821044922
0.001827239990234375
0.0019867420196533203
0.0018682479858398438
0.0013706684112548828
0.0015206336975097656
0.000993490219116211
0.0015211105346679688
0.0017323493957519531
0.0013232231140136719
0.0015609264373779297
0.0013997554779052734
0.0014162063598632812
0.001520395278930664
0.001710653305053711
0.002007007598876953
0.0025129318237304688
0.0013058185577392578
0.0012257099151611328
0.0016222000122070312
0.0013070106506347656
0.0011148452758789062
0.0015575885772705078
0.0013506412506103516
0.0020380020141601562
0.0014910697937011719
