324.31037616729736
321.66174840927124
320.21606278419495
320.0478410720825
319.9907057285309
318.57251954078674
315.1557095050812
294.5788404941559
243.61170518398285
234.03981709480286
219.48206329345703
209.15033614635468
205.09345376491547
252.20581579208374
179.73909544944763
164.56253761053085
194.16670858860016
262.77580416202545
189.41252386569977
185.7459295988083
176.67563897371292
165.98167461156845
166.89062350988388
159.29614305496216
199.86723840236664
177.19880092144012
185.2128335237503
196.85320481657982
194.05303782224655
219.3200539946556
184.8346088528633
218.01687893271446
197.59873229265213
191.1462744474411
244.39328345656395
233.32888007164001
148.2274884879589
139.72654300928116
129.49852612614632
154.1439813375473
133.57178488373756
141.12304878234863
317.67490458488464
317.23582315444946
318.95443058013916
317.4902081489563
318.0549304485321
318.99615693092346
319.0697863101959
318.3330373764038
318.141339302063
318.60272097587585
318.37322092056274
318.30999779701233
319.4043769836426
317.37753438949585
318.26507019996643
318.56945848464966
318.90265345573425
318.87196230888367
318.140992641449
317.61144948005676
317.66146779060364
318.0916268825531
318.6967625617981
317.9467921257019
318.30053901672363
318.33043146133423
318.3801095485687
317.08961153030396
317.4724802970886
318.55192828178406
317.7578375339508
318.57646465301514
318.4137854576111
317.936359167099
318.3072280883789
318.1899571418762
313.84442925453186
311.669634103775
317.5047838687897
317.8075747489929
317.3522434234619
318.90618658065796
318.2847955226898
317.2810230255127
319.1025769710541
318.53662490844727
318.27753257751465
317.7136421203613
318.13864850997925
318.0322153568268
316.9244592189789
318.0358853340149
317.9878122806549
317.6589708328247
317.95872020721436
316.75149178504944
313.13148641586304
316.0295534133911
311.3531847000122
310.4179084300995
261.05199551582336
142.12288489937782
137.38625940680504
134.38199272751808
136.75752073526382
122.16016179323196
216.4648141860962
172.87173211574554
141.34965831041336
104.78460401296616
109.76839232444763
82.20510679483414
104.61563155055046
93.43323817849159
83.02583143115044
98.1606028676033
73.4931965470314
83.38933962583542
66.05206245183945
92.33792966604233
93.96780660748482
173.99341940879822
125.87758788466454
129.30311173200607
165.92362371087074
122.79425966739655
111.51893636584282
125.49796998500824
103.0474360883236
126.34557554125786
97.6706460416317
109.870959430933
116.74130487442017
262.2205720245838
314.50743532180786
307.03539419174194
293.2466011047363
159.89974454045296
100.57946196198463
68.91942286491394
70.78883764147758
79.8884454369545
99.22887924313545
89.52332007884979
75.86409169435501
86.04007151722908
61.93918099999428
52.59717521071434
52.020430117845535
59.95973068475723
50.56250712275505
44.102896481752396
69.64282682538033
46.32713386416435
62.136706322431564
42.59464630484581
84.56625232100487
83.74773585796356
44.229017317295074
40.00470006465912
57.970862448215485
50.88959497213364
54.25510683655739
60.1257466673851
56.48025485873222
70.73003473877907
115.39497888088226
84.28850591182709
59.674634873867035
67.69270068407059
68.4364124238491
55.02241924405098
33.801285803318024
48.58815482258797
45.864404052495956
32.664486438035965
57.89597722887993
53.95862951874733
45.65336924791336
57.586566388607025
194.72413638234138
78.28750520944595
60.198226660490036
44.23723125457764
34.97876614332199
79.49008449912071
82.57916557788849
40.1079885661602
38.580899596214294
45.8942691385746
105.56967544555664
57.390772342681885
39.18432769179344
54.78521856665611
53.2072491645813
45.18119230866432
26.254154592752457
35.10197687149048
19.701336443424225
25.575803637504578
33.340315252542496
31.313430309295654
26.342765003442764
37.531102895736694
23.30646488070488
17.081590622663498
16.39797466993332
20.72278791666031
25.807452350854874
22.574456214904785
36.97547298669815
16.982852935791016
10.945495367050171
16.24570381641388
23.297951847314835
9.800494521856308
32.642672181129456
29.887199759483337
36.05301961302757
17.848541647195816
13.485435128211975
13.986538678407669
11.169546782970428
35.40339133143425
35.17448100447655
19.511384516954422
18.44006782770157
11.347478181123734
25.97736144065857
29.545913964509964
20.35485103726387
14.533749252557755
19.422253668308258
30.929448187351227
17.916556268930435
28.681302934885025
12.663144379854202
8.171975433826447
6.94585382938385
5.568086624145508
10.616240620613098
12.217993646860123
3.6255157589912415
7.051110595464706
11.53032785654068
8.87464439868927
28.485097140073776
13.015222579240799
21.87091886997223
16.22230690717697
45.409051328897476
25.789954096078873
20.591951996088028
9.613012433052063
16.880330085754395
3.824631631374359
2.149051070213318
2.842762529850006
6.644704282283783
7.450115978717804
2.898318350315094
2.4748541712760925
4.870975911617279
5.494676768779755
10.041768848896027
4.48891407251358
4.717400312423706
2.256675899028778
1.6060466766357422
2.0004059076309204
2.221195936203003
1.2765549421310425
3.592672348022461
2.8876752853393555
2.636218547821045
0.5005186200141907
1.3593979477882385
1.251442313194275
1.253869116306305
4.2064009308815
5.229904532432556
8.940286040306091
7.671368479728699
8.779702484607697
8.517285287380219
16.304039537906647
15.437722861766815
16.709147214889526
5.57135671377182
4.575211465358734
6.284854352474213
3.3247037529945374
3.877029299736023
2.680276036262512
3.6321662068367004
2.910142242908478
2.048620343208313
2.716717004776001
2.298094391822815
4.031577944755554
4.670843303203583
3.298573285341263
2.1438899636268616
2.1180458664894104
7.990781605243683
1.1650804281234741
0.8086681365966797
0.5594379901885986
0.4862602949142456
0.7080385684967041
1.234117329120636
1.2518301010131836
2.7487394213676453
2.873697340488434
0.8626211881637573
1.9085047245025635
14.386092334985733
13.693128287792206
8.036304652690887
5.766705691814423
11.12607678771019
4.944669187068939
2.200833320617676
5.549535572528839
0.9912638664245605
0.7106620073318481
0.5377475023269653
0.36539459228515625
0.19931328296661377
0.48976489901542664
0.2585155963897705
0.5024642944335938
1.1538678407669067
6.652715086936951
2.6394948959350586
2.2709062099456787
3.0033990144729614
4.635159909725189
1.5364975929260254
3.8684598207473755
3.3506357669830322
0.18031489849090576
0.4349827766418457
0.15671944618225098
1.3536427021026611
0.32804811000823975
0.2833831310272217
0.11620426177978516
1.5335663557052612
0.1038820743560791
0.06798756122589111
0.06969642639160156
0.11551141738891602
1.3467829823493958
0.11100661754608154
0.8301798105239868
0.3505059480667114
0.09927618503570557
0.36731958389282227
4.647875070571899
0.5474857091903687
0.4969775676727295
0.20459794998168945
0.0886225700378418
0.41806554794311523
0.9871478080749512
0.22909200191497803
1.0950661897659302
1.072567880153656
0.3374359607696533
0.10087311267852783
0.1219949722290039
0.3190011978149414
0.2095170021057129
0.11009490489959717
0.5688798427581787
0.2397390604019165
0.03756988048553467
0.048590779304504395
0.7283831834793091
4.658881723880768
0.9218093156814575
1.414953589439392
2.1739168763160706
1.7739699482917786
0.592463493347168
2.0402642488479614
0.3128061294555664
0.7516629695892334
0.464380145072937
0.3286222219467163
0.5402910113334656
0.2996077537536621
0.38024818897247314
0.1628861427307129
1.005929946899414
0.5815858840942383
0.2847498655319214
1.7324659824371338
0.6855846047401428
1.0497586727142334
0.10134029388427734
0.07206737995147705
0.18002969026565552
0.09043753147125244
0.6600347757339478
0.2958195209503174
0.12723016738891602
0.047699689865112305
0.025916218757629395
0.16304659843444824
0.2889533042907715
0.3797508478164673
0.1993652582168579
0.0367816686630249
0.10169398784637451
0.2741309404373169
0.035729050636291504
0.08333003520965576
0.02721405029296875
1.4644750356674194
0.05021357536315918
0.03489398956298828
0.05744361877441406
0.14191949367523193
0.012626290321350098
0.7603098154067993
0.5066817998886108
0.08642590045928955
0.0431138277053833
0.0480879545211792
1.2046139240264893
0.6160968542098999
0.06790769100189209
0.17480814456939697
0.12091529369354248
0.009253859519958496
0.1618262529373169
0.06139838695526123
0.021352410316467285
0.0244370698928833
0.015372872352600098
0.020736098289489746
0.03476834297180176
0.008164644241333008
0.06114792823791504
0.020020008087158203
0.008911371231079102
0.027943134307861328
0.029433608055114746
0.01482701301574707
0.008527040481567383
0.026751995086669922
0.006376743316650391
0.02847743034362793
0.02347588539123535
0.02008974552154541
0.010259270668029785
0.005707383155822754
0.004043936729431152
0.004526615142822266
0.0078089237213134766
0.012460947036743164
0.012508511543273926
0.0077054500579833984
0.002100229263305664
0.011181354522705078
0.020183563232421875
0.034023284912109375
0.03328394889831543
0.012864828109741211
0.12163257598876953
0.010768532752990723
0.005228996276855469
0.0058057308197021484
0.005244731903076172
0.008473396301269531
0.005401134490966797
0.02329277992248535
0.0071833133697509766
0.005558967590332031
0.0191342830657959
0.0017609596252441406
0.0042868852615356445
0.006381034851074219
0.008768200874328613
0.0036118030548095703
0.0037984848022460938
0.0047609806060791016
0.005171298980712891
0.005968570709228516
0.007531642913818359
0.004731416702270508
0.008139967918395996
0.005236625671386719
0.006382465362548828
0.009119153022766113
0.002322673797607422
0.013463616371154785
0.00745701789855957
0.004411935806274414
0.023714065551757812
0.006663799285888672
0.005391240119934082
0.01905953884124756
0.004531383514404297
0.005003571510314941
0.0076885223388671875
0.0115431547164917
0.003438115119934082
0.0026665925979614258
0.0036410093307495117
0.002870798110961914
0.004998922348022461
0.00513148307800293
0.004255533218383789
0.0030951499938964844
0.003632068634033203
0.003515005111694336
0.002504587173461914
0.0020543336868286133
0.0031359195709228516
0.004030823707580566
0.0036433935165405273
0.0031186342239379883
0.003598451614379883
0.003596186637878418
0.0031845569610595703
0.0038306713104248047
0.00250089168548584
0.003691434860229492
0.007756948471069336
0.005061149597167969
0.0060079097747802734
0.0026476383209228516
0.005542397499084473
0.005051136016845703
0.0121077299118042
0.00653529167175293
0.006112217903137207
0.002508401870727539
0.006962180137634277
0.0026578903198242188
0.006203651428222656
0.0037369728088378906
0.0040225982666015625
0.004330158233642578
0.005099058151245117
0.00381314754486084
0.0028821229934692383
0.0016758441925048828
0.0038825273513793945
0.0016598701477050781
0.004652857780456543
0.006174564361572266
0.0039823055267333984
0.0031337738037109375
0.0014109611511230469
0.001890420913696289
0.0022890567779541016
0.004785060882568359
0.006623744964599609
0.0021762847900390625
0.006561160087585449
0.002153158187866211
0.004717707633972168
0.0067291259765625
0.0024949312210083008
0.002081155776977539
0.001289963722229004
0.00741422176361084
0.0014920234680175781
0.004889130592346191
0.002252340316772461
0.005730628967285156
0.00481724739074707
0.0038709640502929688
0.004848837852478027
0.0031244754791259766
0.004384040832519531
0.0033063888549804688
0.003386378288269043
0.003052949905395508
0.003406524658203125
0.005283713340759277
0.0025033950805664062
0.006098270416259766
0.002023458480834961
0.003476738929748535
0.001963376998901367
0.003421187400817871
0.0019915103912353516
0.0035554170608520508
0.003175020217895508
0.0017857551574707031
0.0027806758880615234
0.0040476322174072266
0.003777027130126953
0.004107356071472168
0.003607511520385742
0.002207517623901367
0.003292083740234375
0.0019311904907226562
0.0022933483123779297
0.003051280975341797
0.0034956932067871094
0.0037436485290527344
0.0047512054443359375
0.0022878646850585938
0.002593994140625
0.004181265830993652
0.005377531051635742
0.002958536148071289
0.004552721977233887
0.002532482147216797
0.003829479217529297
0.001049041748046875
0.0031434297561645508
0.003160238265991211
0.0034317970275878906
0.00378262996673584
0.0018002986907958984
0.003053426742553711
0.0018610954284667969
0.0009462833404541016
0.003697514533996582
0.0028121471405029297
0.0026967525482177734
0.0021333694458007812
0.003707408905029297
0.004967212677001953
0.001834869384765625
0.0032057762145996094
0.002073526382446289
0.0031255483627319336
0.0016529560089111328
0.0018661022186279297
0.0035543441772460938
0.004412412643432617
0.0014591217041015625
0.0056743621826171875
0.0023823976516723633
0.0020134449005126953
0.004206180572509766
0.0022335052490234375
0.0028134584426879883
0.00453495979309082
0.001630544662475586
0.0015932321548461914
0.003556489944458008
0.0035881996154785156
0.00432133674621582
0.002424478530883789
0.0018355846405029297
0.0039910078048706055
0.002629518508911133
0.0016829967498779297
0.0013380050659179688
0.004534482955932617
0.0025675296783447266
0.004062652587890625
0.0037887096405029297
0.002186298370361328
0.0018336772918701172
0.003412604331970215
0.0012843608856201172
0.002554178237915039
0.001657724380493164
0.0012531280517578125
0.006144404411315918
0.0028901100158691406
0.0022230148315429688
0.0039778947830200195
0.0035887956619262695
0.0022873878479003906
0.0016304254531860352
0.0027594566345214844
0.004455208778381348
0.0017185211181640625
0.005168437957763672
0.0018565654754638672
0.0027889013290405273
0.0033119916915893555
0.0020809173583984375
0.004996299743652344
0.0021522045135498047
0.002740144729614258
0.0035567283630371094
0.0012052059173583984
0.002056717872619629
0.0013206005096435547
0.0018749237060546875
0.0017020702362060547
0.0020308494567871094
0.0016715526580810547
0.0037550926208496094
0.0023603439331054688
0.004865407943725586
0.002115488052368164
0.002853989601135254
0.0013890266418457031
0.007151126861572266
0.003834843635559082
0.0037964582443237305
0.00113677978515625
0.0021812915802001953
0.0018777847290039062
0.0027551651000976562
0.0017125606536865234
0.0043125152587890625
0.001064300537109375
0.0019502639770507812
0.002302885055541992
0.0053598880767822266
0.003175973892211914
0.005044221878051758
0.0022611618041992188
0.0014050006866455078
0.001986265182495117
0.0014514923095703125
0.002650737762451172
0.0009124279022216797
0.0025365352630615234
0.001817941665649414
0.0019183158874511719
0.0025093555450439453
0.002133011817932129
0.005179643630981445
0.0021976232528686523
0.005160331726074219
0.0019016265869140625
0.0019462108612060547
0.0015730857849121094
0.0014406442642211914
0.0018916130065917969
0.0015408992767333984
0.002100706100463867
0.0024709701538085938
0.0034674406051635742
0.001839756965637207
0.001237630844116211
0.001317739486694336
0.004080533981323242
0.0031893253326416016
0.004207015037536621
0.003502964973449707
0.005038738250732422
0.003504037857055664
0.00295865535736084
0.0018563270568847656
0.004267334938049316
0.0012624263763427734
0.0024878978729248047
0.0013649463653564453
0.004333019256591797
0.0017658472061157227
0.001309037208557129
0.0031991004943847656
0.002007722854614258
0.0013893842697143555
0.0024216175079345703
0.0013176202774047852
0.0016907453536987305
0.005352377891540527
0.0014569759368896484
0.003126859664916992
0.0013124942779541016
0.0022230148315429688
0.0022509098052978516
0.0022630691528320312
0.002629518508911133
0.0019621849060058594
0.0017702579498291016
0.0016715526580810547
0.0020294189453125
0.00392603874206543
0.0011827945709228516
0.001943826675415039
0.003931999206542969
0.002827167510986328
0.0025146007537841797
0.0015900135040283203
0.002999424934387207
0.0016756057739257812
0.0019333362579345703
0.0020792484283447266
0.0023119449615478516
0.003570079803466797
0.0020589828491210938
0.002002716064453125
0.001489400863647461
0.0019118785858154297
0.0032023191452026367
0.0011792182922363281
0.0024793148040771484
0.0021268129348754883
0.0011701583862304688
0.0027205944061279297
0.0020886659622192383
0.0030298233032226562
0.000843048095703125
0.0020728111267089844
0.0023207664489746094
0.0037049055099487305
0.005438685417175293
0.0028429031372070312
0.0027674436569213867
0.004225015640258789
0.0023163557052612305
0.0017504692077636719
0.002445220947265625
0.0015294551849365234
0.0022172927856445312
0.0023245811462402344
0.0010879039764404297
0.0019243955612182617
0.0031780004501342773
0.004387021064758301
0.003665447235107422
0.0026968717575073242
0.0010523796081542969
0.002447366714477539
0.0019376277923583984
0.004807710647583008
0.002646803855895996
0.002955198287963867
0.002412557601928711
0.002912163734436035
0.0012760162353515625
0.001918792724609375
0.004554033279418945
0.0017826557159423828
0.002698183059692383
0.002094745635986328
0.0025420188903808594
0.0032508373260498047
0.0012311935424804688
0.0012590885162353516
0.0013136863708496094
0.0014774799346923828
0.0012156963348388672
0.0030710697174072266
0.0015366077423095703
0.002866029739379883
0.00202023983001709
0.0007503032684326172
0.001913905143737793
0.001595139503479004
0.0032434463500976562
0.0018010139465332031
0.0027964115142822266
0.002969503402709961
0.006128787994384766
0.0035135746002197266
0.0013718605041503906
0.0020749568939208984
0.002736330032348633
0.001142740249633789
0.0011701583862304688
0.0034962892532348633
0.0023179054260253906
0.0021953582763671875
0.0019655227661132812
0.0022420883178710938
0.0010669231414794922
0.0029685497283935547
0.0016498565673828125
0.001629948616027832
0.0015772581100463867
0.0020486116409301758
0.0021544694900512695
0.0017809867858886719
0.0027811527252197266
0.0020978450775146484
0.0024483203887939453
0.0010499954223632812
0.002454996109008789
0.002249002456665039
0.0018711090087890625
0.002257108688354492
0.0018935203552246094
0.001635909080505371
0.0024068355560302734
0.0052509307861328125
0.0018188953399658203
0.0018253326416015625
0.0028607845306396484
0.0030252933502197266
0.0019154548645019531
0.0021747350692749023
0.002378225326538086
0.0011260509490966797
0.0006248950958251953
0.00251007080078125
0.0026175975799560547
0.0026865005493164062
0.002672553062438965
0.002315044403076172
0.002362966537475586
0.002679586410522461
0.005179286003112793
0.0016407966613769531
0.002447962760925293
0.0018411874771118164
0.0011391639709472656
0.0011619329452514648
0.0017590522766113281
0.001394033432006836
0.00404047966003418
0.0013206005096435547
0.0019404888153076172
0.0014030933380126953
0.001168966293334961
0.0010688304901123047
0.0015524625778198242
0.00223696231842041
0.0011289119720458984
0.001758575439453125
0.002860546112060547
0.0011153221130371094
0.0028156042098999023
0.003609895706176758
0.002566099166870117
0.0015306472778320312
0.0016696453094482422
0.001894235610961914
0.0022737979888916016
0.002140522003173828
0.0022318363189697266
0.0019559860229492188
0.0017199516296386719
0.002248048782348633
0.0024764537811279297
0.001916646957397461
0.0018558502197265625
0.0017242431640625
0.0017981529235839844
0.0021605491638183594
0.0011010169982910156
0.002191305160522461
0.0031200647354125977
0.002986311912536621
0.0013585090637207031
0.0020470619201660156
0.002266407012939453
0.0013986825942993164
0.0029207468032836914
0.001833200454711914
0.0016202926635742188
0.004445552825927734
0.002772212028503418
0.004947066307067871
0.0013028383255004883
0.0022928714752197266
0.0008666515350341797
0.003373384475708008
0.0028777122497558594
0.0018358230590820312
0.0015454292297363281
0.0020711421966552734
0.0013468265533447266
0.001199483871459961
0.0025578737258911133
0.002426624298095703
0.00157928466796875
0.004214763641357422
0.0016663074493408203
0.0025742053985595703
0.0018396377563476562
0.001562356948852539
0.0024137496948242188
0.0016112327575683594
0.0015439987182617188
0.0025568008422851562
0.0008616447448730469
0.002299785614013672
0.002961277961730957
0.0015416145324707031
0.002381563186645508
0.00244903564453125
0.0019495487213134766
0.0014581680297851562
0.0017156600952148438
0.0015599727630615234
0.0011649131774902344
0.003667116165161133
0.0022454261779785156
0.0029163360595703125
0.002698183059692383
0.0024927854537963867
0.0023369789123535156
0.0016939640045166016
0.0009632110595703125
0.0017375946044921875
0.004514217376708984
0.003515005111694336
0.0016131401062011719
0.0011506080627441406
0.0016825199127197266
0.003174304962158203
0.0039212703704833984
0.001924753189086914
0.0021643638610839844
0.0010786056518554688
0.0015134811401367188
0.0020209550857543945
0.0013344287872314453
0.002289891242980957
0.0024328231811523438
0.001207113265991211
0.0015904903411865234
0.003379344940185547
0.0014834403991699219
0.0017247200012207031
0.0008900165557861328
0.0015668869018554688
0.000637054443359375
0.0020532608032226562
0.0016669034957885742
0.002607107162475586
0.0028061866760253906
0.002614736557006836
0.0014955997467041016
0.002721428871154785
0.0026175975799560547
0.002702951431274414
0.003133416175842285
0.002348184585571289
0.0013020038604736328
0.0021528005599975586
0.0020482540130615234
0.0009722709655761719
0.0025022029876708984
0.0022690296173095703
0.0008440017700195312
0.001765608787536621
0.0011379718780517578
0.0018687248229980469
0.0010228157043457031
0.0029044151306152344
0.0008482933044433594
0.0032160282135009766
0.0010311603546142578
0.0030705928802490234
0.0013098716735839844
0.002368450164794922
0.0030651092529296875
0.002572774887084961
0.0017502307891845703
0.001707315444946289
0.002096414566040039
0.0014879703521728516
0.0012624263763427734
0.0023450851440429688
0.0019745826721191406
0.0010535717010498047
0.0010440349578857422
0.0028645992279052734
0.0010018348693847656
0.0010693073272705078
0.0020194053649902344
0.002153158187866211
0.0013952255249023438
0.003595590591430664
0.0015292167663574219
0.002406597137451172
0.0019295215606689453
0.0040018558502197266
0.002431631088256836
0.0027780532836914062
0.00206756591796875
0.0018445253372192383
0.0022101402282714844
0.002184152603149414
0.0015697479248046875
0.0037146806716918945
0.003217935562133789
0.001074075698852539
0.0015925168991088867
0.0029686689376831055
0.001256704330444336
0.0016815662384033203
0.0017631053924560547
0.0009095668792724609
0.0024268627166748047
0.0013023614883422852
0.004391193389892578
0.0014449357986450195
0.00546574592590332
0.001249551773071289
0.002451658248901367
0.0013277530670166016
0.0017048120498657227
0.002321958541870117
0.001271963119506836
0.0018706321716308594
0.0018465518951416016
0.003864288330078125
0.0022094249725341797
0.0018172264099121094
0.000744938850402832
0.002322554588317871
0.0012284517288208008
0.002177000045776367
0.0020220279693603516
0.0010955333709716797
0.0009214878082275391
0.001569509506225586
0.0012907981872558594
0.0022683143615722656
0.0033140182495117188
0.001947641372680664
0.001119375228881836
0.0020580291748046875
0.0023670196533203125
0.0032806396484375
0.001287698745727539
0.0016014575958251953
0.001422882080078125
0.0010528564453125
0.0015485286712646484
0.0020923614501953125
0.002611875534057617
0.0027244091033935547
0.0011680126190185547
0.0037517547607421875
0.0022940635681152344
0.0031729936599731445
0.0024007558822631836
0.002331972122192383
0.002630949020385742
0.0007562637329101562
0.0010731220245361328
0.002824068069458008
0.002523183822631836
0.002164602279663086
0.0017104148864746094
0.001112222671508789
0.0006475448608398438
0.0024542808532714844
0.0014014244079589844
0.002854585647583008
0.002421140670776367
0.0010845661163330078
0.0016710758209228516
0.0021500587463378906
0.0012454986572265625
0.0034389495849609375
0.001398921012878418
0.0014727115631103516
0.0010707378387451172
0.0008809566497802734
0.0027260780334472656
0.0019118785858154297
0.0020995140075683594
0.0008459091186523438
0.0036939382553100586
0.0024988651275634766
0.0016815662384033203
0.002081632614135742
0.001712799072265625
0.0028640031814575195
0.002317190170288086
0.004100322723388672
0.0006361007690429688
0.001739501953125
0.002187013626098633
0.0019049644470214844
0.0014355182647705078
0.0023131370544433594
0.0016388893127441406
0.0013554096221923828
0.0017778873443603516
0.0008671283721923828
0.0019378662109375
0.002165555953979492
0.0026891231536865234
0.0031026601791381836
0.0016551017761230469
0.0014216899871826172
0.0016186237335205078
0.0018553733825683594
0.0024967193603515625
0.0010957717895507812
0.0015164613723754883
0.002031564712524414
0.0018379688262939453
0.0018663406372070312
0.0034341812133789062
0.0019636154174804688
0.0013599395751953125
0.0010557174682617188
0.0018079280853271484
0.0009081363677978516
0.0019664764404296875
0.0016131401062011719
0.002869725227355957
0.0020554065704345703
0.00147247314453125
0.0012738704681396484
0.001901865005493164
0.0010454654693603516
0.0012962818145751953
0.004015088081359863
0.002847433090209961
0.0015141963958740234
0.0022499561309814453
0.0014619827270507812
0.0026894807815551758
0.0020737648010253906
0.005648612976074219
0.002866506576538086
0.0013017654418945312
0.0015554428100585938
0.0019538402557373047
0.0011458396911621094
0.001415252685546875
0.001337289810180664
0.001131296157836914
0.0024521350860595703
0.001056671142578125
0.001180887222290039
0.003008127212524414
0.0015549659729003906
0.002134561538696289
0.0013499259948730469
0.0013649463653564453
0.002266407012939453
0.001255035400390625
0.0012593269348144531
0.001726388931274414
0.001499176025390625
0.0011324882507324219
0.001720428466796875
0.001953601837158203
0.0016434192657470703
0.002191781997680664
0.003662586212158203
0.0011794567108154297
0.0021036863327026367
0.002839207649230957
0.0022134780883789062
0.0023882389068603516
0.0012173652648925781
0.003786802291870117
0.0026404857635498047
0.0017659664154052734
0.0027968883514404297
0.002498626708984375
0.0023572444915771484
0.0007870197296142578
0.0009367465972900391
0.0014524459838867188
0.001138448715209961
0.0025835037231445312
0.0018715858459472656
0.0017323493957519531
0.001703023910522461
0.0029430389404296875
0.001284956932067871
0.0016124248504638672
0.001813650131225586
0.0015132427215576172
0.001216292381286621
0.0018336772918701172
0.0019385814666748047
0.0011000633239746094
0.0008606910705566406
0.0023807287216186523
0.0049746036529541016
0.0014519691467285156
0.0015578269958496094
0.001923680305480957
0.0024538040161132812
0.0026187896728515625
0.0014100074768066406
0.001837015151977539
0.0011830329895019531
0.0015330314636230469
0.0027132034301757812
0.0008679628372192383
0.0008440017700195312
0.0019435882568359375
0.0023500919342041016
0.0014066696166992188
0.0013642311096191406
0.0015083551406860352
0.003545999526977539
0.0039784908294677734
0.0017268657684326172
0.0015218257904052734
0.002869129180908203
0.0019347667694091797
0.0010645389556884766
0.00128936767578125
0.0010221004486083984
0.0011096000671386719
0.0023250579833984375
0.002239823341369629
0.002185344696044922
0.0023756027221679688
0.0025216341018676758
0.0040361881256103516
0.0022652149200439453
0.0016973018646240234
0.0022954940795898438
0.0011026859283447266
0.0013992786407470703
0.0015940666198730469
0.0011587142944335938
0.002317190170288086
0.0015721321105957031
0.0014165639877319336
0.0014309883117675781
0.0027086734771728516
0.0032864809036254883
0.0015494823455810547
0.0013146400451660156
0.0009832382202148438
0.0014472007751464844
0.0019774436950683594
0.0023643970489501953
0.002802610397338867
0.002256155014038086
0.0015482902526855469
0.00182342529296875
0.0017039775848388672
0.0013884305953979492
0.002739548683166504
0.0022339820861816406
0.003187417984008789
0.0023932456970214844
0.001611471176147461
0.0026044845581054688
0.00280916690826416
0.0010995864868164062
0.0010726451873779297
0.0018177032470703125
0.0023391246795654297
0.0008835792541503906
0.0013284683227539062
0.002236604690551758
0.002301931381225586
0.0019812583923339844
0.0013151168823242188
0.0030897855758666992
0.0009808540344238281
0.0010802745819091797
0.005563497543334961
0.0012273788452148438
0.0015172958374023438
0.0013687610626220703
0.000865936279296875
0.0024080276489257812
0.0023221969604492188
0.001499772071838379
0.0015864372253417969
0.0008554458618164062
0.0007226467132568359
0.0013265609741210938
0.0019088983535766602
0.0017118453979492188
0.0012563467025756836
0.002131938934326172
0.000885009765625
0.002316594123840332
0.0013501644134521484
0.0020624399185180664
0.0020341873168945312
0.001138448715209961
0.0015017986297607422
0.0021200180053710938
0.0010225772857666016
0.0012712478637695312
0.0011353492736816406
0.0014986991882324219
0.0022171735763549805
0.0016665458679199219
0.0018939971923828125
0.002005934715270996
0.0044171810150146484
0.0022966861724853516
0.0011565685272216797
0.004193663597106934
0.0036051273345947266
0.0032683610916137695
0.002675652503967285
0.001308441162109375
0.0009815692901611328
0.003695249557495117
0.001184701919555664
0.0009951591491699219
0.002085566520690918
0.002057790756225586
0.0031256675720214844
0.002577543258666992
0.002468109130859375
0.0015115737915039062
0.002731800079345703
0.0007175207138061523
0.0013277530670166016
0.001328587532043457
0.0022156238555908203
0.0008816719055175781
0.002808809280395508
0.0018818378448486328
0.0036355257034301758
0.003747224807739258
0.001322031021118164
0.002233266830444336
0.0015239715576171875
0.0019159317016601562
0.0010135173797607422
0.0010333061218261719
0.0011718273162841797
0.0014965534210205078
0.001203298568725586
0.0023412704467773438
0.0008318424224853516
0.0016331672668457031
0.0017304420471191406
0.001825094223022461
0.002925276756286621
0.0009694099426269531
0.0020172595977783203
0.0020389556884765625
0.0027251243591308594
0.0017153024673461914
0.000873565673828125
0.002132892608642578
0.0018270015716552734
0.0014095306396484375
0.0018597841262817383
0.00209808349609375
0.0007680654525756836
0.0011303424835205078
0.0006575584411621094
0.0030066967010498047
0.0006313323974609375
0.0012350082397460938
0.0015268325805664062
0.0012288093566894531
0.0027337074279785156
0.0023425817489624023
0.0018002986907958984
0.0007534027099609375
0.0013515949249267578
0.001959562301635742
0.0016705989837646484
0.0009181499481201172
0.0009529590606689453
0.003194451332092285
0.0016694068908691406
0.002115607261657715
0.0028100013732910156
0.004799246788024902
0.003795623779296875
0.0010647773742675781
0.0010132789611816406
0.0034210681915283203
0.002286195755004883
0.0018982887268066406
0.0011670589447021484
0.0019452571868896484
0.0009870529174804688
0.0009548664093017578
0.0005691051483154297
0.0010395050048828125
0.0014081001281738281
0.0027976036071777344
0.0044062137603759766
0.0029633045196533203
0.002008795738220215
0.0014503002166748047
0.0020020008087158203
0.002553582191467285
0.0037708282470703125
0.0017228126525878906
0.002324342727661133
0.0013408660888671875
0.0013034343719482422
0.002100706100463867
0.0022873878479003906
0.0019309520721435547
0.0020331144332885742
0.0009701251983642578
0.001857757568359375
0.0016846656799316406
0.0017495155334472656
0.0016617774963378906
0.0014958381652832031
0.0014841556549072266
0.0011548995971679688
0.0028722286224365234
0.0010831356048583984
0.0011777877807617188
0.0034537315368652344
0.0016734600067138672
0.003329753875732422
0.0018870830535888672
0.0010738372802734375
0.0009632110595703125
0.0021669864654541016
0.0016493797302246094
0.0017380714416503906
0.0019614696502685547
0.0014036893844604492
0.0015881061553955078
0.0035082101821899414
0.0019788742065429688
0.002371072769165039
0.0016014575958251953
0.00243532657623291
0.0006437301635742188
0.0012977123260498047
0.0013443231582641602
0.0019762516021728516
0.0008528232574462891
0.0017483234405517578
0.001863241195678711
0.0011098384857177734
0.0038949251174926758
0.0021677017211914062
0.002032756805419922
0.0021376609802246094
0.0013413429260253906
0.0028710365295410156
0.0016684532165527344
0.0016639232635498047
0.0021467208862304688
0.0015840530395507812
0.002666950225830078
0.0012621879577636719
0.0018720626831054688
0.0029497146606445312
0.0020008087158203125
0.0015456676483154297
0.0009808540344238281
0.001117706298828125
0.0016453266143798828
0.0014960765838623047
0.0007910728454589844
0.001771688461303711
0.002583742141723633
0.0010786056518554688
0.0019805431365966797
0.0015540122985839844
0.0015938282012939453
0.001577138900756836
0.0013706684112548828
0.0008440017700195312
0.0027773380279541016
0.001535654067993164
0.0020002126693725586
0.003042459487915039
0.002785921096801758
0.0037436485290527344
0.0013163089752197266
0.0038068294525146484
0.0014705657958984375
0.0015423297882080078
0.001085519790649414
0.0011935234069824219
0.0013267993927001953
0.00146484375
0.0023087263107299805
0.0016121864318847656
0.002277374267578125
0.0008304119110107422
0.0018033981323242188
0.00179290771484375
0.0033979415893554688
0.0010924339294433594
0.0020782947540283203
0.0018253326416015625
0.0021628141403198242
0.0013337135314941406
0.0018930435180664062
0.0014612674713134766
0.0019311904907226562
0.0008628368377685547
0.0021026134490966797
0.003927946090698242
0.0009598731994628906
0.0015387535095214844
0.0028280019760131836
0.0008453130722045898
0.0018634796142578125
0.0018041133880615234
0.001806497573852539
0.002228856086730957
0.003552675247192383
0.0016069412231445312
0.0015096664428710938
0.002263307571411133
0.0018062591552734375
0.0016102790832519531
0.0012102127075195312
0.002997875213623047
0.0023794174194335938
0.0028324127197265625
0.0014591217041015625
0.0027837753295898438
0.00152587890625
0.0026352405548095703
0.0012934207916259766
0.0029668807983398438
0.0009816884994506836
0.0017666816711425781
0.0014121532440185547
0.0018992424011230469
0.0035762786865234375
0.0029633045196533203
0.0007846355438232422
0.001001119613647461
0.0011951923370361328
0.0016896724700927734
0.0023202896118164062
0.0018534660339355469
0.0012297630310058594
0.0017228126525878906
0.0014972686767578125
0.0007491111755371094
0.0016872882843017578
0.0007660388946533203
0.0014412403106689453
0.0026748180389404297
0.0030869245529174805
0.0009703636169433594
0.002933502197265625
0.0048084259033203125
0.001817941665649414
0.0020461082458496094
0.001743316650390625
0.0007963180541992188
0.0015115737915039062
0.0013835430145263672
0.0025436878204345703
0.0010957717895507812
0.0024127960205078125
0.0015034675598144531
0.0016641616821289062
0.0016014575958251953
0.003266453742980957
0.0013179779052734375
0.0013427734375
0.0017712116241455078
0.002919912338256836
0.0019551515579223633
0.001986265182495117
0.0019359588623046875
0.001811981201171875
0.0013165473937988281
0.0020716190338134766
0.0012900829315185547
0.0013647079467773438
0.001752614974975586
0.0015424489974975586
0.0014028549194335938
0.0027065277099609375
0.0015804767608642578
0.0019309520721435547
0.001220703125
0.0011775493621826172
0.002358675003051758
0.0020432472229003906
0.0017864704132080078
0.002559661865234375
0.0011559724807739258
0.0013769865036010742
0.002977132797241211
0.0009377002716064453
0.004336357116699219
0.0014536380767822266
0.001010894775390625
0.003439188003540039
0.0014612674713134766
0.002064228057861328
0.001621246337890625
0.0012879371643066406
0.0013916492462158203
0.0025213956832885742
0.0013093948364257812
0.001039743423461914
0.0015175342559814453
0.0014903545379638672
0.0022287368774414062
0.003744840621948242
0.0012047290802001953
0.0012760162353515625
0.002038717269897461
0.001392364501953125
0.002655029296875
0.0018613338470458984
0.0009813308715820312
0.0022656917572021484
0.0018193721771240234
0.0008358955383300781
