325.2710425853729
324.8008756637573
324.95373487472534
325.3766610622406
324.6350657939911
325.1059353351593
324.3551127910614
324.45585584640503
324.2849979400635
324.1280047893524
323.81602025032043
323.93883323669434
323.7144694328308
323.8086051940918
322.95042872428894
323.22595596313477
322.9674479961395
322.96932673454285
322.72780299186707
322.60500597953796
322.9769642353058
322.57614946365356
322.7188811302185
322.58719086647034
322.235488653183
322.0274257659912
322.0509605407715
321.6860773563385
321.8852159976959
322.13172006607056
321.9448425769806
321.84145307540894
321.59161162376404
321.35160279273987
321.3940443992615
321.3345754146576
320.5934326648712
321.1142075061798
320.9276394844055
320.7466096878052
320.5060307979584
320.55584359169006
320.67462706565857
320.3418343067169
320.5390045642853
320.18522453308105
320.5541338920593
320.07521867752075
319.5325698852539
320.0669765472412
320.4569914340973
320.75178956985474
319.7746744155884
319.0039303302765
319.30282711982727
319.1330144405365
319.038711309433
319.56738901138306
319.35693621635437
318.53920125961304
319.0327446460724
319.41768765449524
319.40002608299255
318.5344395637512
318.79533076286316
318.1938445568085
318.70962381362915
318.3728313446045
318.39314675331116
318.0588128566742
317.41584038734436
318.17635321617126
318.4307482242584
318.4561848640442
318.23849534988403
318.4114947319031
317.9016926288605
317.7337954044342
318.1431863307953
318.1395785808563
317.9870517253876
317.9327230453491
317.97266697883606
317.8853840827942
317.8032007217407
318.0904884338379
317.4688014984131
318.6203501224518
318.2378034591675
317.86372351646423
318.32189536094666
318.033771276474
318.11508798599243
318.2557919025421
317.52627182006836
317.9756188392639
317.80367946624756
318.04271364212036
317.9424021244049
317.53048849105835
318.03826546669006
318.1127953529358
317.839816570282
317.2489655017853
317.63199853897095
317.53731656074524
317.71933245658875
317.14325284957886
317.2727952003479
317.70289850234985
317.6549623012543
317.77847027778625
317.38651490211487
317.5879657268524
316.95646262168884
317.34932827949524
317.0931270122528
317.6428644657135
316.9619126319885
317.1723141670227
316.40836358070374
317.2880766391754
316.4931638240814
316.5476427078247
316.4276616573334
316.6480493545532
315.4184272289276
315.48222732543945
316.16954708099365
315.38374614715576
314.62273478507996
312.55136466026306
311.81918478012085
310.0816054344177
307.4180929660797
303.8352882862091
295.15317153930664
290.271413564682
283.67954683303833
278.6101932525635
266.8564488887787
264.8037542104721
262.6666258573532
248.49582695960999
245.1494164466858
234.00205552577972
227.76385593414307
221.83628010749817
215.3203181028366
207.18398356437683
197.45510268211365
190.48960649967194
186.78439831733704
191.46959215402603
182.03234946727753
179.66060423851013
173.16488242149353
171.3057166337967
155.9072003364563
157.4098590016365
153.1205522119999
147.19147861003876
147.45532554388046
147.52037811279297
147.00362092256546
140.90984094142914
134.85930103063583
133.41569793224335
131.05863320827484
127.5896320939064
124.3716830611229
115.43108505010605
118.74015021324158
112.81084847450256
114.61231279373169
112.8585296869278
113.73117026686668
108.39426809549332
103.15133434534073
103.08641666173935
92.68938660621643
93.53235822916031
99.1501253247261
97.1048287153244
89.5250032544136
85.78291040658951
87.90302711725235
84.5690196454525
81.44846785068512
72.85325801372528
86.60989159345627
79.5031007528305
79.3125527203083
75.83653765916824
70.21697580814362
74.39213192462921
68.70793110132217
65.7691356241703
71.28380557894707
61.57959359884262
62.068822622299194
61.09060204029083
62.43149757385254
64.27852386236191
60.799370497465134
53.3282590508461
61.90898394584656
61.29845908284187
50.847342133522034
47.145470321178436
45.42342406511307
52.10331004858017
45.58767759799957
44.01291459798813
49.900798201560974
44.87803611159325
48.35419815778732
42.82235360145569
41.497223407030106
39.21310359239578
37.96568816900253
43.828733175992966
38.4810756444931
38.79426145553589
38.08097195625305
37.10673999786377
37.62326303124428
33.0560145676136
38.44915521144867
33.92972379922867
30.06270244717598
35.04894530773163
31.371609181165695
27.112533390522003
27.99587070941925
29.013618648052216
31.81925967335701
25.0332071185112
27.796364724636078
20.458417236804962
21.97083407640457
20.50667643547058
26.729172587394714
24.602475881576538
21.716506868600845
25.17708247900009
18.440867602825165
19.781861007213593
14.355890452861786
19.587611705064774
19.532045930624008
20.778024435043335
22.607139825820923
18.462859988212585
16.977817982435226
14.941199749708176
16.326551139354706
14.19767040014267
12.81794673204422
20.122428357601166
15.810967117547989
14.628034055233002
16.459098726511
13.218714773654938
18.179689347743988
17.831836104393005
13.161011278629303
9.299916505813599
10.295179545879364
13.0980144739151
14.081821858882904
9.167464137077332
5.984066516160965
5.9342400431633
10.70899087190628
6.7521891593933105
8.321606874465942
8.821085274219513
6.968103408813477
9.991106390953064
9.113038808107376
10.283097803592682
6.532750964164734
14.374693930149078
10.639739513397217
6.061416506767273
5.70727801322937
3.893872857093811
5.270551800727844
9.282850444316864
9.503307580947876
5.688428521156311
4.032778978347778
6.015676379203796
13.967271327972412
12.729215383529663
7.133235812187195
3.1820216178894043
2.53873610496521
2.335014581680298
4.028978228569031
7.4939544796943665
4.13698136806488
3.809140205383301
10.804696083068848
8.612558215856552
4.9178116619586945
3.229105532169342
1.5200605392456055
3.160155773162842
3.5745972096920013
6.034224987030029
3.3480802178382874
6.818588078022003
3.034921705722809
3.0846933126449585
1.1460316181182861
2.171728014945984
7.668529987335205
6.221845805644989
3.514191746711731
4.403951436281204
1.7096766233444214
0.9584554433822632
0.8355443477630615
1.137547641992569
1.541350245475769
0.8536412715911865
2.22835910320282
1.1738008260726929
1.8843571543693542
8.060205340385437
10.045979976654053
8.356461644172668
2.7639888525009155
3.3659376204013824
4.436877965927124
2.2574219703674316
3.262183904647827
4.404597878456116
1.2716871500015259
0.7376710176467896
0.7950543165206909
0.6382701992988586
0.38925111293792725
0.6101336479187012
4.10367739200592
1.3957027196884155
0.9776204824447632
0.4842606782913208
0.4225313663482666
0.9456334114074707
1.6303318738937378
0.3751242756843567
0.37526488304138184
0.2750413417816162
0.44431066513061523
0.29843950271606445
0.8740715980529785
0.7747757434844971
0.49019086360931396
0.3391544818878174
0.20949149131774902
2.367708921432495
9.718699097633362
6.19596990942955
4.939404726028442
1.9376099109649658
0.9435057640075684
2.769019365310669
3.1314997375011444
0.9243922233581543
0.5283024311065674
0.5645722150802612
0.3809455633163452
0.2731665372848511
0.2720969319343567
0.23489594459533691
0.24402868747711182
0.21834838390350342
0.423257440328598
0.23503422737121582
0.15731608867645264
0.4093875288963318
0.1603529453277588
0.200911283493042
0.16894519329071045
0.1769716739654541
0.16231107711791992
0.449296236038208
0.6382927298545837
5.541572690010071
1.794623851776123
1.3196880221366882
2.3446441888809204
0.3441733121871948
0.4545494318008423
0.2462579607963562
0.3089226484298706
0.24718713760375977
0.23511594533920288
0.19505900144577026
0.24510133266448975
0.20801180601119995
0.3191746473312378
0.26038479804992676
0.41306471824645996
0.48637545108795166
2.444971799850464
0.316675066947937
0.20008468627929688
0.23810100555419922
0.29242002964019775
0.1631302833557129
0.18594932556152344
0.12981963157653809
0.10430002212524414
0.09125274419784546
0.15950465202331543
0.16232019662857056
0.11648797988891602
0.1165623664855957
0.10200119018554688
0.11071348190307617
0.13739442825317383
0.3145132064819336
0.1145932674407959
0.12675994634628296
0.16015374660491943
0.13440245389938354
0.10676276683807373
0.20313268899917603
0.11954307556152344
0.12012076377868652
0.0775907039642334
0.11906909942626953
0.11943387985229492
0.08812761306762695
0.11495232582092285
0.0858614444732666
0.10688984394073486
0.07721424102783203
0.10041427612304688
0.08844900131225586
0.07515692710876465
0.07861006259918213
0.10468912124633789
0.07803952693939209
0.06572222709655762
0.07791256904602051
0.07488417625427246
0.06418490409851074
0.08391106128692627
0.06538891792297363
0.1514849066734314
0.06697583198547363
0.07115185260772705
0.09687674045562744
0.07994222640991211
0.07599782943725586
0.10130095481872559
0.07127344608306885
0.05962514877319336
0.07368588447570801
0.07377409934997559
0.08341741561889648
0.06637859344482422
0.06755995750427246
0.11164975166320801
0.0648653507232666
0.0845186710357666
0.07417470216751099
0.06916356086730957
0.07421159744262695
0.06669330596923828
0.08239102363586426
0.08536791801452637
0.06279754638671875
0.0581820011138916
0.060511231422424316
0.057070255279541016
0.06691360473632812
0.05618476867675781
0.04840207099914551
0.05609393119812012
0.04974794387817383
0.04740142822265625
0.056755661964416504
0.04984688758850098
0.049884796142578125
0.06980061531066895
0.08771193027496338
0.07206106185913086
0.06613397598266602
0.056784629821777344
0.08538997173309326
0.05198538303375244
0.05833601951599121
0.05805468559265137
0.06329727172851562
0.055178046226501465
0.06754922866821289
0.050817012786865234
0.051381826400756836
0.04765510559082031
0.08678662776947021
0.04913663864135742
0.06980866193771362
0.06873822212219238
0.05409348011016846
0.04244494438171387
0.04357337951660156
0.05757260322570801
0.047760725021362305
0.05186605453491211
0.06103825569152832
0.056387901306152344
0.043402910232543945
0.05319380760192871
0.040326833724975586
0.05474424362182617
0.05452322959899902
0.05748558044433594
0.05239510536193848
0.05369734764099121
0.043639421463012695
0.05023813247680664
0.05864977836608887
0.03221917152404785
0.05929851531982422
0.043421268463134766
0.08501756191253662
0.046924591064453125
0.06184685230255127
0.037125349044799805
0.040935516357421875
0.07039833068847656
0.039638519287109375
0.044274330139160156
0.06346482038497925
0.06615877151489258
0.051853060722351074
0.03995943069458008
0.03822612762451172
0.06036806106567383
0.047293663024902344
0.04285001754760742
0.05496335029602051
0.03603816032409668
0.060411930084228516
0.053781747817993164
0.04379403591156006
0.037367820739746094
0.043756961822509766
0.041322946548461914
0.044376254081726074
0.035978078842163086
0.048381805419921875
0.050717830657958984
0.04766356945037842
0.03624701499938965
0.04742097854614258
0.03958606719970703
0.05244898796081543
0.033857107162475586
0.04097604751586914
0.03804659843444824
0.03894686698913574
0.04817557334899902
0.05091458559036255
0.03940153121948242
0.027508974075317383
0.046410322189331055
0.04864394664764404
0.040434837341308594
0.04962301254272461
0.03448903560638428
0.04849720001220703
0.049958229064941406
0.03165936470031738
0.04042696952819824
0.045700788497924805
0.04061484336853027
0.048033714294433594
0.04532051086425781
0.03769421577453613
0.03330492973327637
0.045821189880371094
0.03589582443237305
0.029368877410888672
0.0461428165435791
0.04423832893371582
0.047414302825927734
0.046920061111450195
0.04121971130371094
0.04043841361999512
0.034319400787353516
0.03774118423461914
0.04090571403503418
0.04013466835021973
0.04025101661682129
0.04239678382873535
0.04266715049743652
0.04162192344665527
0.04003000259399414
0.042920827865600586
0.0448986291885376
0.029195547103881836
0.04701828956604004
0.049910545349121094
0.03785347938537598
0.037468671798706055
0.03642749786376953
0.03196430206298828
0.03437495231628418
0.032631635665893555
0.03955245018005371
0.030091524124145508
0.03259873390197754
0.03298139572143555
0.03852081298828125
0.03433942794799805
0.03586459159851074
0.031893372535705566
0.02557826042175293
0.03661608695983887
0.04274106025695801
0.06485652923583984
0.04296994209289551
0.03461050987243652
0.04823136329650879
0.03483319282531738
0.03370368480682373
0.035737037658691406
0.041948795318603516
0.03416037559509277
0.034145474433898926
0.04349517822265625
0.03407549858093262
0.03342843055725098
0.03873097896575928
0.03898334503173828
0.037424325942993164
0.04021883010864258
0.04094266891479492
0.0403134822845459
0.04969453811645508
0.032991647720336914
0.033057212829589844
0.04272961616516113
0.035088300704956055
0.024278640747070312
0.03554368019104004
0.0536036491394043
0.033116817474365234
0.038617610931396484
0.04381108283996582
0.027196884155273438
0.02876758575439453
0.03696024417877197
0.03493058681488037
0.037163496017456055
0.030906081199645996
0.037906646728515625
0.03153681755065918
0.019772052764892578
0.035680532455444336
0.036835432052612305
0.03834247589111328
0.027369976043701172
0.030629396438598633
0.03138256072998047
0.03512239456176758
0.03823959827423096
0.029604434967041016
0.03327012062072754
0.038588762283325195
0.03553175926208496
0.03675508499145508
0.024965405464172363
0.04057025909423828
0.039382219314575195
0.03400588035583496
0.02573084831237793
0.03108811378479004
0.028741836547851562
0.036345720291137695
0.036913156509399414
0.02819347381591797
0.03651338815689087
0.03129243850708008
0.035225749015808105
0.03943753242492676
0.026451826095581055
0.0378110408782959
0.02799510955810547
0.04079854488372803
0.02926468849182129
0.032711029052734375
0.030600547790527344
0.0306549072265625
0.030513525009155273
0.029485225677490234
0.03276407718658447
0.04224276542663574
0.027790307998657227
0.035749197006225586
0.029251575469970703
0.032796621322631836
0.03593897819519043
0.027557373046875
0.02513742446899414
0.029427409172058105
0.034096479415893555
0.033136606216430664
0.03256416320800781
0.03546762466430664
0.03535604476928711
0.02934408187866211
0.030985355377197266
0.031103134155273438
0.029238462448120117
0.028486967086791992
0.026382923126220703
0.031294941902160645
0.030498504638671875
0.03150582313537598
0.029876708984375
0.03547787666320801
0.02144002914428711
0.01989269256591797
0.04055428504943848
0.03220558166503906
0.031188666820526123
0.036688804626464844
0.027106285095214844
0.0287628173828125
0.03774547576904297
0.030068159103393555
0.027370214462280273
0.03181564807891846
0.03514409065246582
0.030965566635131836
0.026628732681274414
0.03628110885620117
0.032305002212524414
0.029422402381896973
0.02883768081665039
0.022382497787475586
0.03406727313995361
0.03753972053527832
0.03720027208328247
0.026097774505615234
0.028441429138183594
0.024789094924926758
0.02372443675994873
0.031113147735595703
0.028280973434448242
0.033855438232421875
0.03327035903930664
0.026322126388549805
0.025254249572753906
0.029210567474365234
0.03433632850646973
0.029286861419677734
0.028026342391967773
0.027365446090698242
0.04108023643493652
0.03228640556335449
0.029990196228027344
0.0280458927154541
0.027768850326538086
0.018560171127319336
0.025930404663085938
0.025849580764770508
0.03153634071350098
0.03352546691894531
0.02649855613708496
0.030344247817993164
0.033963680267333984
0.03223848342895508
0.03464007377624512
0.034583091735839844
0.02988290786743164
0.031093835830688477
0.0276339054107666
0.025212526321411133
0.029053568840026855
0.027820348739624023
0.02496647834777832
0.022462129592895508
0.03764057159423828
0.026963472366333008
0.024303436279296875
0.02821063995361328
0.029460906982421875
0.02465367317199707
0.024906158447265625
0.02826857566833496
0.033079683780670166
0.0308382511138916
0.034562110900878906
0.024852991104125977
0.02722477912902832
0.026613831520080566
0.02998495101928711
0.03615689277648926
0.026547908782958984
0.023781776428222656
0.02620697021484375
0.025426626205444336
0.030359268188476562
0.03010106086730957
0.036676645278930664
0.029345989227294922
0.021730661392211914
0.027921199798583984
0.032784342765808105
0.027299165725708008
0.02986931800842285
0.027208566665649414
0.020429611206054688
0.032806396484375
0.027382731437683105
0.027676820755004883
0.02354145050048828
0.023105859756469727
0.04180097579956055
0.026232242584228516
0.020288944244384766
0.03365302085876465
0.022641897201538086
0.026598095893859863
0.018681049346923828
0.02070784568786621
0.03572314977645874
0.023863792419433594
0.03229713439941406
0.025339365005493164
0.03182482719421387
0.03105640411376953
0.03355693817138672
0.02732253074645996
0.021862268447875977
0.03433585166931152
0.027724266052246094
0.02298116683959961
0.024712562561035156
0.031215906143188477
0.024564027786254883
0.030957579612731934
0.025481462478637695
0.02239251136779785
0.03555130958557129
0.027271032333374023
0.028945207595825195
0.02754950523376465
0.03007674217224121
0.021842002868652344
0.03171348571777344
0.0229184627532959
0.03142833709716797
0.02564072608947754
0.02816462516784668
0.03096628189086914
0.033091187477111816
0.025387287139892578
0.026850223541259766
0.020881175994873047
0.029857873916625977
0.029730558395385742
0.024409055709838867
0.02414536476135254
0.02307748794555664
0.028210878372192383
0.02340543270111084
0.027390003204345703
0.023876667022705078
0.023495197296142578
0.0272824764251709
0.027240395545959473
0.025875329971313477
0.02676379680633545
0.02553701400756836
0.0216141939163208
0.023899316787719727
0.029688596725463867
0.02877211570739746
0.02201700210571289
0.021025657653808594
0.017943859100341797
0.024990320205688477
0.0224609375
0.030701637268066406
0.03791522979736328
0.02763509750366211
0.023921489715576172
0.03189682960510254
0.023580193519592285
0.0312650203704834
0.02568221092224121
0.026282548904418945
0.026827573776245117
0.02128148078918457
0.023176908493041992
0.03211069107055664
0.030667781829833984
0.025437116622924805
0.019567251205444336
0.026407957077026367
0.02361297607421875
0.03648662567138672
0.029430866241455078
0.02821826934814453
0.01943504810333252
0.030269861221313477
0.024547338485717773
0.02898430824279785
0.01716899871826172
0.02160191535949707
0.025068998336791992
0.032868146896362305
0.026339292526245117
0.02268052101135254
0.03282523155212402
0.025614500045776367
0.024440526962280273
0.03376901149749756
0.0268402099609375
0.01841425895690918
0.022022247314453125
0.031059980392456055
0.03168201446533203
0.021441221237182617
0.031146764755249023
0.02734971046447754
0.027240276336669922
0.029794931411743164
0.023312807083129883
0.03628277778625488
0.025395870208740234
0.021513700485229492
0.024258136749267578
0.02507495880126953
0.019558429718017578
0.030664443969726562
0.01869964599609375
0.020383119583129883
0.03290712833404541
0.024644136428833008
0.019524335861206055
0.023618459701538086
0.01774454116821289
0.032273292541503906
0.022932052612304688
0.022177457809448242
0.03695964813232422
0.019691944122314453
0.0289456844329834
0.02963399887084961
0.03006768226623535
0.030548810958862305
0.02805185317993164
0.026467084884643555
0.02456355094909668
0.017455339431762695
0.024289369583129883
0.030035734176635742
0.025117874145507812
0.02242732048034668
0.02202606201171875
0.020636320114135742
0.021004319190979004
0.02238297462463379
0.025465011596679688
0.026957035064697266
0.02027297019958496
0.02100682258605957
0.02782618999481201
0.027735233306884766
0.026750564575195312
0.021733522415161133
0.025545477867126465
0.023425817489624023
0.02560138702392578
0.024486541748046875
0.028392314910888672
0.025425195693969727
0.02611708641052246
0.027930259704589844
0.02707672119140625
0.030689239501953125
0.023938655853271484
0.03170657157897949
0.02354598045349121
0.02056264877319336
0.024374961853027344
0.02782130241394043
0.019133329391479492
0.019303560256958008
0.020499229431152344
0.026003360748291016
0.024072647094726562
0.026746630668640137
0.022634387016296387
0.033141374588012695
0.02180171012878418
0.02563309669494629
0.029695749282836914
0.029183268547058105
0.02095174789428711
0.019782304763793945
0.016902923583984375
0.02288675308227539
0.030960798263549805
0.024491548538208008
0.024274587631225586
0.021293163299560547
0.023946642875671387
0.02399468421936035
0.02487039566040039
0.0235750675201416
0.02271437644958496
0.019681930541992188
0.02664041519165039
0.020075082778930664
0.016302824020385742
0.03146052360534668
0.0250699520111084
0.02321934700012207
0.0213625431060791
0.024300813674926758
0.027672767639160156
0.019556283950805664
0.026006460189819336
0.023867130279541016
0.020300626754760742
0.025879502296447754
0.02590179443359375
0.022382497787475586
0.02745366096496582
0.02612614631652832
0.023484349250793457
0.02941417694091797
0.02181720733642578
0.033114612102508545
0.02887272834777832
0.023651123046875
0.022866249084472656
0.030900955200195312
0.02889418601989746
0.025477051734924316
0.022551536560058594
0.017510414123535156
0.02318716049194336
0.023737788200378418
0.02566230297088623
0.028766155242919922
0.02604818344116211
0.0213015079498291
0.023337841033935547
0.02582097053527832
0.0251920223236084
0.02005314826965332
0.021311044692993164
0.02625751495361328
0.027481555938720703
0.02845311164855957
0.0272371768951416
0.022687911987304688
0.027518510818481445
0.032224178314208984
0.02309238910675049
0.019971847534179688
0.021730542182922363
0.0216829776763916
0.024554729461669922
0.018274545669555664
0.021074295043945312
0.020964384078979492
0.03025507926940918
0.02409958839416504
0.023035526275634766
0.018465757369995117
0.027757883071899414
0.01880168914794922
0.021698951721191406
0.02599930763244629
0.030439138412475586
0.02426767349243164
0.018526315689086914
0.02301812171936035
0.02696084976196289
0.02552056312561035
0.02893662452697754
0.02446746826171875
0.026288270950317383
0.02887105941772461
0.019004523754119873
0.02927422523498535
0.02367711067199707
0.020602941513061523
0.025742053985595703
0.026323795318603516
0.022600412368774414
0.017557621002197266
0.028493642807006836
0.023909330368041992
0.022195816040039062
0.01866304874420166
0.018866777420043945
0.031960248947143555
0.02188396453857422
0.02164173126220703
0.019885540008544922
0.02238631248474121
0.024381637573242188
0.019307613372802734
0.03290390968322754
0.02233123779296875
0.018862009048461914
0.02046656608581543
0.02789127826690674
0.027028322219848633
0.025542259216308594
0.03049468994140625
0.025159120559692383
0.015872955322265625
0.022915124893188477
0.024011850357055664
0.027022838592529297
0.026285648345947266
0.019748687744140625
0.029972434043884277
0.01887965202331543
0.02276468276977539
0.01934027671813965
0.02482438087463379
0.023234128952026367
0.023946046829223633
0.01956462860107422
0.01922750473022461
0.02841019630432129
0.025205373764038086
0.02324831485748291
0.01885509490966797
0.02664351463317871
0.021181583404541016
0.024219274520874023
0.02170395851135254
0.01981329917907715
0.03158611059188843
0.023601293563842773
0.018868446350097656
0.02053523063659668
0.024717330932617188
0.025807857513427734
0.02697920799255371
0.02152705192565918
0.02669215202331543
0.019402742385864258
0.016614437103271484
0.025436878204345703
0.019590377807617188
0.018347740173339844
0.023031949996948242
0.022196292877197266
0.02508854866027832
0.02552032470703125
0.0223696231842041
0.024046897888183594
0.01812744140625
0.01851820945739746
0.026851534843444824
0.02222609519958496
0.01726675033569336
0.028286278247833252
0.023239612579345703
0.025444626808166504
0.026696443557739258
0.0309140682220459
0.022068381309509277
0.02510690689086914
0.024753093719482422
0.02468109130859375
0.02257561683654785
0.025007247924804688
0.020915746688842773
0.026353001594543457
0.021413326263427734
0.01605963706970215
0.023895740509033203
0.028912067413330078
0.023261547088623047
0.022654056549072266
0.024163007736206055
0.023389577865600586
0.021329879760742188
0.028351306915283203
0.018604516983032227
0.019881844520568848
0.02072906494140625
0.03528785705566406
0.020282983779907227
0.031810760498046875
0.018626689910888672
0.028157472610473633
0.022863388061523438
0.016504764556884766
0.024232864379882812
0.023821115493774414
0.020494937896728516
0.020140409469604492
0.02146172523498535
0.02102947235107422
0.02931690216064453
0.02026653289794922
0.016370296478271484
0.027674198150634766
0.029040098190307617
0.018049955368041992
0.020391464233398438
0.024679183959960938
0.024928808212280273
0.03133845329284668
0.030156850814819336
0.02179574966430664
0.020438671112060547
0.01918625831604004
0.025273799896240234
0.02153801918029785
0.02040386199951172
0.02649688720703125
0.019008874893188477
0.022351741790771484
0.022845029830932617
0.01651144027709961
0.0247650146484375
0.023012399673461914
0.026023149490356445
0.020025968551635742
0.022373199462890625
0.018625259399414062
0.02995467185974121
0.019324064254760742
0.0303267240524292
0.023301243782043457
0.02287149429321289
0.018449068069458008
0.017149686813354492
0.025816679000854492
0.02441883087158203
0.025550127029418945
0.026270151138305664
0.022207021713256836
0.027632474899291992
0.02182149887084961
0.018024921417236328
0.024410486221313477
0.021297693252563477
0.027039527893066406
0.017323732376098633
0.019587039947509766
0.021693944931030273
0.03148508071899414
0.023329734802246094
0.019926071166992188
0.03258848190307617
0.026994407176971436
0.02401912212371826
0.020433902740478516
0.02308642864227295
0.0206906795501709
0.028164267539978027
0.019598007202148438
0.02833867073059082
0.02377772331237793
0.025061964988708496
0.02524280548095703
0.026491641998291016
0.022644996643066406
0.02081155776977539
0.0241086483001709
0.027798175811767578
0.014083385467529297
0.018614530563354492
0.01895594596862793
0.016643047332763672
0.024745941162109375
0.013837337493896484
0.017351865768432617
0.02419900894165039
0.028199195861816406
0.022294998168945312
0.020363569259643555
0.022064924240112305
0.021761655807495117
0.024160265922546387
0.025932788848876953
0.019812822341918945
0.02321648597717285
0.019336223602294922
0.020235538482666016
0.024831533432006836
0.02740955352783203
0.022629737854003906
0.027678847312927246
0.020232558250427246
0.015257120132446289
0.023022174835205078
0.024137020111083984
0.021159648895263672
0.02314448356628418
0.01849842071533203
0.01824331283569336
0.025342464447021484
0.02118539810180664
0.02262592315673828
0.019498348236083984
0.028484582901000977
0.02168583869934082
0.020879626274108887
0.021526813507080078
0.02876877784729004
0.021466732025146484
0.02864968776702881
0.027373075485229492
0.020108699798583984
0.023286819458007812
0.01968097686767578
0.0257871150970459
0.022071778774261475
0.025765419006347656
0.029224157333374023
0.026032686233520508
0.021175861358642578
0.0225980281829834
0.0250394344329834
0.01782512664794922
0.019375085830688477
0.023293495178222656
0.023272991180419922
0.019296646118164062
0.020700931549072266
0.016036033630371094
0.027723073959350586
0.022078275680541992
0.020658493041992188
0.017642736434936523
0.02095937728881836
0.01926732063293457
0.019156217575073242
0.02896416187286377
0.027547121047973633
0.02180624008178711
0.02893972396850586
0.018184661865234375
0.021860837936401367
0.0226747989654541
0.023728370666503906
0.02375054359436035
0.0191190242767334
0.03193521499633789
0.024515151977539062
0.02274322509765625
0.025735139846801758
0.021146059036254883
0.02401447296142578
0.016887903213500977
0.019768238067626953
0.02351093292236328
0.021624088287353516
0.023871421813964844
0.02229595184326172
0.024628162384033203
0.019049644470214844
0.02716064453125
0.01881265640258789
0.020250797271728516
0.0236814022064209
0.022657155990600586
0.022762298583984375
0.02563166618347168
0.022524356842041016
0.02288985252380371
0.02031540870666504
0.018875837326049805
0.01908397674560547
0.02513265609741211
0.02573108673095703
0.017764806747436523
0.016867756843566895
0.022486567497253418
0.02799391746520996
0.017771244049072266
0.022991418838500977
0.02063131332397461
0.02419567108154297
0.021642446517944336
0.015722274780273438
0.023337364196777344
0.013656377792358398
0.025058507919311523
0.021059751510620117
0.03123021125793457
0.015630364418029785
0.01862931251525879
0.025013208389282227
0.025475025177001953
0.029887914657592773
0.027321338653564453
0.032010555267333984
0.023111581802368164
0.01809382438659668
0.02294754981994629
0.01981806755065918
0.016525983810424805
0.020625829696655273
0.017470598220825195
0.02192997932434082
0.023037195205688477
0.028545141220092773
0.02023637294769287
0.02587890625
0.020801067352294922
0.025607824325561523
0.021091938018798828
0.026285529136657715
0.019121646881103516
0.03036212921142578
0.028507471084594727
0.028537988662719727
0.025016069412231445
0.02220773696899414
0.019288837909698486
0.023894548416137695
0.017882585525512695
0.0188140869140625
0.020403146743774414
0.023059606552124023
0.017640113830566406
0.018297433853149414
0.024797677993774414
0.022235989570617676
0.023996829986572266
0.017947912216186523
0.030566692352294922
0.01867985725402832
0.018560409545898438
0.026458024978637695
0.019500136375427246
0.018808603286743164
0.027231931686401367
0.02385711669921875
0.023614168167114258
0.020830154418945312
0.016695022583007812
0.0214688777923584
0.026563167572021484
0.020363807678222656
0.0202178955078125
0.026961803436279297
0.022249221801757812
0.021146535873413086
0.024548053741455078
0.022986173629760742
0.025038838386535645
0.02404332160949707
0.017693758010864258
0.023732423782348633
0.020627379417419434
0.022431612014770508
0.022610187530517578
0.019507646560668945
0.016800403594970703
0.024466753005981445
0.019484519958496094
0.024794816970825195
0.02180004119873047
0.022982120513916016
0.01801586151123047
0.020514249801635742
0.025125503540039062
0.030013561248779297
0.013622522354125977
0.028795957565307617
0.02395784854888916
0.021677255630493164
0.0184781551361084
0.01876091957092285
0.01936936378479004
0.02044820785522461
0.03231334686279297
0.019569873809814453
0.024141550064086914
0.024482250213623047
0.023100078105926514
0.018897056579589844
0.01807713508605957
0.023156166076660156
0.01992344856262207
0.023488521575927734
0.017127513885498047
0.017671823501586914
0.0269014835357666
0.022246599197387695
0.01905059814453125
0.029507875442504883
0.02682018280029297
0.0236203670501709
0.02435755729675293
0.02109217643737793
0.027958393096923828
0.02015829086303711
0.022338390350341797
0.023833751678466797
0.02509307861328125
0.020607829093933105
0.023764371871948242
0.021589279174804688
0.0212935209274292
0.020131349563598633
0.02607250213623047
0.019362211227416992
0.016898393630981445
0.027762889862060547
0.01877307891845703
0.019833803176879883
0.02420520782470703
0.02178645133972168
0.02603459358215332
0.016062498092651367
0.02173447608947754
0.02272653579711914
0.021470069885253906
0.021219968795776367
0.023173093795776367
0.02064967155456543
0.022663593292236328
0.02421855926513672
0.02531743049621582
0.02768707275390625
0.02764582633972168
0.024361610412597656
0.02022528648376465
0.02278757095336914
0.02366316318511963
0.028915882110595703
0.017631053924560547
0.015753746032714844
0.018808603286743164
0.01751422882080078
0.01947498321533203
0.021547555923461914
0.019382953643798828
0.021648406982421875
0.020761489868164062
0.023581266403198242
0.026803970336914062
0.019687414169311523
0.019713401794433594
0.024197816848754883
0.019347429275512695
0.028918981552124023
0.02470242977142334
0.02131962776184082
0.02163863182067871
0.025458574295043945
0.02031540870666504
0.028422236442565918
0.024779081344604492
0.024669170379638672
0.02253246307373047
0.019713640213012695
0.020861387252807617
0.02494192123413086
0.022586584091186523
0.021007537841796875
0.0166165828704834
0.018053889274597168
0.017514944076538086
0.025724172592163086
0.019016027450561523
0.02597665786743164
0.02140974998474121
0.02331066131591797
0.01988363265991211
0.023113727569580078
0.02216815948486328
0.01975107192993164
0.019170761108398438
0.019304752349853516
0.022135496139526367
0.02169513702392578
0.018830537796020508
0.02333831787109375
0.018476247787475586
0.03263592720031738
0.02019953727722168
0.02080249786376953
0.024049043655395508
0.021538734436035156
0.02530670166015625
0.0234375
0.022132158279418945
0.023151874542236328
0.027283191680908203
0.025511503219604492
0.01939868927001953
0.024664878845214844
0.02221965789794922
0.022218942642211914
0.021795988082885742
0.020751237869262695
0.022773027420043945
0.01784229278564453
0.01997518539428711
0.021839380264282227
0.022478103637695312
0.018747329711914062
0.01821279525756836
0.024020671844482422
0.030082106590270996
0.024269819259643555
0.020890235900878906
0.021244525909423828
0.016750097274780273
0.01681309938430786
0.019522905349731445
0.0234220027923584
0.02215123176574707
0.02613544464111328
0.022591114044189453
0.028208255767822266
0.025099515914916992
0.01909780502319336
0.023812055587768555
0.01693129539489746
0.0222780704498291
0.023229360580444336
0.020630717277526855
0.02428412437438965
0.022014379501342773
0.027103900909423828
0.01930856704711914
0.023339271545410156
0.026201486587524414
0.017985105514526367
0.023259878158569336
0.02018570899963379
0.019051313400268555
0.01907968521118164
0.02005314826965332
0.020177125930786133
0.024782896041870117
0.023032426834106445
0.019617319107055664
0.02115154266357422
0.02177262306213379
0.01920604705810547
0.021294355392456055
0.021802902221679688
0.026287734508514404
0.021516084671020508
0.027783989906311035
0.018445968627929688
0.020808935165405273
0.03131365776062012
0.025631189346313477
0.018129348754882812
0.02269768714904785
0.022747278213500977
0.01743340492248535
0.03023242950439453
0.02415013313293457
0.018195390701293945
0.019253253936767578
0.0250396728515625
0.022420644760131836
0.021497607231140137
0.01714801788330078
0.01627206802368164
0.020491361618041992
0.02583909034729004
0.022661685943603516
0.022585153579711914
0.02008819580078125
0.023233652114868164
0.027484476566314697
0.025586843490600586
0.017037153244018555
0.025845050811767578
0.023594379425048828
0.02030634880065918
0.022577762603759766
0.015909194946289062
0.019143104553222656
0.01915907859802246
0.028395891189575195
0.020363926887512207
